# command_history: dirgen -cart 0257 dir0257.txt -force  (version=3.0_RC3-1000-g3151ed7a-dirty)
0.309148021851754 -0.95068046718721 0.0251823329708739
-0.155696187117574 -0.929588637322681 -0.334101276078993
0.856675939361291 0.290693679182939 0.426149644846194
0.0182717439146276 -0.856781399487455 0.51535597102065
-0.976095939701369 -0.21479102991504 0.0331893050023449
-0.406616955806772 -0.818167358401072 -0.406527766453222
0.289046457282764 0.432984112747449 0.853801442749184
0.0767297314527684 -0.856436922447069 -0.510517723669393
-0.0876892548708513 -0.870229288024714 -0.484779930323229
0.37896292174919 0.496200745491592 -0.78113502297164
0.810285501521945 0.538956440018369 0.230137701791899
0.6181906983642 -0.198148011985395 -0.760642902946066
0.920048255705049 -0.388544298145571 -0.0504433895833939
0.41523166512632 -0.770504112758411 -0.483638373683063
0.201082282311014 0.311004613598339 0.928892914205476
0.54580978937306 0.246457714758686 -0.800843473258328
0.525441705108083 -0.0985483139172726 -0.845103096880596
0.906493231755003 0.140996739989085 0.397982336410577
0.249638406738761 0.857181506559257 0.450467013990741
0.234536716752963 -0.646308821305806 -0.726138716773207
0.840602928417539 -0.0571022255665964 -0.538633504872468
0.655153351763921 -0.476729061178251 0.586091706050003
0.778103803616662 -0.355797090698937 -0.517651331542241
0.343402974209921 0.640074217704129 -0.687298620058434
-0.0319552373792295 -0.580605533285421 -0.813557666992568
0.635141551417316 -0.672719748922978 0.37953043234003
0.855502075140576 0.0981334987711772 -0.508415200253784
0.694318614134297 0.657452693315119 0.292707393345856
0.302738251214935 0.941400140715632 -0.148712226504451
-0.058165853005036 -0.976965295174214 -0.205318156940289
-0.922258286486711 -0.267882841732663 -0.278708514602314
-0.140115716683341 0.119901449231635 -0.982848527704278
0.12815884523801 -0.784213741110347 0.607111290161017
0.751519776225499 0.100549547236195 0.652002925217803
-0.675940516811861 -0.680146165770239 0.283735106957454
-0.421492315217685 0.904310773204218 0.067574060698057
-0.923285937452802 -0.138043545728892 0.358450913214762
-0.751154783585725 -0.347967822332342 0.560967811659074
-0.084280559619519 0.117451459473178 0.989495801879847
0.668565934225491 -0.707399161250861 0.229360018867226
0.995398604063875 0.0575857334944206 -0.0765865675272
-0.351334331055293 -0.273745557220431 -0.895336561145587
-0.148950865362618 -0.180999353892205 0.972138299625281
-0.804616476786412 0.210860969138868 0.555094565797251
0.970622389324192 0.0301259608371081 -0.23871448181088
0.156257348366404 -0.278837000044408 0.947540800434332
0.753922824199034 0.532130665449262 0.385275654616637
0.0480219914268013 -0.452743273120813 -0.890346795907784
-0.888600292063452 0.406786592127211 0.21192968034298
0.860647065300366 -0.279117537442189 0.425887343416162
0.99611911699486 -0.0747963201238677 0.0463919740182367
0.0643750200656668 -0.680737981781366 -0.729692851103653
0.24220434513901 0.866075880498297 -0.437320962697747
0.123587667234646 -0.968149665934751 0.217743686149401
0.583579756959133 0.782069272697572 -0.218637416673839
-0.580136539907395 -0.594215980276617 0.557089726927517
0.96173062582713 0.243939756363845 0.124770183182142
0.4672921011176 0.847669839278611 0.25118506287292
-0.766247157130141 -0.197505237559938 0.611438447700477
0.689227169520298 -0.625719871704053 -0.365295155935174
-0.392269473878521 0.894037316125474 0.216383773047398
-0.157960343364807 0.762291777360622 0.627662151234608
-0.521402147511065 0.561334245171561 -0.642684732795578
0.075116749967253 -0.92556072287113 0.371072529504178
0.659781736109597 0.75029994965252 0.0416898818375974
0.775941198236353 -0.615499414862672 0.138114905724331
-0.0311372701527106 -0.756586266915704 0.653152119434666
0.293761977925686 -0.501419093546715 -0.813807589637735
0.414380949997188 -0.000931527759378262 -0.91010304940455
0.485586471161949 -0.810097256466231 -0.328554735303528
0.00397808967386011 -0.230185405420751 0.973138661206013
0.451012444194116 -0.340470180238896 0.825025958106861
0.554548934588217 0.754369602647706 0.351286182119672
-0.422841472621658 -0.63916972458911 -0.642391743564493
-0.192490270085562 -0.940361322823591 0.280478303010864
-0.262629868652529 -0.000125227615009365 -0.964896645454631
0.271576272017683 0.678901025886359 0.682158138210948
0.580302456705826 -0.250985198453528 0.774761569063945
-0.283032601390723 0.941626232789718 -0.182298064367794
0.904910669194363 -0.328074183322398 0.271116231560471
0.0144077142167781 0.784499001531253 0.619962687883323
0.250248630487333 -0.933753522810019 -0.255890565631275
-0.0618675677592784 -0.189150431441926 -0.979997203233195
-0.757676167083531 0.580259450296822 -0.298706873330425
-0.849541380309805 -0.251044329580034 0.463957096860284
0.419264896235215 -0.680675353655111 0.600747875328215
-0.227809434174591 -0.156931792265987 -0.960976209006882
-0.930991167629819 -0.336949136361939 0.140430499893044
0.689217585883009 0.715347585001659 -0.115138837678225
0.66166977264743 0.143523876987123 -0.73593070916988
-0.81378266151639 -0.199874310921456 -0.545717912156981
0.932173690481215 -0.0118874353938882 0.361816113038636
-0.843532673693506 -0.416039525180188 -0.339652383915275
-0.485737145675044 -0.552718324656234 0.677171971437586
-0.479942858440328 0.656555395960023 0.581884752049669
-0.768281683163127 0.381763617511803 -0.5138091042988
0.578271112963997 -0.372232167473246 -0.725979154941483
-0.187967312877954 0.859988525123834 -0.474434427444693
-0.129432437366445 -0.464593393561523 -0.876013825699326
0.363023964907297 0.541945438389953 0.757963549724726
0.953911782874381 -0.123069010100012 -0.273690206705361
0.508680672008712 0.488536682098454 0.708925866483231
0.369082472706628 0.91904424166623 0.138332245701806
0.0362086381834952 0.96750734024254 -0.250236849999559
-0.622428925687168 0.734919676333031 0.269212373056052
0.542354304772395 0.0772579367433758 -0.836590114276405
0.769585001275276 -0.63797540900391 -0.0269500151841643
-0.448198970838128 -0.876494924023222 0.17571092937313
0.840150438894237 -0.5285895354413 -0.121409814462307
-0.715258581160764 0.535741447902955 -0.448760808309656
-0.108453750572922 -0.491898309725478 0.863871423810213
0.418381448059904 -0.0390498235951746 0.907431581551184
0.238669053943323 -0.230561123132103 -0.943333796272487
0.384406587686389 0.115808460143358 0.915871156824218
0.0723661743710409 0.63197971103969 -0.771598847615191
0.545956687825294 0.71868308844671 -0.430611092982441
0.340793166872602 0.888005074198421 -0.308718327299821
-0.914157206045699 0.273383300452687 0.299296130393156
-0.562721869104821 0.0966601620233943 -0.8209755849651
-0.635418901550061 -0.166633832685254 -0.753973464624278
0.495953499151993 0.220063334359206 0.840001342587976
0.159137584957262 0.0177050413337907 -0.987097644899095
-0.241298667022221 0.698232484623573 -0.673978004618616
-0.305140417300739 0.778507091955072 -0.548466984881668
0.536813442348553 -0.827324015782189 -0.165427630775301
-0.558788928863965 0.81162448575961 -0.170354416128585
0.480317324651484 -0.741220504268708 0.468921562408132
0.782999036778341 -0.0588818667740757 0.619229710341316
-0.686550503947892 -0.508823674548693 -0.519371614306809
-0.390615382995774 -0.798509692946024 0.458041365859363
0.556600247788248 -0.83077938837815 0.00133116794152803
-0.0833018140043959 0.674002563162866 -0.734017269983114
-0.0946366845726641 0.276966320048822 0.956207903905687
0.917152142766403 -0.0230484268822856 -0.397870226376953
0.872520490050435 -0.11593362813647 0.474623417362927
-0.972339991297231 0.233376036443532 -0.0095166663284429
-0.186392909537901 -0.705884034891044 0.683363309345721
0.491250972410572 -0.277721527565809 -0.825556318631371
-0.690926596054385 0.157096200428224 -0.705649504127734
0.533687471618675 -0.523261072594527 -0.664360995652582
-0.963634461298154 -0.112157792256281 -0.242547427598839
-0.392769376417127 0.176080109281815 0.902622851507874
-0.107574520744021 -0.691068786227191 -0.714738872028919
0.441076897220661 -0.441503129235968 -0.781361732882436
0.00439614695685566 -0.996050610772273 0.0886783777034533
0.413229558790386 0.910431233577928 -0.0188759282599782
0.306237850211952 -0.313107905954876 0.898989331597497
0.561410456166293 0.581735906798925 0.588558947300937
-0.992817579560377 -0.0845445273435684 -0.0846491382834286
-0.859942450672722 0.50844118124118 -0.0445706938364936
-0.139534136740103 -0.821332734017685 0.553120931366034
-0.674398690631015 0.735265799184609 -0.0676062913092462
-0.627104797682457 -0.454222744772368 0.63278848824477
-0.780588168668178 -0.624747045671145 0.019319416669124
-0.313726680049965 -0.901732252962436 -0.297413036351999
0.578981075741695 -0.401493650598536 0.709636359315143
0.249065732205095 -0.823276603353586 -0.510080283300308
-0.199548154087893 0.576448638957413 -0.792393526503253
-0.767357279542555 -0.376097989583491 -0.519339106715743
0.140807899471333 -0.556836595619606 -0.818600110692174
0.71138916528338 0.272469929750525 0.647831454082896
-0.662202025179301 0.742594104086201 0.100212147092285
0.448474195059392 -0.48027447469423 0.753795280777886
0.528371624840755 -0.784180136742125 0.325399660728532
-0.584572943366106 0.624724307777989 -0.517681381890058
0.977538985253435 -0.0467179700806746 0.205511468247456
-0.52035242037154 -0.848613890020362 -0.0953300806565702
0.559796168363561 -0.707140339856856 -0.431949985105459
-0.626892396677761 -0.64193365532037 -0.441505498442139
-0.988477181936662 0.0996103305417015 0.11397650126201
0.955525046781248 -0.255997232739892 -0.146414827811981
-0.899225514000411 -0.398011003594189 -0.181605935995063
-0.664314646083393 0.447408676841788 0.598758320932392
0.231489717289952 -0.966898295686185 -0.107332178717145
-0.73903697891834 0.500233104179446 0.451210799155172
0.61748361503368 -0.586591666473236 -0.524045992245996
0.760957841032025 0.0407012203517097 -0.647523416436627
-0.82197768924544 -0.398869125282725 0.406517034426505
0.408827172084385 -0.873464468898618 0.264424213976593
-0.0138703285326276 -0.0635016501711626 0.997885341315292
-0.424923229624103 -0.177484364810984 0.887659590819287
0.134056943882355 0.338543558549273 -0.9313522398973
-0.614741881776826 -0.763359889567592 -0.198429074958386
-0.931046682444836 0.170098967315577 -0.322828772612727
0.842192618597366 -0.380620636696597 -0.381889413444243
0.205545323049002 0.577196207520368 0.790313645457793
0.0628167045300251 -0.995113205152829 -0.0761824819919295
0.853301879648963 -0.478171898351221 0.207912332041024
-0.158819587854191 0.985692039015283 -0.0564583274258048
-0.69420622774283 0.313435080269561 -0.647947655153936
-0.410240063694594 -0.342143033096906 0.845364557479852
0.26129945023297 0.425033132974542 -0.866642621373882
-0.272972266016419 0.0796997620815927 0.958714811562854
0.100293781066757 0.993937746392728 0.0450434653981928
-0.535727184967276 -0.0629076472607957 -0.842044542291647
-0.74483040577838 -0.653096506532846 -0.136720955901448
-0.85298416652981 -0.516424432163927 -0.0756559152585644
-0.0981194903638452 0.967756098842307 0.231992885158702
0.259215058400369 0.965732613376734 0.0129642955472407
0.448011894865204 0.689256850549874 -0.569394710222494
-0.0476596230830141 -0.339793627738158 -0.939291675080817
-0.524713225188852 -0.404984581883584 0.748774678891115
0.293543391279429 -0.158292325616567 0.942749074296586
-0.96424628650563 0.205867906967691 -0.166875713753811
0.441199505050586 -0.193442081923986 0.876312248963822
-0.388820636975013 0.588983916216552 0.708460626076396
0.642200314954357 0.420888205728513 0.640649571724791
-0.214686607836557 -0.96107814452509 -0.173892094506459
0.241734433764075 -0.911577999394766 0.332550769886642
0.905351238624936 0.294011866197852 -0.306424798694804
-0.742470565309052 0.639357846946956 0.19989748171753
0.439303899926275 0.385585424823025 0.811379050551352
-0.821960350468357 0.436015932415234 -0.366430469445446
0.43817034863582 -0.89264864558802 0.105759827468831
-0.165418963726779 0.906273474153378 0.388979377969483
0.884318919239808 -0.190740319669905 -0.426143379071833
0.66206402349643 0.618476145293592 -0.423271173710777
0.229890748612064 0.574215102899517 -0.785765397115884
-0.35036779044219 0.598128051930273 -0.720753248285954
-0.733849181174407 0.120292403666283 0.668576934174251
-0.578770033077863 -0.324111129180165 -0.748316259847805
0.0465461537271245 -0.539633941725142 0.84061207730522
-0.862594285736341 -0.443297870000505 0.243758275076
0.792695169765742 -0.217678663057405 0.569429861773689
-0.326590249141028 0.718432667848565 0.614160655638241
0.925391829093352 -0.362347912144815 0.111148338770999
0.296082319706775 0.100162459825453 -0.94989617411524
-0.655626826901524 -0.303488524065584 0.691410283122498
0.099205703553158 0.0425990723589152 0.99415468988316
0.0881792813289702 0.910013121733846 -0.405093239411035
-0.292189020400651 -0.762069650770863 0.577819542531475
-0.197362967712702 0.39664596664191 0.896504230956185
0.363139925207068 -0.835689419310486 0.412010423621913
0.00474018487771115 -0.931223538341765 -0.364417689314841
-0.339814247323072 -0.761161624203363 -0.552412218507477
-0.179760689202149 -0.786074900280901 -0.591415544068585
-0.166712223871793 0.431454510017186 -0.886596887089928
-0.868436502400918 -0.488363465630335 0.0855521287589597
-0.715825685306052 -0.488973800059562 0.498495948941848
-0.0171734916451611 0.38884475397103 -0.921143218231521
0.559376734390952 0.826648958296625 -0.0612304562225301
-0.666916874503599 -0.00102081575286123 -0.745131424942976
0.855256059423948 0.0420433977046377 0.516497265750818
-0.697835374962408 0.29115075264396 0.6544134997736
0.801808695278354 -0.519884661107893 -0.294657013018112
0.963168726092862 0.184271692545198 -0.195831428537868
-0.489389522723475 -0.711657659064851 -0.504025070153089
-0.150686887782538 -0.981375639010081 0.119144101859758
0.928157283935391 0.371617248327962 0.0206076932923782
0.285284330736923 0.266647378574051 -0.920604163653181
0.772107578694031 0.539195020769416 -0.336331111407657
0.482781311362638 0.812054684493134 -0.32785575302521
0.335578126602405 -0.862980594217532 -0.377692752048509
-0.346696060804134 0.341096250785196 0.873759228347935
-0.784359862870352 -0.592525835455131 0.183555822125594
-0.311340917678081 0.461129955398161 -0.830918766916394
-0.647145986416373 0.0220332525608877 0.762047641585989
