# command_history: dirgen -cart 0029 dir0029.txt -force  (version=3.0_RC3-1000-g3151ed7a-dirty)
-0.147893936360079 -0.427645783745952 -0.891765926256566
0.922986066869922 -0.0940201848006466 0.373171442120165
0.948747068424941 -0.268809380150026 -0.166194215598618
0.985469012859802 0.169670473952104 -0.00792180295104155
-0.582977370851811 -0.105633395711773 0.805592310530029
0.250982423776575 -0.0300533524426056 0.967524996556779
-0.100209302885125 -0.987711680115243 -0.119932199926462
-0.542240809132148 -0.812306276205314 -0.214786914287556
0.137881679847839 0.732900765034366 -0.666217014924101
-0.073776033355067 0.947637641271404 -0.310708863323792
-0.453615602589096 0.731651734627973 -0.508840470386946
0.657159645263161 -0.324736271978986 0.680211404122856
-0.236079190792703 0.171311170893565 0.956514034607825
-0.117781250902025 -0.808401710684271 -0.576727189491443
0.711490412740901 -0.308868002707082 -0.631175054546296
-0.704063208700354 0.64292813823025 0.301559956271297
0.581316811184993 0.547591650697856 -0.601842295887975
-0.793983316390495 -0.588432254863245 0.152767714946935
0.332512488747527 -0.583621722378185 -0.740824628367096
-0.645503589054905 -0.139111811749991 -0.750981371505892
-0.189637556034172 -0.320736404947937 0.927990170143229
-0.41528644157555 -0.871013628208722 0.262435574795409
0.877024823364909 0.156753262224385 -0.454154020111859
-0.297383033316201 0.879181049821068 0.372295599129482
0.239434788018451 -0.48627436751672 0.840361958790837
0.475100836785575 -0.878073883744019 0.0571441123156403
0.514050227530124 0.573481850469159 0.63786435137786
-0.813382361047249 0.540887002813568 -0.21412702987843
-0.838616507657552 -0.417403159684112 -0.349995650501504
