# command_history: dirgen -cart 0056 dir0056.txt -force  (version=3.0_RC3-1000-g3151ed7a-dirty)
0.130439877910626 0.989900254940548 0.0555240805353731
-0.962309910515683 -0.140474494704138 0.232865953846662
-0.38210581730852 0.285009018378322 0.879070534042641
-0.358469605726999 0.849904360837514 -0.386215120365979
0.261924506680465 -0.823046081402905 -0.503974900850746
0.33124378218274 0.752747169763594 0.568901797481932
0.635000542004094 0.257484569075558 -0.728337839427886
-0.555746940134053 0.616467286009605 0.557775424173197
0.842405287084962 0.0239145746608538 -0.538313501047572
-0.603468700299246 0.449549789758005 -0.658582200099329
-0.624519987501021 -0.446908959476395 -0.640505399783211
0.904900941184146 -0.424219687156575 0.0345245372572007
0.533539959234371 -0.803712397945127 -0.263403669848161
0.835703884505497 -0.404211322757693 0.371769046555653
0.712873048118814 -0.343501318471823 -0.611407279539515
0.648467032669835 0.699680144983736 -0.299896986073412
0.942967215759521 -0.087714991915016 0.321121332514807
-0.0156133464762271 -0.706482694740506 -0.70755807213543
0.912004950350479 -0.242077585949724 -0.331127487407756
-0.314262958537201 -0.759036465868631 0.570177548113834
0.398903030184654 0.885992472267789 0.23641850941564
0.0667068942241838 0.912560287516461 0.403464883119756
0.207911580128382 -0.961183893064145 -0.181378881247444
-0.208007524680471 -0.927961830222323 0.309224370525255
0.0308640585736389 0.6208015577009 -0.783359965689145
-0.970692917524391 -0.20418534954481 -0.126742269583792
0.335998775688316 -0.667274355258972 0.664717802943231
-0.992768519812558 0.118648542769906 0.0182534754980975
-0.719551927225953 0.692903565358983 -0.0461483817508913
-0.618021963510163 0.0825282258785567 0.78181707870344
-0.259289596868753 0.422141670205795 -0.86865719085926
0.290680967732854 0.212333297799768 0.932962563902414
-0.449596732017018 0.891027044647885 -0.0627182929110196
-0.323897345888671 -0.50803072553982 -0.798119847663093
0.83884509213189 0.194037706937934 0.508614077363683
0.637127671786167 -0.670380413408335 0.380339888997733
-0.0974159819238979 0.0977715725007708 0.990429627018765
-0.0740233235981461 -0.297930971119211 0.951713026080577
-0.115236007168963 0.977028182292302 -0.179266822525406
-0.576201532089691 -0.567945007097087 0.587733156569359
-0.501966150052533 0.168293241094292 -0.84835568554906
-0.364966761669313 -0.108545291110645 0.924671391714008
-0.783776275162508 0.551420582939505 0.285709802427289
-0.191949604410566 0.0912766515015527 -0.977150920921273
0.840737200430557 0.458826120214234 0.287470957178883
0.616019834670317 0.677311163860196 0.402205358744885
-0.597260706989786 -0.15035553109548 -0.787827939435418
-0.81788379890192 -0.379918656627895 0.432120244653985
-0.77004215632626 0.136438078145712 -0.623233285626103
0.302055960560143 -0.57165376903837 -0.762872312405107
0.342388873752803 0.464258260298998 -0.816844004002254
-0.876633911917833 -0.470873276297815 0.0989512109284132
0.0123726230791858 -0.414708404801882 -0.909870241949268
0.45303654987402 0.884510513381724 -0.111350959562299
0.699580033945513 0.711802551926052 0.0626490476891387
0.0408738385181866 -0.842936615246074 0.536458005814324
