# command_history: dirgen -cart 0012 dir0012.txt -force  (version=3.0_RC3-1000-g3151ed7a-dirty)
0.384081280048435 -0.64685185684153 0.65883552243107
0.522761297625494 0.339642713528221 0.781897341632581
-0.268513384474218 -0.938370306738107 0.217627502376037
0.84844902235726 -0.483251986588548 -0.215874440171205
-0.0268388239012943 -0.816065954462393 -0.577335288631294
-0.439634161258195 -0.50586235816333 0.74217590829145
-0.0672384245689879 0.0966631739443275 -0.99304341549828
-0.920996157490996 -0.200957808405337 0.333739474931788
0.392926149300751 -0.919557874061097 -0.00472836630550492
0.891400441986665 -0.160934792576286 0.423680592621855
0.749875380707021 0.633465756980112 0.190808930983628
0.480480338036937 -0.330148890197145 -0.812490218440508
