# command_history: dirgen -cart 0108 dir0108.txt -force  (version=3.0_RC3-1000-g3151ed7a-dirty)
-0.103410007110657 -0.94837962295888 -0.299804037974386
-0.521220591198833 -0.796281703125941 -0.307025315857161
-0.497666259328803 0.608144159067 0.618456931498361
0.543477080009937 0.836495417709945 0.0700576880444847
0.745088046063705 0.297486774265263 -0.596946750347314
-0.311138003435556 0.492164546721365 -0.812998894075933
0.116838186190195 0.991535258425909 0.056627462825475
0.59557120325364 0.643666259288037 0.480612825993186
0.788908977209739 0.0336756059216372 -0.6135866517809
0.778899640271661 0.490295186027662 0.391057516156866
0.13943179694862 0.738562226578349 -0.659609438585676
-0.715663294348618 -0.638086218204996 0.284028215603538
-0.687733750870663 0.70975845623364 -0.152529412633133
-0.206461046030066 -0.0772520019079605 0.975400412483706
-0.159629833820619 -0.325431624442469 0.931993870133885
0.64523742950776 0.447388549915322 0.619283573952099
-0.31455684013463 0.77677966251386 0.545588993867519
-0.197993687836891 0.413471526266315 0.888729315677024
0.412676179276494 0.635767959895199 -0.652301672716276
-0.694374168089727 0.241613496978476 -0.677840270836376
0.400714794120011 0.247485792218254 -0.882144226543178
-0.792527120244381 -0.0187412592729886 -0.609548627164406
-0.333126703862413 0.684756109631097 -0.648178732678456
-0.0554591095850172 0.762410392403656 0.64471286687869
-0.344573616269795 0.883801595778994 0.316486590978607
0.636445185871021 0.549281994503385 -0.541504215954026
0.997791256080372 -0.0664088418177052 0.00157321898787585
-0.522875588675322 0.851105129791104 -0.0471293625111134
-0.241257560167647 0.631164594717564 0.737174364744847
-0.9498577739954 0.307608397231883 -0.0561006518049172
-0.342181626202739 -0.939097076732701 0.0317555532363294
0.225195798991155 -0.176046821168755 -0.958276770496453
-0.238293489902672 -0.49003127217913 -0.838501976715922
0.118996094512622 -0.974742509633501 -0.18898933674715
-0.0320057101705728 0.165976092156413 -0.98561025326899
0.811041626948791 0.268699959186021 0.519626607565171
0.84510933988297 -0.523710419574847 0.107320082329954
-0.807600857695133 -0.435577771276547 0.397558624381162
0.00028548733882581 -0.0990954945850107 -0.995077887127401
0.414064423995592 -0.460166724570066 -0.785364398467142
-0.979072815249421 -0.0622517295964467 0.193755373091492
-0.617161348799829 -0.156243776345387 0.771167784532594
0.531688561887145 0.736721409035056 -0.417790424289238
0.557182856210235 0.403793645378979 -0.725601789342447
-0.725946627951128 -0.687293182932882 0.0250913144409577
0.620673834291499 -0.34713804502815 -0.703035681256594
-0.91368737275625 -0.0611712185577487 -0.401787838150859
0.137544920486586 0.849958664723419 0.508578079659281
-0.428343867527876 -0.607837605560944 -0.668621699032569
0.462783312477831 0.15758000855821 0.872353223525219
-0.955835622486163 0.146789717883897 -0.254619405211102
-0.789709431379149 0.22075828363292 0.572385179925431
-0.095953293373592 0.814491030130196 -0.572186444551261
-0.326614160615336 -0.916478165538068 -0.231064844096882
0.96171563937494 0.273968946600009 0.00663666185160402
0.856717838979389 0.500870659531937 -0.123138648662908
-0.870628225153185 0.380112649344048 -0.312283312674989
0.31461752938728 -0.835533734989028 0.450443323735105
0.658803968346652 0.219395961915286 0.719612912047839
-0.733128181384363 0.6747980823498 0.0846794999813352
-0.117051263341065 0.89326653439756 0.434020621947429
-0.221051476780522 -0.0113084916028008 -0.975196576404378
0.337285169447017 0.478404706306513 -0.810782123295079
0.255727997757304 -0.266297438284252 0.929348624320435
-0.542868150608352 0.668248699509186 -0.508662802511988
0.316850858489914 0.80196765810079 -0.506412291354128
0.697030536159324 -0.490002504784493 -0.52349400852958
-0.0265022712259433 -0.342850103651519 -0.939016206487412
-0.329662426609392 0.941500525507744 0.0699960352494948
0.551948948860671 0.814923159614888 -0.176784054074139
-0.926742910532495 -0.296471305274408 0.230764691681049
-0.108232990520922 0.646637883665975 -0.755079510496005
0.912549967114374 -0.0857451170297062 -0.39987539612374
0.55371822567457 -0.810441186901599 -0.191262147664751
-0.734799973822915 0.601313323227765 0.313833213313419
-0.442952669137223 0.234274480798552 0.865394939060068
0.495404138814813 -0.303984812915181 0.813737041532506
-0.854337938924389 0.359371495928874 0.375444821549414
-0.981324568326507 -0.099910694219686 -0.164377446078636
0.00112943822096531 -0.573901593612694 -0.818923491675575
-0.108788407379131 0.991593603198298 -0.0700514704779939
-0.322874258443983 0.926232521235819 -0.194539275827236
0.713368344563788 0.664284260009628 0.223230882446361
0.639122190463161 -0.0988017524374538 -0.762732613287815
-0.364011069221626 -0.790831108544827 -0.492018393194695
0.625614051568894 -0.0309724079126042 0.779517651132833
-0.11698716748184 -0.973985325625079 0.194078819327573
-0.103438404686476 -0.893945734532468 0.436075131310104
0.956548375511084 -0.217738613941548 -0.193920347838798
-0.90943119400988 -0.304681652756771 -0.2830264896351
-0.0726299645764407 0.427459867993078 -0.901112062676428
0.543756649010519 -0.728251530395106 -0.417107198612104
-0.536559290148621 0.499753426504636 -0.679963705540291
0.250735828020569 0.256460183305312 0.933466506590272
0.120661192344412 0.564904403924928 -0.816286647623398
0.724821516961027 -0.590281966164565 0.35524775716563
0.43776599031249 0.00668340578888152 -0.899064107732472
0.463690100024724 0.39311372842992 0.794010760417634
0.424817525728782 -0.0873196909957457 0.901057901246131
0.8633041590343 0.489134464412669 0.1243117239757
-0.196027642165211 -0.692321230699557 -0.694452645635251
0.339943890817451 0.898030881981877 -0.279246640271186
0.887044332186843 0.165191893273173 -0.431119462715408
-0.728506096361464 0.430501293681611 -0.532867247729338
-0.514748639227676 0.800131599418778 -0.307933859821886
0.875654829174611 -0.461204141032222 -0.14324580425937
0.853029268982628 -0.193512095361947 0.484658782245397
0.112362016065138 -0.938018136540167 0.327866974347051
