# command_history: dirgen -cart 0246 dir0246.txt -force  (version=3.0_RC3-1000-g3151ed7a-dirty)
0.164019248574886 0.976086532872184 0.14266312222326
0.153261392861016 0.211141902294134 -0.965365237904243
-0.690533847815185 0.701414164400922 -0.176581921496258
-0.97034161290543 0.130666494715139 -0.203379992681056
0.602276514192195 0.631651227306438 0.48813904524712
-0.65201162397719 0.482803219572557 -0.58462115371324
-0.85712706518535 -0.115008611625637 -0.502101795832969
-0.864668232842695 -0.473087586265708 0.168928928351474
0.0562239470471946 -0.555041559635232 -0.829920318377688
0.722384529023295 -0.645667787770745 -0.247535250142328
0.32037418914039 0.697073428890761 0.641442915361231
0.160027408646185 0.709038436086846 0.686771959702423
-0.478163087480081 0.291379853222945 0.828527514876417
0.129482973712371 0.978897651620133 -0.158093476055121
0.0501260197971698 0.639722049734492 -0.76697006540203
-0.67452792880074 -0.495202265724484 -0.547527889051436
-0.149745867800551 0.956431146274564 0.250630480015069
0.966233620227506 -0.249163265344957 -0.0656525577924083
-0.192639276312683 -0.981185788210643 0.012828025381385
0.778825798347696 0.111789092837942 -0.617198164733617
-0.997695416515516 -0.0430598259031621 0.0524376511403869
0.308316621885738 -0.164124632556257 0.937018658115857
-0.0905570449069378 0.991224171959285 0.0963019342555091
-0.702415005678601 0.388386703007375 0.596463686006609
0.581852589178571 -0.504085808842192 -0.638235898230511
-0.640369845615872 -0.0816866223391895 -0.763710518820266
-0.013045265907838 0.899997953881744 -0.43569886853889
0.836286236272448 0.435303289758947 0.333371229931891
-0.774784008281684 -0.582268205264609 -0.246319868563012
-0.927385470536308 -0.0261153758590094 0.373194555402263
0.418030500436459 -0.0281448672792093 0.907996898205429
-0.958646867638282 0.261425081452161 -0.112486043378906
-0.90967730523524 -0.334612068704867 0.246012121280643
0.730929833041302 -0.603407789072629 0.318811259614049
-0.248927604623945 -0.931684111260074 0.264574686018355
0.865695484946885 0.172042312360008 -0.470077408625854
0.0261204811310242 0.104250201073788 -0.994208034589119
0.776751680671817 0.280632006870826 -0.563828434271598
0.503054884347553 -0.333826706168811 0.797179724768858
-0.409592136964105 -0.850526755165554 -0.329906835462273
0.914727149590151 -0.303574489956666 0.266677278466366
-0.946476796105591 0.126131108458784 0.297107081559249
0.212565084083555 0.159784278695346 0.963994330538494
0.846742206857807 -0.334690238015559 0.413533650024589
0.4054485902335 0.411582334074578 -0.816217754619066
-0.211938612916339 -0.803297670707372 -0.556592199542186
-0.752572159311118 -0.43306873823801 0.496071177343272
-0.99261979163602 -0.030445103492144 -0.117384176641563
0.0675008690977687 -0.396022497719599 -0.915756416287091
-0.92301374946709 0.384558508205388 -0.0126638091248592
-0.514056848918412 0.725273329394962 -0.457956497659352
-0.610222749426302 0.202716682945026 -0.765855170732933
-0.800959225275583 0.574682051636005 -0.167943022996997
-0.882151470468441 0.283823739437701 0.375836225079446
-0.883614679519523 0.134395306498616 0.448511983929921
-0.119702263916057 0.690845922101325 -0.713024038815902
-0.642255030757798 0.612842248691385 -0.460361655315891
0.52344080176196 0.486345140585614 -0.699627137323558
-0.549624791149578 0.641017812009966 0.535731979295374
0.449673484000986 0.0744022306147673 -0.890088796618608
-0.784818147158417 -0.251990567673017 -0.566181269289846
-0.841467000314449 0.197301099978402 -0.502996583814558
0.056031102739062 0.171209740171543 0.983640046153184
0.969627736331264 0.193896702686723 -0.149084276918548
-0.192663148203402 -0.0433846368412359 0.980305403744419
-0.0526691782810204 0.417211537159 -0.907281924718346
-0.311296575232572 -0.151158626067406 0.938214001181972
-0.140503228582947 -0.938531725552044 -0.31530468263264
-0.573913580195435 0.00823783092268393 0.818874435190736
-0.278379431555014 -0.318400191216783 0.906160146067031
-0.507408936341258 -0.112389596907357 -0.854344631766382
-0.610288389842009 0.723314773393455 -0.323053896145554
0.794645288472902 -0.102070671891804 -0.598431653112847
-0.0157066462989163 0.264330343741157 -0.964304293591874
0.684637407020224 0.708456922272822 0.171348796880352
-0.751069379520705 0.482705996066812 -0.450432801322829
0.0805072505429922 -0.244228209772479 -0.966370096889043
0.15898760609498 -0.986154986828537 0.0471304897215744
-0.178004636955835 0.633479178505955 0.753006294543174
-0.469867917691755 0.45909483754801 0.753960257613609
-0.804973658060287 0.260401657931047 0.533111982960243
-0.625699025296785 -0.541098998522567 0.561883087074641
0.274326269470409 0.305054238929649 0.911968754502862
-0.201030143923733 0.895316416107813 0.397486347289898
-0.485889700282578 0.873094441813375 -0.0402156043582291
0.594457572517611 -0.180512046323918 -0.783604234041918
0.350482415810379 -0.395853506378269 -0.848800375645387
0.349399265838675 -0.22028199582958 -0.910711806964603
0.100865734311322 0.0130790930352247 0.994814073567123
-0.569211316142965 -0.672217610430329 0.473415210784499
-0.327396360497728 0.553380916111303 0.765885882371947
0.203809747421258 -0.481764624152872 -0.85227016477812
-0.677119878734959 -0.248837183752422 0.692523447837052
-0.628290107314106 0.777038143337445 -0.038252645005615
-0.556057832499461 0.82379124817227 0.110307145510959
-0.896660383104359 0.420562242492618 0.138302413430582
-0.754613411663847 0.655849193876717 -0.0205044831271083
-0.370119856193755 -0.785353551869211 -0.496216777847676
-0.918451271283697 0.167821540828174 -0.358166431580933
0.269043544087351 0.585554202364137 0.764684148834417
-0.251951918329182 0.807449662081769 0.533427852717012
-0.0816652932672621 0.856587755779523 0.509497984808746
-0.416342721915566 -0.881649963152797 0.222153281273561
-0.559648025218487 -0.175155155501921 0.810009110671075
-0.106489113451662 -0.317502396782288 -0.942259145221622
0.915083695210307 0.309935593566269 0.257995656166872
0.856192984925287 -0.429343368921613 -0.287398406620091
-0.408412983567499 0.735535596204265 0.540542525218812
-0.70680723439008 -0.572407770257768 0.415659569795255
0.18570068653619 -0.879975580485356 0.437216459856498
0.830069356972361 -0.464888426360308 0.307999372810609
-0.690165373910674 0.71537240421132 0.109151637402539
0.116459242332392 0.367606010779273 -0.92266086170072
0.820171722819009 0.462976550254722 -0.336111676385
-0.0397602332632416 -0.794889399495675 -0.605450217953762
0.699632326386821 -0.0644454657262978 0.711590746020411
0.939287032126883 0.330328643518517 0.0928593482073224
0.755999339411488 -0.347190035233972 0.554909072050211
0.468315286022277 0.670202403730309 0.575768643564401
-0.266757709965909 -0.807176091019942 0.526599546391288
-0.639621066533 -0.696847471229537 0.324481884067797
-0.937942588128819 -0.338168793156138 0.0768476981407632
-0.925729133417828 -0.143764230189137 -0.349796251637437
0.38138745878653 -0.455888151380981 0.804182566156954
-0.778149113546364 -0.393621110060368 -0.489434754386988
0.381364817861117 0.436343108987546 0.814963537182394
-0.887617494184134 0.431447211417794 -0.161209453128804
0.133378732276282 -0.757858752135641 -0.638639354869226
0.797430566942355 0.597479405452348 0.0843969843436514
-0.0398313741052772 0.986726654718585 -0.157429255555493
-0.793452266634848 0.406646216312514 0.452849152953539
-0.70012583191172 -0.713982247976187 -0.00729171206178679
-0.699195394654853 0.0640069390017481 0.71205962661358
-0.56628492845703 -0.255001955211114 -0.783769980696457
-0.562449579453392 0.0543648807850698 -0.825042380917446
0.336044377931958 -0.0336375009075549 -0.941245289280652
0.0738584545072617 0.461784658823416 0.883911679735674
0.334279405766188 0.686376996826381 -0.645866779690829
-0.764241434744078 -0.592832158620059 0.253939089401758
0.581410830694542 0.810590540109585 -0.0700315802758581
-0.296745539708609 0.693279485571562 0.656738638690215
-0.641392726282589 0.656393376008317 0.397194041501371
0.329320868094183 0.941721471404682 0.0686180452439034
-0.811991037935428 0.564035427807457 0.150115257354491
-0.427841899428522 -0.253571433809682 0.867555667982808
0.530652582035992 -0.470377049198918 0.705090964887123
0.48438376248157 0.622742216389816 -0.61446277557725
0.443897922600394 -0.606571493068554 -0.659564748988027
0.357268891063818 -0.815502043370336 0.455318961538871
0.260790058129369 0.875333208964981 0.407161293425527
0.24730144581082 -0.566958960367729 0.785747753518025
-0.300584147404716 0.897781094174421 -0.321928994146161
0.0608260517384433 0.951961947143999 -0.300114382560582
0.328752463690785 -0.943432637650464 0.0430891614345001
0.594805870306508 -0.35016439015542 -0.723595796364242
0.315346709696016 0.942275823057649 -0.11257320269463
0.599158605322276 -0.757456544018733 -0.2593618121302
-0.217828724019498 0.436940445468624 -0.872716273542391
-0.0290747060044797 0.930241613738665 0.365793933164066
-0.853946396857826 -0.322036440379628 0.408739626609843
0.974705613683515 0.0420846370793233 -0.219494532906277
-0.930605877459008 -0.186309157160734 0.315058087972372
-0.814318347641764 0.05706276991004 -0.577606673251081
0.85499758469819 0.0166803392024456 -0.518363671995206
-0.65966391782003 -0.400100164696959 0.636210164753594
0.34768536494863 -0.315979323611673 0.882763815553429
-0.417318681593033 -0.564696457221411 -0.712013363073363
0.408499141652888 -0.583494138370244 0.701899595210326
0.0841460591182054 0.510972535658662 -0.855468590035562
-0.110400675922164 -0.594613202451127 -0.796396151564499
0.0923587467694166 0.878793700591224 0.468178912058591
0.419564667598322 0.749162442317134 -0.51256328850644
0.238414942592362 -0.786767788322963 0.569345907516753
-0.652634481098224 -0.680568633393763 -0.333008362240648
-0.36400396909292 -0.138659748475015 -0.921018232521727
-0.263610901101262 0.00443273998566789 -0.964618911092251
-0.662128680645483 -0.372362174156671 -0.650332239339239
-0.512200235373503 -0.750615682084349 -0.417405099025366
0.50873156578918 -0.75874902526364 -0.406807215559368
0.45236658769627 0.891145407770279 -0.0349904636433428
-0.642035057794627 0.34398105983757 -0.685177360276646
-0.705524586141079 0.234158587937899 0.668883258906507
-0.866537995148945 -0.276416657894339 -0.415578794215695
0.361778839751379 -0.839065556887823 -0.406306611258877
-0.0329916521519829 -0.999455555910843 0.000377686681740235
-0.180886075727207 -0.731745827999525 0.657136417202167
-0.311300236750222 0.914037913588803 0.260051639336274
-0.183499604019393 0.294349871730411 -0.937915800238495
0.444937243390284 0.881399470727234 0.158637392962712
0.554252411072891 -0.81126516490124 0.186153423384184
0.966765500093676 0.172776946609242 0.188447856313122
-0.175389810061861 -0.896195169398225 0.407520101189809
0.984452995548061 -0.105372544929018 -0.140530873233005
-0.73855956561669 0.206659481205733 -0.641733298858539
0.574165955427555 0.813828541549943 0.0895352477332576
-0.899325527600966 0.0270424336996311 -0.436442782257704
-0.676045294725407 -0.0904362157300304 0.731289306884812
-0.689201204687788 -0.220632679717119 -0.690161517398461
-0.427473697356832 -0.283057325600584 -0.858571364821775
-0.40362218065514 0.709126780422181 -0.578124852061613
-0.88101977001217 -0.473073706742269 -0.00233084466064909
-0.55241810703615 -0.803480328746527 0.221931512715004
0.687181097087691 0.708285398813384 -0.161598061972054
-0.0197450499423714 -0.751715268622789 0.659192147952433
-0.068970782983264 0.0614420765161291 0.995724812550165
0.0865122423368369 -0.559685765946868 0.824176847116151
-0.085451624500556 0.819662418489685 -0.566437586664106
0.491845485616711 0.788216802431336 -0.369867936760382
-0.765277173759193 -0.0826305766553809 -0.638375308987386
0.848324595916874 -0.529432486238212 0.00682806547259393
-0.409858071722636 0.905502597317053 0.109915455218428
-0.144218405411048 0.142885371567531 -0.979175582892416
0.344430527959851 0.857641322629462 -0.381862505527429
-0.935285935743229 0.275768639899446 0.221792415670424
-0.981700247810881 -0.189302446814812 -0.0207173134836396
-0.870348145290658 -0.461790048046073 -0.171008939867823
-0.273804147775824 0.681180601521625 -0.678987685286996
-0.253995672425498 0.961386866200153 0.105931543399349
0.0121688477205653 -0.68731218974076 -0.726260196471564
-0.553593098701138 -0.792351225064578 -0.256347844167128
0.401440106337365 -0.89661988075424 0.18686527355316
0.215186197966886 0.608185679275519 -0.764071383922165
0.23098469186879 -0.954868597264295 0.186740552855555
-0.795857802628702 -0.599614844165295 0.0840975424827852
-0.02032926745458 -0.978149956222108 -0.206904287117131
0.536077481087107 -0.604206702929482 0.589538119553255
0.213586408442914 -0.141029655097815 -0.96669099639515
0.463541074649854 -0.187822088911598 0.865940260658518
0.249155941042653 0.470127602214124 -0.846700274406208
-0.733689651747103 -0.54825771341917 -0.401388807262483
0.229628991766252 0.453538987190637 0.861146278653346
0.4641014267586 -0.823203830867794 0.327024950921515
0.681633426322644 -0.530352577140649 -0.504085326150171
0.373846948808374 0.555737794687586 -0.742559063255205
0.114433481394462 -0.946454968830242 0.301874096789522
-0.99335342552193 0.110628917509879 -0.0317838734964848
0.293786375135035 0.925805385946248 0.237852797204355
-0.52627649283198 -0.408501561057702 -0.745761039278596
-0.959140649733749 -0.0055596396627445 -0.282875068599449
-0.466772203888101 0.114830897128121 0.876890856801572
0.221211611167923 -0.320777509953592 -0.920959940601362
-0.46186952532763 0.847303916015142 0.262207199517928
0.55353210930013 0.533020521304474 0.639915094244585
-0.0990480501445647 -0.836181662302281 0.539434621981157
0.765183813042047 -0.538410505093816 -0.35299838563803
-0.549389671198658 -0.337286018976828 0.764466566033462
