# command_history: dirgen -cart 0112 dir0112.txt -force  (version=3.0_RC3-1000-g3151ed7a-dirty)
0.269713260969378 -0.0412141664644824 0.962058287911861
-0.869325812797294 0.00810823703546548 -0.494172932986521
0.588111028068251 -0.186575816710789 -0.786965617599147
-0.976729976380258 0.159350051924239 0.143548299160816
-0.907840971436005 0.219238727657415 -0.357434121031119
0.236963585003345 -0.482159209007812 -0.843427979469097
-0.221094693136945 -0.500679615698461 0.836921178541159
-0.249242673954055 -0.0746039946326804 0.965563220853549
-0.820643690893649 0.566698086709915 0.0734657138791294
0.0176656272776089 -0.0787583834516085 0.996737198387307
0.669589441194916 0.650182639585499 -0.359043890662288
0.460917329812873 -0.883285330909013 -0.085803492231539
0.852220807087084 0.464758406580791 -0.240248453648144
-0.728167836923239 0.616472029466756 0.299556068467442
-0.58627264499372 -0.200610070461632 -0.784882147434535
-0.884333963580678 0.421932192626107 -0.199816580101389
-0.253432810379285 0.462885977863571 -0.849416495083857
-0.368344603633877 -0.1905327019331 -0.909955791490924
0.219079341682943 0.96542827312502 0.141253288452375
-0.792515811140023 0.452423123122305 -0.408940101674231
-0.600934878825122 -0.799029099873565 -0.0207308698967602
0.893105827170679 0.449837115898561 0.00292414668600349
0.32172789353164 -0.213360357458856 -0.922479550119526
0.628837503530745 -0.414363440102343 -0.657925781270025
-0.4453173707935 0.376661011032276 0.812292387036656
-0.0647047130646206 0.343957059043804 0.936753351550536
0.879688907401499 -0.401173048895661 -0.255357809816965
-0.64351463306594 -0.715547824750901 -0.271809174834594
0.866665029095829 0.00740585652458827 -0.498835524628573
-0.0511638011050096 0.954561166531437 0.29359026687993
0.142501103749451 -0.275906987538641 0.950562343908878
-0.243133996470553 -0.593006347397199 -0.767612748530722
-0.601566677239798 0.618895945995511 0.505059739897163
0.965319452272443 0.0238241447930632 0.259982240142109
-0.998784508968237 -0.0491734568097715 -0.00338759360844747
-0.205949540967454 0.912363055778894 -0.353805654314759
0.066064360925142 0.87487651931471 0.479819316167377
0.127899145160814 -0.676125611241188 0.725600417923573
-0.257199706836132 -0.897565331562595 -0.358084887115243
0.713850623487959 -0.0156214032243016 0.700123745567279
0.205490855179147 -0.685525558012432 -0.69844700425264
-0.0417309837342481 0.835009946370042 -0.5486500838054
-0.84239610462974 -0.469338926564312 -0.264744735388827
0.539283847854482 0.813258539269983 -0.218594326888228
-0.000973322193103102 -0.997355542107296 -0.0726703190564722
0.650757243386393 0.596604091899159 0.469657926271156
-0.463423933548738 -0.769742647249748 -0.439015392462685
0.113089899742125 0.294329494782879 -0.94898936931726
-0.00175329543307522 -0.557126567642099 -0.830425742364998
-0.0147544605676905 0.499403024299032 -0.866244148733102
0.932282096980895 -0.361142580207601 -0.0206428779461812
0.454502002939643 -0.817387656188345 0.353984955661644
-0.343482812618823 -0.668442252528276 0.659700320198791
-0.309427009680696 -0.904319902222567 0.294041561899384
0.390384780542651 -0.241295489846489 0.888468462974578
0.977141356133208 -0.172935945574347 0.123644364458971
-0.778924473765156 -0.405088990457501 -0.478727034937235
0.530913407427224 -0.654368323213468 0.538454316900524
-0.449324809365947 -0.772110271580056 0.449391749155265
-0.187315679028475 -0.388411470136722 -0.902246843306382
0.290321664086946 -0.789970051418459 0.540056153768943
-0.109414850902382 -0.693231160950652 0.712361528922654
-0.358525445828403 -0.273240822459665 0.89263596030807
-0.639614396171079 -0.3752710856247 0.670868866847139
0.898487634647769 0.222814663277922 0.378250705502849
0.771584141199227 0.627409538727972 0.104953245604908
0.168957745535315 -0.844075071952125 -0.508911144633951
0.779748175633753 0.208312593680994 -0.590422430053035
-0.770320894385418 0.207134177906762 0.603076406449581
-0.660058084977132 0.454627840393371 -0.598027466924038
-0.0328774625972148 -0.736430337364443 -0.675714015440305
0.763348547522497 0.446720157243721 -0.466626291701869
-0.269588388154062 -0.762277944830922 -0.5884338839639
0.65952813353138 -0.746870244219497 -0.08489687497266
-0.154995262597923 -0.980660322382613 0.119506488010609
0.307268596337261 -0.900884399276358 -0.306583282070966
-0.566333473992809 -0.189003047416235 0.802212094338282
0.786652999825589 -0.236302544365364 0.570384226107154
-0.902086051350353 0.198633957569899 0.383125706340945
0.394871605104223 -0.763372895574113 -0.5112125172423
-0.129221770713135 -0.162595425913045 -0.978194490602926
-0.429780849628262 0.58841649455348 0.68487549980285
-0.701876490086504 -0.010466187881249 0.712221771343087
-0.236633287184411 0.968108377426531 0.0822852170980318
0.360803963668613 -0.62134474724225 0.695522253328736
-0.444376176187143 -0.462616551325472 0.767147795719326
-0.962910067873067 -0.0416674301675521 0.2665858706907
-0.356036046832921 0.923324267137697 -0.143911886479963
0.566518907590124 0.591856164117347 -0.573378241947837
0.53622803903332 -0.785813261710984 -0.308150949817822
-0.489112092861524 0.430615754688301 -0.758511326501355
-0.743296585322804 -0.655569902069041 0.133185170903702
0.386687163516233 0.92109270420176 -0.0454011876282908
0.419300022123227 0.411588446203813 0.809186284114475
0.959292568030532 0.252562288267751 -0.12637270063722
-0.107528256295849 0.983261959704882 -0.147083624837331
-0.460911981889427 0.00910513456788595 0.887399144396287
-0.616971594726304 0.227534770678654 -0.753375058940163
0.666027314758962 -0.65754780594028 0.352190997752768
-0.208120326689162 -0.830893838877359 0.516043949808969
-0.769345877247723 -0.198250691718654 -0.60729200916446
-0.578694780306318 0.803035272600157 -0.142290906969543
-0.955313746720469 -0.259097570666146 -0.142281742334707
0.619936661169053 0.414099508544307 0.666483408016982
-0.464959690448222 -0.608229453508374 -0.643326836175204
-0.775321067839082 0.42360329898834 0.468441551157731
0.763846176585609 -0.628765775109358 0.145576847632703
0.507784696353353 -0.0206408324932908 0.861236702761394
-0.893543038109744 -0.250164124466129 0.372825361095115
0.053324967460605 0.937584163698472 -0.343645724296349
-0.116483850993415 0.120878483455196 0.985809263851439
-0.451283446629527 -0.869482148512944 -0.200858268974641
