# command_history: dirgen -cart 0114 dir0114.txt -force  (version=3.0_RC3-1000-g3151ed7a-dirty)
0.104396534176165 0.1326211354556 0.985653589291122
-0.619246786457532 0.595141891440797 0.512190927793815
0.604841054453853 0.793873785341282 0.0627033635067113
-0.712536765387242 -0.0952979499976337 0.695132835289584
-0.404954904445519 -0.913695102356556 0.0342459529749516
-0.447732830550298 0.547424725646322 0.707008827525136
-0.161257190195504 -0.363346059316398 -0.917592371257246
-0.839128039858178 0.0422488663800983 -0.542290665615192
-0.0347192618533191 0.52409741386259 0.850950335588926
0.740706375743444 -0.6603062490123 0.123893996821148
-0.774111555289737 -0.545737542113857 -0.320814331186172
0.948570908626871 -0.316166417182108 -0.0158753882794162
0.865229177827174 -0.466948461437758 0.18258588170344
-0.0967491882745145 0.987298493028001 -0.126020951563068
0.649959726072037 -0.478017415945728 0.590805978758621
-0.192164632704126 0.814192903131214 0.547871034485721
0.57136756659988 -0.75256318270356 -0.327395418228203
0.842847730808407 0.50802109012236 -0.177545134154693
-0.369799555400363 -0.673601198882081 0.639929459933137
-0.678395324219068 0.0257077879210442 -0.734247161191592
0.0863834448936581 -0.310983697586794 -0.946481399861376
0.555134068292009 -0.823705434729129 0.115479535066871
0.44288736824093 0.865757872477274 0.233053824890832
0.31330693710646 0.907842740807183 -0.278676014620332
-0.638456012982857 0.397263878985966 0.659208108217017
-0.462442247819213 -0.770726685723938 0.438323560107038
-0.0861419674021237 -0.947746398635162 -0.307174747214305
-0.535911744728836 -0.818653601476901 0.206409502326311
-0.244636384616042 -0.960403871577625 -0.133332077088377
0.338115879966054 -0.933336573540251 0.120666864577335
0.894399607138329 -0.375539201248132 -0.2429396037634
-0.486252633152715 -0.4687590414823 0.737443786183493
-0.397960235234069 -0.39141490434792 -0.829712012584338
-0.276443707522196 0.436247804898996 0.856309949312858
0.470031288503767 -0.0354891601331274 0.8819359995717
0.67273849702657 -0.732739305731774 -0.102547669179512
0.122823117326665 -0.316049415269128 0.940758868657746
0.633735942566001 0.719505832513193 0.284060050129335
-0.859108601343423 0.281740264577246 -0.427264361272611
0.47880182315685 -0.455965879664617 0.750229252111212
-0.754321890344608 0.58627638518697 0.295429324744577
0.471990186610028 -0.874545641185076 -0.111333666193181
-0.365113509753566 0.867068793912646 0.338945174944714
-0.973484088722089 -0.158038668391332 -0.165385937425219
-0.471588029860011 -0.742210361182749 -0.47616017246902
0.945168388290144 -0.0375555937030305 0.324416853999025
-0.00619734459836345 -0.537057983756401 0.843522563422839
-0.891614780094036 -0.178241734667374 -0.416236672988613
-0.116192577498062 0.700381143967679 -0.704248207742755
-0.946545795790367 -0.0646067807523937 0.316033258301075
-0.00181352572892513 0.11626087538341 -0.993217055823909
-0.609609608140642 -0.391963752022429 -0.68901418183018
0.558812189531595 0.187153011247732 0.807900171563177
-0.847656909898427 -0.00309468995285231 0.530535753739129
0.331983015464401 -0.185673324562275 -0.924831170532847
-0.355551827440935 -0.317496862375975 0.879078290247702
-0.521229650580816 0.672780583698677 -0.5250580325578
0.996041328759602 -0.0627130983849418 0.0629979261068733
0.253924933084821 0.739323902050583 0.623636349337151
0.224621326138941 0.837533559864171 -0.498079106111501
0.211478281911135 0.567629676038198 0.795659152627986
-0.0448784000579664 -0.851079298708621 -0.523115624425308
0.782026969467527 0.376490080688345 0.496678002501339
0.236768157868074 -0.497734501338788 0.834386724245291
0.358104821266844 -0.275806263053501 0.892015606503554
0.0653030140680798 0.943808065175778 -0.32397816664519
0.159547969650191 0.982190844921005 -0.0992249441111682
0.760654441047824 -0.197945481615047 -0.618241382974651
-0.255603920967196 -0.118464063342519 0.95949617054086
0.685207563127731 0.353817127469517 -0.636634931292476
-0.144416055304465 0.932150799209982 0.332022424698227
0.986915167056874 0.138660583217995 -0.0822903134928255
0.35248495737075 -0.64238730567642 0.680509297756563
0.0274252191872357 -0.848954330440187 0.527754111475588
-0.242628627488571 0.0713827701409144 -0.96748945691931
-0.899060593699444 0.188801107052457 0.395024291446197
0.432127384883109 -0.836837894249532 0.336107515509687
-0.134776047493813 0.081999527821994 0.987477338706522
-0.809098683216951 -0.580815788060671 -0.0895116816737256
0.127115116430868 0.71428010513157 -0.68821920823819
0.0119555404404015 0.707583591650886 0.706528503231972
0.672900601032672 0.657341158522754 -0.339274788986498
-0.281010486594739 -0.866797775411591 -0.411940193432622
0.11973932707499 0.337561276958434 -0.933656723774761
0.278327299886205 -0.805002181695593 0.523932630787003
0.944946432709928 -0.247154977989832 0.214454321858122
-0.977640252917122 0.124482422184422 0.169480566565155
0.768110703671453 -0.50477493386849 0.393964735786602
0.839339813130315 -0.539658463938163 -0.065401990751586
-0.595675510163663 -0.580781774522654 0.554854230382699
-0.630993170455886 -0.573942073044971 -0.521956047600629
0.838749832071628 0.236225010247252 -0.490608258933236
0.918154204597685 0.30039305324409 -0.25837350897932
-0.897886695596506 -0.366387881837477 -0.244047950029156
-0.71900108245168 -0.687576129795098 0.101373118573457
0.782365602410328 0.459364553062976 -0.420580873975953
-0.929495358321973 -0.368824976930653 -0.00255249877788397
0.249285388882466 0.532581565402567 -0.808834761297429
-0.638490293153315 0.695531134523231 -0.32949444070852
-0.787228490900242 0.405593925012475 0.464504974255284
-0.0112846001599488 0.995607792355338 0.0929396664538861
-0.227552026431052 0.648877949066709 0.72606988815272
-0.249768134564552 0.962410424994567 0.106686704035329
0.572637138400033 -0.241126302147166 0.783546306313708
-0.189628453656007 0.922734023381759 -0.335563662600321
0.33775855332773 0.172147494458257 0.925356363681422
-0.456721897428897 -0.0192983161201811 0.889400181810119
0.438732912606819 0.585044548561754 0.682082331975921
-0.489079515170321 0.31113561956231 0.814859407554666
0.751008107384556 0.181025575993835 0.634993357035148
-0.553516344812529 -0.220236823381548 0.803190760437508
0.415576904444319 -0.729421095396005 -0.543360563607417
-0.739540337123611 0.258446354923008 -0.62151876190032
0.614676268534379 -0.110069098221441 -0.781062019635682
