# command_history: dirgen -cart 0067 dir0067.txt -force  (version=3.0_RC3-1000-g3151ed7a-dirty)
0.0502582951878672 -0.510388085016427 0.858474289910929
-0.000355216163551872 0.996761822646202 0.0804098422862387
-0.165742568017491 -0.688214055691332 0.706322033279337
-0.115334668391089 0.971224269431719 -0.208377860469729
-0.723138111378333 0.670197167275852 0.167053969864836
-0.86790338493569 -0.0926416298012384 -0.488017666529545
-0.607031143257591 0.0794023544961962 0.790701243970086
0.560854155356527 0.333066891476501 0.757963760493532
0.840232856864292 -0.537515006656722 0.0713187483379691
-0.125474926056496 0.774563993245108 0.619924723897433
-0.400548307061287 -0.82302569632294 -0.40272789436849
0.449392159702856 -0.704299337452171 0.549553573423043
0.0735415315981237 -0.288272660894894 -0.954720124492398
0.098079040574567 0.925430440882792 0.366004099550065
-0.256561179168005 0.238886263136058 -0.936541357671306
0.423433979499747 -0.703174278862262 -0.571182631521254
-0.18140906450321 -0.761692082284254 -0.622025661127858
0.403726967728576 0.0506395496759718 0.913476968257714
0.67741676609835 -0.658990612621388 0.326860669836156
-0.211545183130507 0.914183440741825 0.345712701773768
0.597465173185904 0.688950259873895 -0.410344862584668
-0.260201890466997 0.536813324638653 0.802574875440165
0.321155860786018 0.94108675801233 0.105899135863494
-0.940582343322473 -0.25254784818098 -0.22698995530455
-0.682727248505546 0.561354527663232 0.467722779453852
-0.367917796510528 0.243181083835912 0.897496214741449
-0.324811465816364 0.94518812438488 0.033420370973666
-0.0580074725213775 -0.556205602671903 -0.829017768620231
-0.6117800758479 -0.624348981412752 -0.485709263041582
-0.864622341935678 0.379436723399535 -0.329326553380515
0.46972766496776 0.572203750036882 -0.672263928236274
0.394927193547214 0.575201368029919 0.716362965272097
-0.367713970482237 0.871622172218765 -0.324131493083949
-0.747955731024843 -0.65782110539792 0.0885077268951794
-0.495136853724009 0.821282744266323 0.283432796363912
-0.696082882517897 -0.366288057956639 0.617496298988042
-0.551729949289132 0.23307759384017 -0.800792668739598
0.673681865644826 0.0567312531003638 0.736840762188798
0.964135480440672 -0.086379054928932 0.250961021326058
0.367084881645105 -0.499093554555348 0.784954975440571
0.0594898024247128 0.235115876144232 -0.97014508615588
0.500242486275982 0.852077089193804 -0.15401976819694
-0.919889574570222 -0.388110115944526 0.0563356769600152
0.260685646259897 0.327362368865878 0.908227324674049
0.0828774432123355 0.0410609065432473 0.995713478547134
0.797609898722844 0.0726841761062089 -0.598778306222843
-0.166583338001141 0.737179109642194 -0.654841165327547
-0.786364164939176 0.251691920887469 0.564165380947367
-0.28482857252914 -0.415075159318581 0.864051674604978
0.652884674718366 -0.470027428569608 0.59398301146593
-0.996731187155421 -0.0682202067661115 0.0432775223474494
0.520712908046384 0.217435151949634 -0.825578598372388
-0.808432840332262 -0.543086863793705 -0.226920693298405
-0.603593032663475 -0.78021166126184 -0.164149975787843
0.557389431936304 -0.417675582284845 -0.717540332754013
0.579306728745962 -0.811234787101239 0.0793840930316607
0.804003110367806 0.479521780188853 -0.35162175820533
-0.797830457044114 0.196935841670661 -0.569809473489383
-0.324550314936798 -0.823480554673151 0.465345967157367
0.966978509846994 -0.254692102015387 -0.00919209796892519
0.769621194651182 0.373912024085195 0.517564503215009
-0.204565177274723 -0.958621719678595 0.197983551859781
-0.874122921545092 0.404320071514077 0.269136392560213
0.940838755795906 -0.104273150479959 -0.322412074341819
0.919209867365461 0.20141766778297 -0.338355054407114
-0.284904514371601 -0.0385133535967615 0.95778188502676
0.00637553961669554 0.88266393055156 -0.469961422031498
