# command_history: dirgen -cart 0064 dir0064.txt -force  (version=3.0_RC3-1000-g3151ed7a-dirty)
-0.218045678665664 -0.914647168277241 -0.340406579809577
-0.555806159543163 -0.157912376256265 -0.816175958013332
-0.692794738567959 -0.720246941111992 -0.0357742090251212
0.423435645656118 -0.38612202373765 0.819519393774503
-0.743859994381627 0.497357568568888 0.446438974268388
0.460772405913496 -0.660349937583942 0.592981239063743
-0.320064129506657 0.0835767519389006 -0.943702219738032
-0.500190236404951 -0.706600358287526 0.500525385043656
-0.0930283850029779 0.323932959699273 -0.941495171099782
0.536836626381532 -0.735531047056244 -0.413280189933707
0.894386591314066 0.447101526107245 -0.0131472670231422
-0.00858834916722284 -0.0162270075899019 0.999831448036748
-0.720470842271061 0.676293949748888 0.153454419846017
-0.684105730644474 0.416606699916715 -0.598697091093564
-0.573576288775931 0.813848294454832 -0.0930655390947189
0.198406452130357 -0.59219074989597 0.780989753768059
0.408224554668326 0.533123632513186 -0.741034348341419
-0.842797934039675 0.173852318508029 0.509379047201431
-0.0471997771418507 0.94975170366446 -0.309425083702365
0.24342748178288 0.227851623989739 0.942776059601687
0.15250384644956 -0.595742260978719 -0.788564350767934
0.780132990163842 0.556334537991675 0.286154502840009
-0.697134637560579 -0.437218527531809 0.568192974522034
0.0949316798508516 -0.957121759585547 -0.273689447163315
0.610590981526638 -0.140044543323655 0.779465316203105
-0.0554354032413795 -0.798289715233199 -0.599716972096307
0.904028348566769 -0.370787107993107 -0.212719687696621
0.762776941041934 0.58010319987878 -0.285747468414174
0.909505877093654 0.280704279024124 0.306600990327248
-0.242744997947675 0.968144660522211 -0.0614066956749588
0.065261458139374 -0.302546845381045 -0.950897654025658
-0.906367448905019 -0.284961495507875 0.311921454285086
-0.955340310383779 0.023941777494854 -0.294536385946137
-0.539856607731742 -0.252210585079176 0.803084468697033
-0.989958172827491 -0.141342061709263 -0.00228858992188455
0.644685859199677 0.522965106747334 0.55757299080275
0.87120088389694 -0.346443612212518 0.347830193419623
-0.772271556691622 -0.231164320459788 -0.591742933774003
-0.540615900983404 -0.813404758124805 0.21472574848823
0.131212741144681 -0.808933783164973 0.573070110035155
-0.843837957114681 0.529109086853224 -0.0893368700026437
-0.964533650949222 0.0333651444945543 0.261842707210686
0.395032815116671 0.916520285706053 0.0627665585347237
-0.0860689230251853 -0.996229350527113 -0.0109188661321233
-0.442189886680997 0.587656259616734 0.677590012212633
-0.228791169429401 -0.297028984053633 0.927053603317087
-0.362186840630534 -0.715635412734365 -0.597232491174574
-0.1087351602935 -0.589426341021087 0.800470644949857
0.382273681977609 -0.856039014034664 0.347942579340101
0.679733776376556 -0.645913001571772 0.34750307574669
0.325788528039835 -0.0089022852122087 -0.945400753287006
0.151362855577266 0.546587500939124 0.823608760133486
-0.24280707820058 0.819273226702399 0.519457508160519
0.194858575492506 0.800360026512438 -0.566969102789598
0.820629732722339 -0.0843515841926163 0.565200541415397
-0.804433460016862 -0.13437087858159 0.578646070922902
0.444847040691633 0.44306409963292 0.778334962599244
-0.365134471288637 0.316831865719721 0.875382423139355
-0.615955577117665 0.0443954519411034 0.78652893835166
-0.977095485179707 0.208803433757559 -0.0410553150333167
0.409237743782095 -0.893464678797379 -0.185054956176905
0.260240689242359 0.926109308520758 -0.273123291452534
-0.634175768422956 0.335726283589232 0.696497636214593
0.530345604556326 0.780130947346883 0.331857265581815
