# command_history: dirgen -cart 0217 dir0217.txt -force  (version=3.0_RC3-1000-g3151ed7a-dirty)
-0.428000895283208 -0.351913830511855 -0.83244933150988
-0.919689400253328 0.314932938700975 0.234496590983411
-0.019214373948786 0.956900184147934 0.289780685021286
0.432841766434234 -0.901372431350742 0.0132568937139709
0.442954521486179 -0.777427447674648 -0.446539869997106
-0.709704866930405 -0.214231070375274 0.671136387287383
0.406587629739662 -0.442869463404156 0.799095199414187
-0.309909447623186 -0.621774826173029 -0.719271992928538
-0.0307082417668708 0.751780075748695 -0.658698505839261
0.691085710336386 -0.576566249579669 0.435857661185953
-0.976746296815739 -0.206199835507865 0.0587222231635587
-0.107295090114779 0.530593059071404 -0.840808402254944
-0.38635656719703 -0.189576435733859 -0.902656843987887
-0.650165700468664 0.719162369039038 0.24513271689485
0.902194299376046 -0.0161103029635005 -0.431028890344708
-0.281539994661749 -0.0209390342703164 -0.959321003757183
0.158425341120937 -0.667961695757506 0.72713725271882
0.920026173942004 0.346105307217154 -0.183746987942001
0.0695871065323826 -0.341020074719971 -0.937476902778109
0.179915915331608 -0.799497308357157 0.573091892579236
0.961578236319724 0.110723346471886 0.251212332464623
0.212282073953364 0.573760823438112 -0.791034031231071
-0.881284498431514 0.454354173033079 0.129999685660164
-0.321339262557612 0.821263929024888 -0.471451627658166
0.826604885618705 0.427355022635305 0.366185810347241
0.806059404331014 0.540140697386325 0.241901351208597
0.614032844299281 0.732117876358209 -0.294901816268536
-0.358459507812233 0.470529158847518 0.806293427936293
0.860057462893126 0.507402675043622 0.0533262213213673
-0.372853791836948 0.292024530658926 -0.880739305019507
-0.548577404777419 -0.814055490671636 -0.190726214965416
0.454293207524978 0.499884824585427 0.737382427066081
0.407229886545328 0.903483193910693 0.133723363049291
0.00725774589501047 0.774099511445631 0.633022330967999
0.256552206356723 -0.965160493113529 -0.0514411114416029
0.427533838088617 0.364617077933921 -0.82720565989852
-0.207861896666443 -0.973159262180672 0.0987647829248864
-0.531307326374734 0.296086495453293 -0.793753936778092
0.811309028897242 -0.584083553700979 -0.0249812314718464
0.283196796859568 -0.838607687671259 -0.465335062537893
-0.541018786509096 -0.458708262352292 0.704900987865648
0.793438979564829 0.165033491879372 0.585848557449128
-0.81408804447783 0.496099705879059 -0.301903523770383
-0.03926531387763 -0.0407519802600993 0.998397471566796
0.284175592950078 -0.565202871116953 0.77446106864879
-0.715156248945714 0.643949452768887 -0.2718099370379
-0.260207753675437 -0.424689562585826 0.867139377699942
0.682397414231748 0.380241371285138 -0.624299822691807
0.93212916793544 -0.0243138517752394 0.361308802682465
-0.457871524265458 0.813976048685598 -0.357486586367946
0.955299416595894 0.181154750252809 -0.233636429334956
0.173875876549356 0.948196865829796 -0.265875691225702
-0.90992599817192 -0.27226606454002 -0.312899133828658
-0.0422100392446289 0.870587635299939 -0.490199430691047
-0.293667426699873 0.948480877162597 -0.118926313960977
-0.0283609266173816 -0.98687823553213 0.158955987853219
-0.641562894244952 -0.757159751595702 0.122907132793727
-0.279677960917925 -0.924881378151092 -0.257632828898274
-0.993737654603634 -0.0348630578501399 0.106160449416001
-0.87748438762331 -0.32222430710469 0.355236041792281
-0.569136251280818 -0.680084041929258 0.462135936052566
-0.650840841486034 -0.757197595662342 -0.0552991878504504
-0.15471081096245 -0.827504896850761 -0.539722345895881
0.167502988292379 -0.703138312483727 -0.691042156768065
0.893200384702753 0.138942182860298 0.427654232516025
-0.624151267917329 0.266360162999086 0.734498099605637
-0.668187153993901 0.294627888343267 -0.683169330874797
0.673864514831467 -0.447493693326366 0.587925173881915
0.150489599414499 -0.962804018290815 0.224413241211661
-0.0990857903986277 -0.815238849981012 0.570585334216291
-0.363242717048639 0.300054110711857 0.882055700710584
-0.745462299793713 -0.626176208900106 0.228449808478271
-0.963711658773214 0.243133912191457 -0.110207710651557
-0.0693962516426398 0.990352809409814 0.119939456193699
-0.457012680941792 -0.189726783451795 0.868989733598408
-0.87316950427948 0.314108180218193 -0.372707751349958
0.224002478856926 0.180076421508348 0.957807586043617
-0.0154483134179912 0.648128190189018 0.761374545604755
-0.926167774438788 0.169622914469681 0.336810511234304
-0.330194114904042 -0.667327784754908 0.667566831243767
0.114578460742546 -0.992062750279204 0.0518003459672953
-0.296830874106469 -0.850981343413332 -0.43326918346408
-0.845847641781613 0.189681467140025 0.498560636147792
0.393583425101774 -0.906507796386626 -0.152760278133487
-0.330786680963525 0.136986076245041 -0.933710333354045
-0.709886694241793 -0.591549446989906 -0.382269712512508
0.306241187336805 0.746729013672432 0.590433836528989
0.194420902682791 -0.262191689128525 0.945228031086647
-0.422501068866032 -0.746172472104015 0.51450897823191
-0.994340112413928 0.106101609059913 -0.00549448810663771
0.261419784587439 0.338746995902628 0.903830829853243
0.614908512636781 -0.0778051218687032 -0.784750842049767
0.430125958713782 0.845125981324679 0.317417288959737
0.583099012036012 -0.704851801689773 0.403954799225492
0.142428395618084 0.918553300893576 0.368746505799274
0.309708489470436 0.865410323203541 -0.393885293001254
0.815528569845831 -0.040122946903134 -0.577324259750984
-0.994766610158483 -0.0756708362505248 -0.0686535931685039
0.571020990158175 -0.593933514706159 0.566725691060116
0.824541393265096 -0.547878356733249 0.141282684769678
0.71573672655405 -0.690884991926555 0.101974831170917
-0.342866815663715 0.614005294616578 0.710942926611858
0.139380145245325 -0.818289346618967 -0.557651970606485
0.775037283208221 -0.601178736864004 -0.194682654542773
0.59747737480287 0.495443930259871 0.630520498134139
0.48010842014896 -0.661060340078921 -0.576623908346516
-0.138335836725768 -0.575382851857375 -0.806100347392218
0.00941016349313603 -0.214141882770036 0.97675723845116
-0.300976302923339 -0.259324807978068 0.917694888863252
0.826179014658702 0.478829564806175 -0.296901471207378
0.692612556627774 -0.717794207965309 -0.0711289070139065
0.0700648382565464 0.997441406101008 0.0141971770196583
0.0251854256972618 0.626262892959443 -0.779205032860105
-0.0933352975240115 -0.0703535616710693 -0.993145960368515
-0.549825220987852 0.451810416456189 -0.702537951962273
0.145958211121132 -0.0990297230741688 0.984321753571551
0.317640695488136 -0.902423314873085 0.291095429959467
0.0642543662044024 -0.151941367752621 -0.986298736280815
0.343195023629549 -0.885646184243661 -0.312806668871616
0.317732515359171 -0.736423570507647 -0.597265747790968
0.975279863322092 -0.143694459376443 -0.167872244706959
-0.716171303234685 -0.0386328850863053 0.69685447879241
-0.521114701692074 -0.853486630647842 -0.00019744815824725
-0.506341172399523 0.814462973696977 0.283317280817382
-0.588443110518347 0.693915027627914 0.414989927727945
-0.00232717667009296 -0.882932593519957 -0.469494003741123
0.158259671938321 0.704722074612624 -0.691607311840798
0.577550506122697 0.352718187221244 0.736223670687636
-0.623853991586863 0.566231221642473 0.538691378080633
0.956133759313251 -0.28631830285129 -0.0618875088678403
-0.171458713093057 -0.151280289295357 0.973507156509487
-0.156493927637154 -0.707944253236937 -0.688712265696998
0.452151575056836 -0.718459638097405 0.528559080518506
-0.961931892026791 -0.241195006312517 -0.128499042921195
0.905539571411699 -0.422325231202035 0.0404905383721165
-0.729746308374862 -0.0235068274759392 -0.683313803808527
0.821643247987713 0.127583616532288 -0.555540092008438
-0.489198126999455 -0.610902115660936 0.622481965699583
0.577498641748776 0.293161639994232 -0.761939349039155
0.077443245148436 0.264610658201846 0.961240731215061
-0.961903686407811 -0.00734096996021925 0.273289970974252
0.903240718461867 0.156779410911735 -0.399470175140348
0.333734051471609 0.0756471277557116 -0.939627104201798
-0.804704599506849 -0.289857375864545 0.518105403551673
0.768257621618377 -0.134496636403331 0.625852124404372
-0.444758206487419 -0.75315930846584 -0.484707328016972
-0.722492934348405 -0.470104977787325 -0.506956871613562
-0.0416990887019223 0.503851457553909 0.862783225800218
0.201591556204649 -0.0377700870383601 -0.978741163429894
-0.435630237766074 0.59081280772515 -0.679092425352985
-0.857004272281871 -0.499933916551333 0.124939010610238
-0.265428604118572 -0.79164921843068 0.550308250959188
-0.899139663591622 -0.395500249229357 -0.187423099472452
0.468408205498949 0.810631236654366 -0.351384050835361
-0.457356306806979 0.870236252507619 -0.183068493863296
0.87326264480808 -0.15692431279576 0.461288535773843
-0.779493736599585 0.430198246766659 -0.455322943723365
-0.845979301504151 -0.00216208648066063 -0.533211352850442
-0.0778483511800459 -0.48295696382844 0.872176705323046
-0.63526172057332 0.423947267860972 0.64553176563779
0.310915405739319 -0.705718166325285 0.636626641126833
-0.153115824813555 0.911231653937529 0.382377322881392
0.940903803045497 -0.189439251525386 0.280736181131008
0.482347592194582 2.96885504645237e-05 -0.875979908115865
0.0574959001019222 -0.378125967971544 0.923966976583608
0.355002216606131 -0.11435098473984 -0.927845503569297
0.762479922563199 0.637755761837892 0.10905024498179
-0.00710322917450152 0.944643091281563 -0.328022825774835
-0.748456759722669 0.456007964058969 0.481528000785248
0.215246576226756 -0.410110194930351 -0.886272271616826
-0.672068887238804 -0.189367011619214 -0.715865591934691
-0.208378560321236 0.953271696924752 0.218749737007048
-0.344138141736861 -0.910844754190408 0.227883244591864
0.249575579812464 0.965394391220259 0.0756683511234231
-0.710519669124193 -0.33558547842212 -0.618501565446559
-0.192109163780869 0.567617377105757 0.800565164367646
-0.553766059982129 0.824840399470815 0.113936237487009
0.851719254087236 -0.332069236479446 -0.405344710587224
0.1806212448976 -0.900478831909194 0.395618299848597
-0.903587603004264 0.374368594279228 -0.208272896254896
0.499930529725523 -0.526181007587691 -0.687897530670346
-0.729603205735148 0.155957101556507 0.665850241912615
-0.497008070525862 0.19088215402708 0.846490981113291
-0.703473378549342 -0.592312943760341 0.392798399088301
-0.447585795445015 -0.0250699937388104 -0.893889507226586
-0.595806048087463 0.76846756742852 -0.233393982083714
-0.641257152744537 0.13593883303807 -0.75518865042201
-0.931658299560069 -0.363317121577133 0.00367178835817323
0.216683502112947 -0.228622322904785 -0.949094354309248
-0.384000982967941 -0.524176827615888 0.760119660626009
0.595950901441476 0.115701889573454 -0.794641803468849
-0.751059798623198 0.312014961497665 0.581855517026084
-0.459847364029113 -0.634881246475271 -0.62085924706771
-0.500561071080793 0.371699904033011 0.781842564369771
-0.238512248597244 0.418379642008426 -0.876396247380138
0.373922665955043 0.925941678079219 -0.0530457225505826
0.116363124736988 0.975299306062679 0.187752195180514
-0.982013587113931 0.0582490568222474 -0.179600562646527
0.58566051318478 -0.808400178979761 0.059083956550236
-0.764946519551894 -0.641169265094821 0.0613090182861417
-0.495402878973993 0.137406162739381 -0.85772695768847
0.765773427236595 0.445316747664967 -0.463987125238854
0.29170473560817 0.485993771218281 0.823843675438976
-0.785445067311531 0.285908041420918 -0.548937736074721
-0.83040050721122 0.468275539364033 0.301915579022799
-0.82325505176517 -0.3012487032489 -0.481144820749412
0.139076329669922 0.894990762191495 -0.423850575223662
-0.110143457355445 -0.42795233903762 -0.897064777100305
0.59351084970157 0.624105509359184 0.508170428571001
0.568599501967058 0.735402807556689 0.368615405267542
-0.500724652853907 -0.846727915188239 0.179796161430975
0.536012352535999 0.194297233354468 0.821546920777884
0.596968724989049 0.0277993652233165 0.801782724108053
-0.634609329364745 -0.535930667334164 0.556820724195846
-0.718206373892037 0.590201607734355 0.368567045093065
-0.675061390526703 -0.696546511476145 -0.243135921596474
0.125728138744989 0.323982222081028 -0.937671560250795
