# command_history: dirgen -cart 0291 dir0291.txt -force  (version=3.0_RC3-1000-g3151ed7a-dirty)
-0.689975995931907 -0.406234154029132 -0.599088421802666
0.451616458511714 0.745155714009488 0.490699028203997
0.933370686178789 -0.345838457687673 -0.0959943923692861
0.541170605047383 0.524252168208791 -0.657490715037886
0.60592113864037 -0.770560403500971 0.19772768724986
-0.73332747667056 -0.679860130945364 0.00458413688075252
0.361333115565504 -0.334691383110535 -0.87029883239453
0.871095375960617 -0.158675310901925 0.464774129755743
0.774283073122248 0.518611782281953 0.362667260660104
-0.310233775223573 0.77934394521805 0.544406116573367
-0.759562847187076 -0.0124861797361855 -0.650314059888496
-0.247818476195673 -0.72803524049599 -0.639179702002497
0.57021950974313 -0.00427562748909768 -0.821481241245276
0.389612143453776 -0.819079634886717 -0.421083043338481
0.213373836591 -0.117179928835517 -0.969917764625713
-0.0829214523889379 -0.983114568262965 -0.163125039165766
-0.633679434618195 -0.24412175035248 0.734067398231802
-0.371368410283286 0.911293664698539 0.177846452098354
-0.515455893003864 -0.327285660584332 -0.791952851338681
0.470565578395921 0.882238569783187 0.0149379521966625
0.837734497503286 0.11349187663033 -0.53415400928182
-0.0264995714796797 0.528899390926759 0.84827071562603
-0.87735150444341 -0.292643600544116 0.380281554524356
-0.547983975569041 -0.824140622308735 -0.143198453832854
-0.0838713675427649 0.990583387934273 -0.108213424560744
0.695019498207342 0.532010404719798 0.483645351865901
0.887467241646448 -0.460619815251959 -0.0152079190455579
-0.939568088902713 -0.220833454999474 0.261618790358604
-0.918097899212133 0.199545925649876 0.342458276318156
0.743095508127625 -0.668688796233486 -0.0257751739540113
0.0176870110453076 0.0796724143736527 -0.996664174147017
0.654338693883057 0.746682597229325 -0.119607577863125
-0.420345393197336 0.840321489415868 -0.342300372251732
0.870310668485519 -0.455652929515035 -0.186921770119629
-0.246793079398085 0.527935609515225 -0.812635938269406
0.0182573455984613 0.301684246522382 0.95323306947038
-0.815938556288297 -0.131807709849171 -0.562912959511935
0.558211416883032 -0.0750666344303223 0.826295960571479
-0.316181982221492 -0.907959933673144 -0.275023113506387
-0.933796780319873 0.348251949319709 -0.0821227913508918
-0.861489566784007 0.172196719194105 0.47768610637226
0.629394444324769 -0.772174118240292 -0.0872339645604973
0.416539219266569 -0.0466793896662339 0.90791856099167
0.331988755637579 0.708567330038701 -0.62266829446507
0.481094848641713 -0.852814349634577 0.203114331517404
-0.771291124510733 -0.620430328642693 0.142042981351731
0.734391954654025 0.627815179609022 0.257908040184735
0.220225354835338 -0.721798658760922 -0.656130695287596
-0.219512654088116 -0.125871292052511 -0.96745574189842
-0.469644747570497 0.4081310010711 0.782855604210729
0.797770986159502 -0.275387170235407 0.536398508677859
0.951527949974905 0.29174545688302 -0.0973609203154566
-0.59939734748669 0.489428772221667 -0.633389530026754
-0.0768938655390727 0.896649788707062 0.436012029483178
0.148806725716083 -0.126167935370589 0.980784487268218
-0.387105868998891 0.916746415709858 -0.0986156958589273
-0.61996777065619 -0.741129204145226 -0.25761883881164
-0.124148690847709 0.778996654324109 -0.614614769683129
-0.832675415481472 -0.433948471031982 0.344006361775133
-0.598493009617434 0.7623432932849 0.246249508877885
0.175032476040698 -0.954503107241606 0.241427940796384
0.644743964418361 0.03968592018615 0.763367701756548
0.704749223140142 -0.246278135040156 0.665338720265482
0.31392749225862 0.500982003308566 -0.806515072373201
-0.923372743319079 0.036773344847153 -0.382139369869359
0.760421855737179 -0.420720661621433 -0.494724899516942
-0.435702088996279 0.551188097018525 0.711586517121689
-0.912393987905009 0.327812035762676 -0.245105038797501
-0.856298468501647 -0.380665609792189 -0.349065361162168
-0.134908110889814 -0.537149416188945 -0.832628552419395
0.431967988027274 0.478302505039781 0.76461125481668
-0.480062471751624 0.251892982244463 0.840291585529519
0.483456137634041 -0.737664110400119 0.471298019528596
-0.233131070691166 0.868235653373025 0.437968896258977
-0.00450931241942525 -0.999583406838106 -0.0285075231374084
-0.349382329694821 0.185669047115005 0.918400235540271
0.0777834001510468 0.423747340572712 0.902434448599175
0.158794968353627 0.943537779981318 0.290724295120819
-0.990605840230183 0.113369167769345 0.0764689551461145
-0.85314947837494 0.0131378962260345 -0.521501067334787
0.780676931575846 0.396318762308071 -0.483192474225252
0.295109814776421 -0.954696679366765 -0.0382681019740796
-0.82485103767988 0.448158635845653 0.344636914382932
-0.712666899440377 -0.156318331105218 -0.683864365062633
-0.147796207144448 0.988428032201075 0.0341512271057116
-0.678523387132255 0.527776119079717 -0.510938725527557
0.0935212404474358 0.74492131194855 0.660564922312731
0.281736622204019 -0.61064485159546 -0.740092792107198
0.188528461065181 -0.263463133056466 0.946067754914238
0.453685428078558 0.212732014925741 0.865398533725826
-0.0596080240465672 0.746281934016306 0.662955623273644
-0.106383391775311 -0.0144282457452443 -0.994220498520874
-0.336227908731826 -0.606647904877563 -0.72036734580177
0.651947645768021 -0.516944846733219 -0.554736236975289
0.317538239203251 0.947975827463373 0.0226118815854061
0.955205002056353 0.0726158199853471 -0.286897798413265
0.657723063832657 0.644919541801509 0.389203232136006
-0.761564988193045 -0.27258803710577 -0.587974940610015
-0.560785826403398 -0.647998439749477 -0.515380712665212
0.396328940532648 0.687815135697019 0.608139548132137
-0.240240795234449 -0.958403401563418 -0.154101525549844
0.151445956715943 -0.817499678287099 -0.555660326273959
-0.610593976534691 -0.587676392492736 0.530859165434937
0.671058675651689 0.460293029388071 -0.581214745966887
0.607662031518613 0.794092794850996 0.0127862667110172
0.483324503291063 0.794664853365769 -0.367294425963162
-0.072794880698188 -0.991090050240646 0.111541102998539
-0.465971566602805 0.0965577025180972 0.879515269453666
-0.716300443028293 -0.323701666544638 0.618167377328903
0.555453011343051 -0.626434299506711 0.546856489941806
0.788551844791728 -0.132048776400485 0.600623932862068
-0.255700714949768 -0.269954994749514 0.928300299032574
-0.329308172015302 0.914731224583562 -0.234142936292764
0.594889685361005 0.388529790321766 -0.703669570383436
-0.987572886157499 -0.0629944715811513 -0.143984343165354
-0.874650096158021 0.457702519938809 -0.159673455941897
-0.232998999210661 -0.881948271590689 -0.40973004845267
-0.229469287522757 -0.96686640437192 0.111862425240621
0.958557742872777 -0.223626764497914 -0.176516638815841
0.683853935928623 0.718041637793296 0.129460421403806
-0.15318326639223 0.938051507476583 0.310796165063724
0.780321041907989 -0.567326487321143 -0.263134430167327
0.832351872617457 0.553795307580075 -0.02238565282727
0.458882034089335 0.447866552939514 -0.767360951279195
-0.386180154593098 -0.836788823399004 -0.388135740731205
0.16639234742876 0.272405487808624 0.947686043438908
0.690923109854945 -0.228378064306536 -0.685907221139982
0.0449489083574309 -0.701664262919788 0.711088502071793
0.65013728433775 -0.757702135591232 0.0566479058255593
0.400359667158188 -0.693465358569451 0.599014134538683
0.116082485751239 0.855513453029791 -0.504600424283271
0.848793307503972 0.258153368306274 0.461418204635006
-0.911052723824683 -0.354731564945195 -0.210115328434549
-0.972442371229576 0.233124440994152 -0.00297147245705987
0.929304093238341 -0.185400667041297 0.319406472932386
-0.517672382898161 0.843439595455171 0.143613901844347
0.0634151434562908 0.15669223720333 0.985609487769184
-0.963371374806754 0.211294990745016 -0.165136371187595
-0.108176086424642 -0.677447772089894 0.72757298631566
0.332613231393873 -0.02821045780247 -0.942641293585371
-0.0977294457151854 -0.317320850372869 0.943269014310786
0.306335920927176 -0.89949928611351 -0.311543476630445
-0.743558336118747 0.552051588828929 -0.377306300053121
-0.313141884096334 -0.246512200276335 -0.917155327924075
-0.904186197506482 -0.362023788706796 0.226685016375468
-0.45561080842325 0.186803791276182 -0.870358049777652
0.0466429372211839 0.924044804677547 -0.379428037124058
-0.564793069201842 -0.433597029114986 -0.702141300112891
-0.362849980042635 -0.361668695485494 0.858798955919766
0.343102702768965 -0.300627423159923 0.889889705411213
0.212143039919678 0.411457625080836 -0.886396047699039
-0.647657405108841 -0.297258145530394 -0.701553619136494
0.67096614441098 -0.662313025437323 -0.333385496670632
0.706349862279944 -0.386269193820158 0.593182924537304
0.586985836697644 -0.321199417728889 -0.743154466828391
0.297479812056871 0.123403250483657 -0.946719282146866
-0.551159984312655 0.763224769476804 -0.337210057604386
0.473990060571572 0.650708438390722 -0.593221670782909
-0.364866294430961 0.439135913149671 -0.820994663180233
-0.999301224112059 -0.0370488331051946 0.00494443663968603
0.377779210220967 0.366449438577317 0.850292700951379
0.0316365531140744 0.644992570165034 0.763533701246359
-0.381909954961988 -0.917614777056754 0.11012677797891
-0.229187547673128 -0.393970112842523 -0.890090230357815
-0.157206616351294 -0.825540121155546 -0.542005155084215
0.139286592311697 0.176375983172482 -0.974418163707007
0.191365361724401 -0.850645069310441 0.489675672654794
0.818203615422831 0.256839977036428 -0.514369584933766
-0.351003935175985 0.588548777174662 -0.728290171825202
-0.782271511084132 -0.398573496210956 -0.478738395226793
0.576128216056952 0.774511082986591 -0.261168261842768
-0.306639020478853 -0.798265727687893 -0.518405573965682
-0.681132081599803 0.377698944562741 0.627218139638603
-0.895409514071947 -0.112233184518291 -0.430866005159751
0.603623378221815 -0.355304562832382 0.713720873237272
-0.285203933487522 -0.50571121974211 -0.814195847784913
0.0934286218776392 -0.214781879291215 -0.972183026462702
0.662291570639195 0.0891973266649489 -0.743917812917593
0.915515944399392 0.23676306320833 0.325228853963941
-0.237552753859314 0.965804440729087 -0.103877193848465
0.0238965876933903 -0.220325800667245 0.975133577853285
0.399778318692899 0.58233369730761 -0.707859280424527
0.0792786938765184 0.900995449482405 0.426523256938273
0.0590440991627911 -0.0644734937586642 -0.996171151437646
0.744753172880477 0.178464480439535 -0.643034323116511
0.505141230905965 0.305866897904642 -0.80701782979374
-0.463049539849198 0.719787232716221 0.517195768799562
0.188010209620589 0.640629487079719 0.744477011977132
-0.405941851476302 -0.215680118092681 0.888084061268706
-0.604402588441928 0.641052490358814 0.473021369167885
0.308462935899719 -0.161290013806996 0.937462611853009
-0.626214196121709 0.655532122684419 -0.422058546536498
0.0388627549677458 -0.862889465872135 0.50389627500431
0.866306847158095 -0.303218581986727 0.396952060209995
0.0623477420013624 -0.356843953588136 0.932081086523549
-0.199561941179155 -0.903614705059645 0.379019124099008
0.512478823753845 0.0674516061487294 0.856046573517955
0.524997983681164 -0.603922193543552 -0.599712515524111
-0.538781692804806 -0.703581069773776 0.46334432742225
-0.919577783188511 0.0332256584298026 0.391500646599735
0.0181371178029305 -0.969231863184431 0.245480427622731
0.13773983600189 0.959083003720318 -0.247361131855805
0.273284219418459 -0.761685951865169 0.587494890316584
0.436613828958599 -0.898792742105048 -0.0392424655367078
0.133048676865265 -0.611864734560023 0.779691988022318
0.982510152190416 0.184132687083024 0.0277300268725201
0.903902650085217 -0.333944297684232 -0.267284876514004
0.534548661777304 -0.843523143109358 0.0522152777547309
0.714609045202465 -0.676174871769649 -0.17922459457932
0.528298865149044 0.84030854740258 -0.121580649136277
-0.881903033243104 -0.46231052874766 -0.0922822570469035
-0.849833930447651 0.318101291024665 0.420230721518951
-0.589835289337157 -0.183450150446638 -0.786409800138362
0.902627308705605 0.138274508969421 -0.407607779302779
-0.175352704744697 0.531429914989694 0.828754290723593
-0.542519959467964 -0.749704975682389 -0.378965094719748
0.769251016087718 0.563364286230331 -0.301452409590972
0.229821044139094 -0.40862253231407 -0.883294918900847
-0.476063033010029 0.581095833461327 -0.660069406149974
-0.0387111719063414 -0.785732251678577 0.617354253117083
-0.780000915244857 0.279220814448067 0.560030632194475
0.987990575052239 0.0114675190761585 -0.15408802553795
-0.943605638203967 -0.325567892439757 -0.0601161123328693
-0.566644536560159 0.469537005834873 0.677088597849754
-0.401369204713794 -0.766810076514616 0.500904250394289
0.351564977642786 -0.809006586785848 0.471073676861847
0.732197694142967 -0.666361637859217 0.140885429627425
0.179974168278061 0.0317683365828236 -0.983158212874907
-0.816429523946332 0.567604917255592 0.10614843539138
-0.00231621961178512 -0.95291892863909 -0.303216342844577
0.902821325797662 0.425420422068857 -0.0626986297434633
0.344744044946339 0.859466483363136 -0.377450536427544
0.436406981535559 0.86668747193079 -0.241664586700738
-0.587790170966414 0.163439286203246 0.792332199674257
0.683669464274821 -0.103589057282294 0.722402499185561
0.848170922816066 0.495831449277858 -0.186432989560222
0.160276246722939 0.986792137716697 0.023511734876831
-0.602864477527388 -0.531547995298096 -0.594988361592229
-0.368196061374519 -0.0967825943399073 -0.924697134104528
0.220703130146431 -0.273461425115833 -0.936220581549661
0.684326135970211 -0.670600172856797 0.286344456542317
-0.854364902577231 0.0281664153027583 0.51890968992031
-0.459209219406951 0.84037573082267 0.287915827727344
0.264990312273949 -0.892378710604299 0.365294909985295
0.166263199676773 0.547914921485684 -0.819844977569893
0.960725220654343 0.211406045635778 0.179762438421675
-0.254606774452455 -0.634686662121337 0.729621978375236
-0.337146975633123 0.485293549926307 0.806735450579285
-0.793632487536043 0.562438108131799 -0.231971656131683
-0.223679807344607 0.958374333916506 0.177442891873339
-0.537302556318188 0.749270803393271 0.387168214289788
0.220709824984792 -0.397594341921066 0.890621082406843
0.474357820882861 0.8382042169605 0.269069411931008
-0.992608672641872 0.0894861669553044 -0.0819771243688625
-0.188661864437119 -0.757068721448636 0.625502719347596
0.234599299871822 -0.677594711431727 0.697014042569736
-0.688881197674135 -0.680578464458603 0.24951081981794
-0.486104759576069 0.460103729684324 -0.742971547670614
0.969915239007408 -0.0630948422081483 0.235124371403588
0.481416722562876 -0.324310128323417 0.814285502697713
0.979627929228502 0.15411754655798 -0.128751318899754
0.44284950864604 0.0627075594495364 -0.894400399530235
0.590155858957744 -0.215763731035098 0.777921637768009
0.0719355306555392 -0.982507280353581 -0.171769390409103
0.780339408276907 -0.131018028171463 -0.611477460078545
0.107376161607342 -0.921339822214229 0.37363523913133
-0.837105088987023 -0.495383440850396 -0.232056709713921
0.725528680750855 -0.54795400325183 -0.416358671974317
-0.481255538516571 -0.579395997117935 -0.657794333489457
-0.962592735679089 0.0924242343485653 0.254701759167325
0.724230699185038 0.529813961930519 -0.441346870501465
0.9528350582453 0.0887717961443435 0.290215299369248
-0.37764496145657 0.673287732620643 0.635663363887695
-0.0180178379009694 -0.584721685995943 0.811033850984924
-0.839562597537891 0.439770752210725 -0.318961330439039
-0.0954988882258977 0.488500041320696 -0.867322126996248
-0.781948288988688 0.418467164687172 -0.461997949591059
-0.00524222493415756 -0.833515190056299 -0.55247167078788
0.820973221720497 -0.56733870168204 0.0642632616010543
-0.265336628537943 0.0196398904294073 -0.963955781278394
-0.290564757152732 -0.924795630013995 0.245611816913994
-0.262193436445692 -0.820847166977084 0.507409627766851
0.120884730734648 -0.644977611097413 -0.754579858635444
0.792413325219285 0.597879647676572 0.12091752937045
0.765648634299805 0.0234540926835584 -0.642831295388794
0.648198879049608 0.65742446725914 -0.384228165349533
0.542740819330679 0.155012637439092 -0.82547167441799
0.400375142718795 0.904372206219408 0.147684317754951
0.0883395841814413 -0.396304529349338 -0.913859309677288
-0.0584495674602967 -0.453955018281815 0.889105443375791
0.683186034161643 -0.0709082410575023 -0.726793549831462
