# command_history: dirgen -cart 0169 dir0169.txt -force  (version=3.0_RC3-1000-g3151ed7a-dirty)
-0.860002560354724 -0.354818451993328 -0.366741683352707
-0.936485581715008 0.235614976631397 -0.259769778894485
-0.706294378952909 -0.253739183345607 -0.660881742140475
-0.0425013389271527 -0.322717465425612 0.945540625091629
-0.19709997906162 0.928699446450531 0.314116119319572
-0.434618760678625 0.446192782050779 0.782316134380445
0.841259924013171 -0.3806396168126 0.383920854294359
0.723997291254142 0.451957061407735 -0.521116816942564
-0.257562420709708 0.371958466347818 0.891800705735499
-0.235841529451058 -0.387272798915119 0.89129038601717
-0.397519970576428 0.741967590338595 -0.539872177353172
-0.659323579970375 -0.751844912192455 -0.00465240855559962
0.983332117930684 0.0923466810952981 0.156620676593605
0.553974733981314 -0.744548201402928 -0.372504993118209
0.155883652993745 0.982111036544101 -0.10563237490276
0.434240995012075 -0.606256225105999 -0.666249313523959
0.495793982572998 -0.217149580821284 0.840853367950409
0.718653147526165 -0.285894986509391 -0.633878308699337
0.402264514372452 0.225024873423037 0.887438486216167
-0.437735916636944 -0.598939841416383 0.670565681831491
-0.0774078909028905 0.630935914541099 0.771963658579958
0.950893495909599 -0.306066743679293 0.0460945533699489
-0.0540129210794642 0.996122442662315 -0.0694455439961928
-0.480498551531156 0.411189937759566 -0.774625055792636
0.90961678395387 0.264900049977339 -0.320039481738459
-0.902131442627401 -0.430626871152475 -0.0268208512995619
0.418945222167303 0.847171789511768 -0.326779527936832
0.587158509701932 -0.614453320715859 -0.526964895553642
-0.652002029864716 0.0919956677484508 0.752615539414253
-0.298224805846088 0.874248349156449 -0.383081961432913
-0.91319567937905 0.384759920362789 0.134288699620839
0.888779269112285 -0.416729780827106 0.190808020187899
-0.532763322314748 -0.0991638804296211 0.840434272988847
0.0690502017983183 -0.752223325669232 0.655280198045639
-0.150673277597362 0.240790221527527 -0.958810530102164
0.0566473741955422 -0.885527688756387 -0.461120144260172
-0.130534980594116 -0.905334066446601 -0.404142112347321
0.706385278097885 0.282970538429868 -0.648804680367894
-0.27396401056303 -0.715176731700724 0.643013190650153
0.279684716497156 0.834057082822568 -0.47552627892832
0.713754090364481 -0.5971395113453 -0.366032105802577
0.559438832150305 -0.809666463822643 0.17739337767583
-0.154707777536773 0.0130801136467496 0.987873683320201
-0.0200914528832561 -0.110076779522365 -0.993719998858343
0.579975751711588 0.7344868856727 -0.352359393519452
0.215550472529041 0.946324918113302 0.240846721277992
0.304904888895333 0.841806928324789 0.445414530692599
0.566389032107764 -0.644685217067932 0.513404747934905
0.597546980892802 0.439358253764356 0.670747292558854
0.832282479266807 0.20872626826703 0.513555468903619
-0.0965403694526376 -0.665093670084928 0.740493326829424
-0.017650007009439 -0.966946804803726 0.254366573929107
-0.595061603298195 -0.60724604405548 0.526454110307016
0.454174928870479 0.585319555724093 0.671659252651555
0.262585676691421 -0.552953737154061 -0.790753392002757
0.870962827855754 0.00969840188087913 0.491253186752479
0.717306018725155 -0.682399644446185 0.140722424511474
0.444935856319095 0.734453795669855 -0.512454589000564
-0.296532694815429 0.514914038790831 -0.804320765342792
-0.967454450930446 0.0474827390576754 0.248550346743775
-0.264306121745148 0.673462720291718 -0.69035515380514
-0.925756702001261 0.245713232202576 0.287401350414907
0.235903824675655 0.929648321106337 -0.283025413289278
-0.625752587653783 -0.689563639070197 -0.364603465036829
-0.922537039198393 -0.355964152622776 0.149046748889773
-0.609113517742125 -0.107578239434504 -0.785752915937311
-0.123923298820156 -0.809676703093866 -0.573643314679582
0.0876394847562969 -0.461549419268263 -0.882774860473937
-0.254245738321997 0.705994107741857 0.661007885262258
0.62140552110678 0.57639623008082 0.530681226619737
0.787452493179334 -0.556853536450868 0.264258793473014
0.442761316703522 -0.896584768646109 0.00990803021624704
-0.594283321683127 0.459491392984721 0.660071960730214
0.829518839756229 0.438919025022495 -0.345323882699679
0.935981063852377 0.297553959875786 0.188151771376224
0.753393035936907 -0.656244520830401 -0.0417380196205766
0.549782851689457 0.818831676645671 -0.165086345013292
-0.158964050474906 0.0304248230489102 -0.986815464410167
-0.644614210552868 0.0924516898941384 -0.758897361037065
0.490113701211802 -0.00985238538732943 0.871602828349386
-0.718567908527152 0.524666021772119 -0.456492854744445
-0.774798510073199 0.144194965313271 -0.615544540034802
-0.0822190645445112 -0.992921471588654 -0.0857145068448057
0.584196549401707 0.457089646783469 -0.670658964355583
-0.0700710108528056 -0.504162234470515 0.860761578354752
-0.388782143132388 -0.249334240111899 0.886950326618808
0.756453190945758 0.536322584975453 0.374348306732151
-0.255538288982682 0.965571965412777 -0.0486925299477212
-0.7290131939728 0.456477409108462 0.510066797573811
0.829391848417045 0.532809089641963 -0.167998915991324
-0.286121307687879 -0.957194541318403 -0.04374022584796
0.240364943991012 -0.831470755118099 -0.500880302151657
0.121026400456021 -0.244159029819208 -0.962153303039803
-0.325509425627457 0.932979927747402 0.153597097134469
0.263444400203756 0.561385763318775 -0.784501799070136
0.892869641189002 -0.0978438441102137 -0.43955703385654
-0.914137776837701 -0.0876955766687584 0.395805016126576
0.369025833047427 0.919383811738283 -0.136210650307668
0.78624802072016 -0.0992465461596439 -0.609888656222603
-0.949806251376503 0.0411540816446712 -0.310120019363632
0.41789913032037 -0.743222174480022 -0.52247594800016
-0.296102226817822 -0.722321270056822 -0.624960362020686
0.926007720040351 0.158144017440803 0.342782981160608
0.973879420726913 0.227030763287908 0.00398828353075447
0.381264770408516 -0.856399216735639 -0.348163117546826
0.0950049825258965 0.805904102981163 -0.5843737075651
0.873702510980367 -0.188771675775668 0.448340469656095
0.559767269678998 0.283800201824421 -0.778535836837674
-0.54873269612643 -0.285512279271797 -0.785732248661618
0.580245614576311 -0.278863867493952 -0.765212369327153
0.490014269129769 -0.0867953853430809 -0.867382601354422
-0.582109338324001 -0.79211262281625 -0.183592785836361
0.417539316778197 0.431051716715744 0.799909580178164
-0.291673148379611 0.143477797566129 0.945695985039536
0.731183273635523 0.654508351989454 0.192327422724085
-0.381002214191641 0.902065161808759 -0.202770206470293
0.639165933825421 -0.288968958655508 0.712715826939903
-0.978722829361618 0.179580224926116 0.0992600931989981
0.486365943844908 0.873478934492566 0.0219708822213382
0.46827033540243 0.713233003813811 0.521556876335482
-0.448517394946448 0.58616677257205 -0.674715244501649
-0.350139774754047 -0.0533814258869926 0.935175150175333
-0.467374129007477 -0.810707644253084 -0.352582669857889
-0.608835406204563 0.793095169627391 0.0178745647618458
-0.21136510048125 0.809661533540175 -0.547515292392754
-0.987278600120544 0.113171963406932 -0.111682910253269
0.0889287003724511 -0.896681012309623 0.433652912377464
0.972941963265094 0.142311616024489 -0.182020163889508
-0.179435896644272 0.953670819845109 -0.241484422626849
0.197343119026915 0.199105834738248 0.959902370007447
-0.999212171471657 -0.0153213421788764 0.0366100103350774
-0.813568864300014 0.549484326719226 0.190191161023601
0.848025479300319 0.489279555784625 0.203613120276335
-0.688509728432243 -0.0972547018183466 0.718676475772224
0.418213021487118 -0.267996900003411 -0.867914471735076
-0.756964370243748 0.33937083880916 -0.558419533995232
-0.858341600798459 0.512295938755112 -0.0283296218428074
-0.0141748361330385 -0.122942363616981 0.992312576383506
0.321772321096082 -0.337135724542991 0.884761027969311
0.482198713779481 -0.796098370700051 0.365666220203804
0.665769233937417 -0.715834363993633 -0.210552821088239
0.419247110267923 0.43408850520154 -0.797370071035958
0.099293485679796 -0.601568144279723 0.792626375721504
0.330488367689712 -0.144123329137961 0.932741070619269
-0.816453186959105 -0.0888034407631745 0.570541972525197
-0.275832010188669 -0.573114535861382 -0.77165823454407
-0.00245425301968992 0.963976605190271 0.265975715598166
0.0999429799373672 0.518160027733079 0.849424267619482
0.251532330288803 0.382586914819221 0.889021225521975
0.504725155494297 -0.842485929055279 -0.188334746542216
-0.797126654446874 -0.603675577007549 -0.012841125142956
-0.746089167854323 -0.403975418383313 -0.529296528377497
0.133330603082728 -0.984204203166273 -0.116469037737239
-0.645328402122348 0.687164622929072 -0.333700516045397
0.704346545678394 0.687084000335564 -0.178357842759413
-0.757038848843301 -0.0560622141375604 -0.650960221125688
-0.0549280286846588 -0.332619452158675 -0.941460148763866
0.329150475940809 0.0578649912309983 0.94250284189374
-0.834343376822543 0.278855555068411 0.475510997727543
0.203798193868264 0.193801877750782 -0.959639061499846
-0.718394209257729 -0.59596777686486 0.35879265466801
-0.109448292683071 -0.681264849618596 -0.723808866968976
0.840440870629331 -0.424390607105013 -0.336974413831156
-0.0988303710054377 -0.901306046938184 0.421758186073006
-0.39375396035585 -0.89630776649357 -0.203936770660397
-0.128025873441511 0.430295586307592 -0.893563139422024
0.0680326231597315 -0.773930849326856 -0.62960511643904
0.824247279491277 0.273914679289408 -0.495567523876423
-0.615566877490508 0.475677391590779 -0.628337837843607
