# command_history: dirgen -cart 0013 dir0013.txt -force  (version=3.0_RC3-1000-g3151ed7a-dirty)
0.222769288575315 -0.974579106390615 -0.0238623019534548
-0.612098397481901 -0.464366718507239 -0.640077419179046
-0.692320833011229 0.210879069437243 -0.690088314820589
0.585131251213839 0.80372412212956 0.107930321782131
-0.324598432498952 -0.822375994947787 0.467261790169987
0.835223905350737 0.271774372177075 -0.47805827945808
-0.0861131655891155 -0.191793826960865 -0.977650065540798
0.809595845385536 -0.586634257904778 -0.020366997495714
0.0681060717817868 -0.781984765241731 -0.619565484768389
-0.989892211496493 -0.0791736935133031 -0.117664505582799
-0.329497064058961 0.70933238598791 -0.623120574981459
0.641450094779081 -0.377250794102479 -0.667999711270115
0.276703835634508 0.306667917102586 -0.910708392387548
