# command_history: dirgen -cart 0135 dir0135.txt -force  (version=3.0_RC3-1000-g3151ed7a-dirty)
-0.438488984738174 -0.810368778188261 0.388625595658534
-0.542836422706144 0.811905136500036 0.214799132932268
-0.140694024912372 0.377615784374834 0.91521118368655
-0.721691432594749 0.67779710707059 -0.140543793054256
0.424115173518688 -0.525173631774162 0.737779761229834
-0.0798346569555141 -0.369523400954617 -0.925785549517667
0.780725222333945 -0.246767495025581 0.574085299071848
-0.590321482680635 0.80712393713522 -0.00845560104774207
0.108250509662274 0.955740173380667 -0.273573661276357
-0.684129711213149 0.184928446297387 0.705526759227067
-0.857098229909425 -0.154502212607786 -0.491438389409526
0.464553648149301 -0.532335835780954 -0.707678222029312
0.71281277987683 0.186933954605209 -0.675983459457348
0.537800661510772 0.291004661748193 0.791256428295781
0.155339871163789 0.760685598695829 -0.630259426239375
0.583371524677021 -0.613721791952359 -0.531999272817918
0.870021363418608 -0.320441793158349 0.374673036650207
-0.954233508606549 0.16328829760488 -0.250550080658011
0.489925995478165 -0.073957291741156 0.868621228127106
-0.265931695599304 -0.605348419911225 0.750222382888342
-0.126666898744447 0.237180515951188 -0.963172310448962
-0.947201214149167 -0.0809324708053466 -0.310257626954901
0.386577974073552 -0.918205702792764 -0.0863467273267174
0.18682062495371 0.823354275798671 0.535897182877417
0.278133337777188 0.948279068361858 0.152998872295474
0.966454846554342 -0.133705570636566 -0.219289420520856
0.82149734972348 0.507030154906039 0.260887957585736
0.230276937255752 0.865246479264848 -0.445332530013129
-0.883776568378413 -0.327269660770658 0.334415230401272
0.616634318593701 0.0153664103593457 -0.787099733556777
0.559536569926261 -0.787005313796194 0.259887404411426
0.89075927538822 -0.311516034246417 -0.330916415001187
-0.947559772465194 -0.105740992549268 0.301578049765573
-0.723028460322516 -0.667246342061965 0.178919435972116
0.32861760057236 -0.699492950620962 0.634602304302186
0.632372250057451 0.77455014486947 0.0133195510419798
-0.741292866279848 0.465621367497077 -0.483406276885975
0.269103328359293 -0.422978340352737 0.865258760289888
-0.426958249533709 -0.904106938219652 0.0172423147575305
0.00971117966391933 0.877127396820657 -0.480159580489812
0.808808417370728 -0.255284456619062 -0.529772394712077
-0.202575288477739 -0.977816718545927 0.0532702302438768
-0.32506906351946 0.899201846169667 0.292858573013739
0.611895957542574 0.692528995054157 -0.382082357813518
-0.398330753077357 -0.411219151184818 0.81989720139275
0.114224565364849 -0.946092455970633 0.303087138332638
-0.605852494999913 -0.381634969806453 0.69806697681756
0.854300246207517 0.159275267405868 -0.494775179776194
-0.412713685516745 -0.138543257744975 -0.900262839131214
-0.364378146474662 0.69940621215404 0.614865446070949
-0.143597304269127 0.721737847140919 0.677107298890679
0.557701411179226 0.738866089131547 0.378214275642992
0.18360177607949 0.0333058782582498 -0.982436311571342
0.825577706388481 -0.519648782136656 -0.21996952956768
0.263964047504189 -0.0226967806879744 0.964265439477952
-0.886681589285741 0.0871870579259059 -0.454086088921405
0.723617614134911 -0.681747144330156 -0.107695773878903
-0.0398113838511757 0.0297183207693136 -0.998765175167069
-0.845776246695507 0.533197468366524 -0.0190525655277997
0.46899537197174 -0.774766860284007 -0.424004308085131
-0.0149656192406426 0.996582454055883 -0.081236952852127
0.521310168830792 0.214813706654231 -0.825887873326084
-0.304079031837605 -0.236697923556013 0.922773014007766
-0.693507997740122 -0.686970593433377 -0.217066950105907
-0.456404282520533 0.760896037504954 -0.461229174062284
0.472225623524562 0.564593953090645 -0.676931775454748
0.993809845853794 0.0542499979398862 -0.0969480686119177
-0.556067407022355 0.599367484740549 -0.57580175154581
0.32907440526142 0.916626815933884 -0.226947826851797
0.179180867077095 0.438074916844157 -0.880899871781967
0.0454876090121238 0.616205125712916 -0.786271022276346
-0.631949702380079 0.401507454839884 -0.662896173898845
0.72374313267244 0.224145693563125 0.65265196388779
0.177922052289941 0.175724231672484 0.968227627013426
0.772712607579297 0.524758489732168 -0.357132683385346
-0.185398733770897 0.60264818930247 -0.776171675241117
0.0527749632435828 0.98892477588494 0.138717666126414
0.0779619986622924 -0.754217670326394 0.651979779235528
0.484243793068506 -0.154019053060993 -0.861270039052109
0.217738391085983 -0.838584686430275 0.499365313905486
0.316238689361118 0.341188894144679 0.885202366616523
0.923736507251378 -0.357862110825137 0.136548800092872
0.792760457940884 0.608677334648431 0.0322917731108273
0.671505263521857 -0.419090339109052 -0.611100620788345
0.428884961918392 -0.894536083414967 0.125947945234811
-0.927262007813417 0.357961784408286 0.109765795077818
-0.088341628649255 -0.242304128698599 0.966169998428439
-0.196286495462046 -0.528642346978139 -0.825838289667337
0.764075369381026 0.367837305305634 -0.529985421243584
0.12245953088304 0.930528689096339 0.345137685662627
0.386177658665808 0.723787597808796 -0.571837677322479
-0.665067945069833 0.643382470720169 -0.379135364758552
-0.503209235325187 -0.844102350262035 -0.185126140146521
-0.0517567782230648 0.175211738622988 0.983169406845371
0.273168482759535 -0.170608490813873 -0.946716284263171
-0.393930789454938 -0.757803674525125 -0.520146252505608
-0.971447355283624 -0.217568267139839 -0.0946260273192323
-0.546383292855144 -0.816057552742738 0.188455214574453
-0.901596600204586 0.0780852260666629 0.425471818067485
0.336766940004691 -0.221932788756757 0.915059487352885
-0.0319411896495226 0.560688242232562 0.827410693323415
0.619900617344566 0.075754148935486 0.781015066138219
-0.244960274924537 0.836872373068934 0.489529462752617
0.774134894160953 -0.00993069341641234 0.632942767531694
0.668769349050016 -0.665671305573712 -0.331103111895687
-0.544111490716431 0.339550960966383 0.767233882578937
-0.0273816743700465 0.850377692739626 0.525459821108639
0.651750887913138 -0.166989507454797 0.739821116557537
0.766113311421829 -0.479603335067687 -0.427844638921924
0.993504626080241 0.00257972728093714 0.11376248487228
-0.432756415870043 -0.486629032608259 -0.758890024408059
-0.332622040640329 0.886650230130244 -0.321269275671124
-0.495643799945642 0.320455331640249 -0.807245689984643
-0.796825945607978 -0.374636445527397 -0.474042135351436
-0.90435635840624 -0.421245553614731 -0.068496427425255
0.0448794754181228 -0.43994965511735 0.896900291921192
-0.25318555519971 0.560393927112888 0.788578291035969
-0.630416743735306 -0.558283954080022 0.539345673789036
-0.301552713051041 -0.658574645182253 -0.689452970096312
-0.349849746045521 0.367821638013662 0.861575532266807
-0.817289331606696 0.513855145538631 -0.26075091149477
0.169751818662974 -0.978790075808337 -0.114692229726874
0.641928627849084 0.427599328879383 0.636464021520222
-0.862495634089443 -0.482640505982653 0.152182203826393
-0.531165654560469 -0.606292699237331 -0.591837993260706
0.100917701849106 -0.940175132720391 -0.325401808949629
0.0794293317655024 0.709032312697277 0.700688347845486
-0.226788563290063 0.968211413641036 -0.105515904280141
-0.906624433090773 -0.303288114840886 -0.293340172358128
-0.695939770885894 -0.569344552176306 -0.437623829568789
0.402677002500782 0.0383355335464399 -0.914539019684068
0.983241827436812 -0.18230024595018 0.00145914537416379
-0.790287963600443 0.0201251895454792 0.612405022296539
0.952670207252327 0.277107677235466 -0.12502324356284
-0.343592042607798 -0.873685613530382 -0.344409577344536
