# command_history: dirgen -cart 0900 dir0900.txt  (version=3.0_RC3-1000-g3151ed7a-dirty)
0.694187057182846 0.121968030551099 -0.709385740738638
-0.443491981888875 -0.598001591220637 -0.667614378887891
-0.387180644766094 -0.255821411556727 -0.885802773594459
0.170393938974583 0.183838271964732 0.968075097976261
0.592078080410301 -0.730566173691628 0.340171445825819
0.0870731851869354 0.412247432504464 -0.906901491240851
-0.454492223557761 -0.862532846989455 -0.222427306304301
-0.190569941015587 0.961465669454602 -0.198158683992225
0.652811913317933 -0.384151633649412 0.652889062701059
-0.664835738677351 -0.728307621095252 0.166016413742487
0.606188397215068 0.379749378869725 0.69880328872286
0.170084458604863 -0.657522010290608 0.733986432384474
-0.521961241976633 -0.784224848653384 -0.335481517566597
-0.650649247406219 -0.301373121085769 -0.697014920024488
0.265843530070943 0.362057831525983 -0.893443531595659
-0.911459797970273 0.367137001915506 0.185611040912126
0.600367120170514 -0.768578412625775 -0.221012544132246
-0.979054376371554 0.106319897670649 0.173633543611281
0.23329932878251 0.29242904822332 -0.927392406128514
-0.396365217845803 0.797046822405069 -0.455643475730786
0.497059847930044 -0.0646633455474511 -0.865303507053087
0.268700819499063 0.53681395598633 0.799769120595962
-0.171423012461679 0.874338474992294 0.454033459060798
0.274778193331796 -0.95913431131314 0.0675153118276272
0.608752273775723 -0.734466899079091 -0.299965070183233
0.820268496610322 -0.561805086791128 -0.107399431675664
0.708672339993351 0.699430270085342 -0.0926326714323519
0.78245859104362 -0.154540042292982 -0.603221293249929
0.0376834772359532 -0.981488701098093 0.187776157059905
0.328671109775716 -0.794978786859513 -0.50988629128677
-0.129088819400765 -0.110441876386293 -0.985463682053272
-0.0774650510355426 -0.960132192415552 -0.268598843920383
0.691742964738452 0.0678775127652109 0.718946669785503
0.803776073068277 -0.594322818670818 -0.0269148949489733
-0.381352365404378 -0.882787140958996 -0.27433052538485
0.562332247283582 0.765751996605576 -0.312099861197616
0.323448362880999 0.469729082130711 0.82142300062163
0.856250670796134 -0.473482393335663 0.206516856363597
-0.690241791393199 0.170805739791156 -0.703129908813943
0.580164164094452 0.31291923537146 0.751991419389295
-0.691071119388098 0.260134424507596 0.67435212547584
-0.49683245747697 -0.405697946406535 0.767180999164418
-0.117277255386393 0.322207948495376 0.939376433223357
0.58908509656722 -0.796123390136345 -0.138442394808104
-0.480408578776151 0.128526533961887 -0.86757623728755
0.0480284678265302 0.947467888807696 -0.316224391779829
-0.092387902535288 0.8620277501644 0.498369976434811
-0.184089333139184 -0.124702562402733 0.974966865259822
-0.144783625651933 -0.613357982520805 0.776421075848079
0.249252307755157 -0.520876690723585 -0.816431724113888
-0.859913621506152 0.425032926768376 -0.282658052619916
-0.642496953058472 -0.504855803484842 -0.576470539575315
0.712765409209742 0.543890018815193 0.442887252997056
-0.983601702554643 0.150023039047177 0.100103838521096
0.818787646280958 -0.449785386935245 0.356763081045672
0.735944837923611 0.352453473092324 0.578067249408534
-0.904722873303716 0.144286081537921 0.400821717469875
0.702875379618973 0.678114450389269 0.214771955568562
-0.927870627027557 -0.0341257545974853 -0.371337491202599
0.610443723242119 0.792001882552328 -0.00956445439465718
0.835507408190766 -0.122280821779031 -0.535700262724775
0.114776654201729 0.977525639084974 -0.1768330980947
-0.198627414881583 0.206149278570868 -0.958149061995142
-0.120278390183074 -0.956682889753068 0.265124418544743
-0.75163573255869 -0.414038226576432 -0.513435558248944
0.391131867511254 -0.566655017958872 0.725202008297819
-0.7559282936234 0.620973255501038 -0.207279113400404
-0.137562681372222 -0.845643780473011 0.515716109154056
-0.999742405074108 0.0114232490451162 0.0196120595015262
-0.684467019604812 0.397163086211845 0.611364361100636
0.534138045224923 0.257384267866235 -0.805263861910033
-0.665627472228939 0.565040179694519 -0.487513757287831
-0.488328010633167 -0.870017837845864 -0.0678580567144437
0.683061608537402 0.34291679021663 -0.644852629621544
0.162017753046375 -0.248694194752804 -0.954935309428894
-0.830585710573773 0.443201484804147 0.337194040958704
0.0658248635448261 0.648323226228306 -0.758514391209703
-0.172109915517723 0.781100422037984 0.60021688386163
-0.703392327438422 0.253746145409473 -0.66396696257464
0.404644145269254 0.468596212592019 0.785290204474581
-0.580973597264552 -0.616975930719011 0.530858154495997
-0.433843379017205 -0.162579407766824 0.886198543585535
0.391458065440146 0.914690399936278 0.100508981022943
0.491453494317037 -0.868909625203857 0.0589026837390924
-0.167452321453225 0.91158733437619 0.375457390185409
0.0532537069985174 -0.245958856814419 0.967816244669132
0.157219045302953 -0.103350090003177 -0.982140993284754
0.24293897830672 -0.913135277093315 -0.327360074760198
0.0241712497581934 -0.930633895935593 0.365152437238021
-0.922135507852419 -0.350944112468352 0.16280152051367
-0.241588935724709 -0.965384718838762 -0.0983215681730437
-0.53336343704636 0.742978310306205 -0.404359585562936
-0.939814131501481 0.324396590842318 0.107313792589765
-0.0624653326128077 0.994595743713037 0.0829300235709711
-0.257889116499737 -0.184294178414433 -0.948434952642265
-0.14975505429775 -0.90548099891931 -0.397086368827194
-0.376779416310368 -0.664158073518049 -0.645702195153163
-0.452298175995806 -0.656691510747075 -0.603475450787844
0.300721417473772 0.716688344043463 -0.629225274909396
0.174049039944409 -0.913081361645052 0.368767350386186
0.254313411297218 -0.242652409711276 -0.936186144362158
0.694429867850679 0.645754651344336 -0.317439898097331
0.894227449772191 0.146459212634166 0.422973955591244
-0.63830942092656 -0.487349925900228 0.595861672606522
-0.133894670930321 -0.653336260567927 -0.7451335099991
-0.67369654980011 0.668021884594349 0.316037530192922
0.642089833502352 0.611121494180612 -0.46287273095677
0.798015555737272 0.400856465666428 -0.449983629407507
-0.405004686047773 -0.313681124162609 0.858822075067605
0.806839244661421 0.186478980896906 0.560567589999493
-0.247234584977598 0.673855143515056 -0.696271718188567
-0.773893978369709 -0.27131420535592 -0.572255810119207
0.575420303620481 0.486108606151645 -0.657715665927625
-0.816837900844512 0.502530376024323 -0.283265008281614
-0.504476578963096 -0.321365929644718 -0.801390866270185
0.503033896645158 0.528052950860093 0.68419074819376
-0.14879323400538 -0.822561895696565 -0.548864738585285
-0.695544130332044 0.690173825415373 -0.199695902492141
-0.0556990525752386 -0.46492676755294 -0.883595335181776
0.112571146680736 -0.188490757478334 0.97560185079787
-0.930825753610009 0.364234209460012 0.0299475721119437
0.470420778132713 0.251623382839915 0.845807285798136
0.147836615141559 0.465302855508598 0.872718504375283
0.655997716435673 -0.33865916891345 -0.674519802038483
-0.705570317990802 0.0319253162117774 0.707920405522497
0.130374692492704 -0.0432646465553138 0.990520373296722
-0.829616616210724 -0.554630952355048 -0.0641932768816228
-0.891044751703208 -0.0758481075336558 0.447533590969138
-0.857412171535049 -0.465986101803799 -0.218406320946193
0.247828911007869 -0.734541128169377 0.631688342378038
-0.544923143808568 0.758542599047136 0.357312038381865
0.387757335750303 0.109050596130178 0.915288050864578
0.516290893732041 0.818269226858389 0.252743319250865
0.655400273061214 -0.450888057936265 0.605929402885972
0.14886785783625 0.771782097465848 0.618215783472456
0.801114548606321 -0.194091807355283 0.566165921200534
-0.0682637316176203 0.331156725855637 -0.941103228060669
-0.394961867496 0.633878629242491 -0.66498346341374
-0.895317972532713 -0.205930160480801 0.394966450555314
0.625251257695773 -0.154337442319849 0.76501033891577
0.71003217292317 -0.646830408778961 0.278324874369583
0.1957766270132 -0.0221105985103501 -0.980399221617831
0.306116877134574 0.82386358987606 0.477012832961449
0.367232632826447 0.603406632335886 0.707842234852104
-0.928344951572472 0.0554757232322876 -0.36755692759321
-0.691317586402001 -0.415998870517664 0.590783322766765
-0.49632190359252 0.209541648652862 -0.842470691178119
-0.32099292093989 0.62218430506099 -0.714037978851441
0.971018540460708 -0.233509742555945 0.0509528626576782
0.718973755985309 -0.597768264106776 0.354612239821399
0.134977942286028 -0.588301411087015 -0.797296936410304
0.509218582422677 -0.289257767983179 0.810571637165296
0.536091794077428 -0.617850802901936 -0.575209504160248
-0.235580049414784 0.940572107914647 0.244593847287142
-0.417856450243247 0.193237440866022 -0.887724776289174
-0.729451949154372 0.63545234055737 0.253180127093434
0.71265627440485 0.637145078669314 0.293542472700074
0.480501421433481 0.326840039201889 -0.813814458445482
0.387812383744213 -0.302974981827527 -0.870521519206298
-0.341299791950368 0.932402126814492 -0.118914784305604
0.243670143873657 -0.878723061032237 0.410451754771163
-0.262161443954228 -0.961610788022719 0.0810929692523263
0.209941567172645 -0.316732124187407 -0.924989351225638
0.145639708004548 0.715159935756781 0.683619295910163
-0.0463130877676198 0.994107064721107 -0.0980114369500514
-0.571533139244974 0.489423156625493 0.65864622105006
-0.915862875058125 -0.252670621359675 0.31201402403094
0.301469933878834 0.108714431539069 0.947257647814061
-0.092816922301902 0.86468470974156 -0.493665242521243
0.334456645996778 -0.0860670549033044 -0.938472809413708
0.206225713253205 -0.173629264996333 -0.962976548795473
0.0404562967502624 -0.0325315333225321 0.998651584584403
0.298490372350225 0.667096942637972 0.682557812011037
0.859115390095852 0.0170557423150957 0.51149765214958
-0.413949526107868 -0.863794369145556 0.287236971275466
0.766650753218507 -0.426796709816167 -0.479678216182047
0.854511745235757 0.167854597540888 0.491563334005423
0.940323567418543 -0.182561977139539 0.287163216760377
0.786208171759536 0.118197536194443 0.606552597139021
0.594489829787295 0.679774099176066 0.429521846206734
-0.401356762920994 0.830488834945872 0.386265509575769
0.217695615633977 0.664238544041397 0.715119413485265
-0.715371408608108 -0.287274878138489 -0.636959097695109
0.692187893693014 0.430247638937632 0.579450506094715
-0.386455383153367 0.439703029578923 0.810748717304506
-0.866829254699596 0.486590457426908 0.108796920627447
-0.805273660958494 -0.394697046880226 -0.442434822488616
0.630997066341536 0.70832450541862 -0.316416019335056
0.52947330382604 -0.824872406126385 -0.198099808548129
0.25308671151857 -0.911660193275406 0.323763506976566
0.395451552608197 -0.865404068974835 -0.307723686026223
0.143014713763415 0.0512895996242573 -0.988390696343077
-0.900349518469896 0.279069786596298 0.333902379147145
0.604905235045331 0.265892862088348 -0.750593526820755
-0.38792559700592 0.8935552858775 0.225992659765709
-0.164806306335338 0.389202531218372 0.906289286643793
-0.77577605443976 0.62871435012773 -0.0537566675059429
0.890523084888804 0.432813849440417 0.140145663552948
0.217969949863992 0.104870816980588 0.970304700958474
0.0667940933469356 0.502149982607712 -0.862197160782286
0.729360428097342 0.663173261450812 -0.168031518538503
0.400283711111301 -0.114142817979905 0.909254842012167
0.843973357904449 -0.145568708256544 0.516254513127013
0.856226850156126 -0.29007809352178 0.427469625506291
0.868697747717904 -0.0708849710619298 0.490244371703939
0.906782997076666 -0.407333936845525 -0.108736654843645
0.722533295797802 -0.542408814763066 0.428647074095802
-0.508489772755696 -0.480873463051208 0.714282061608717
-0.0116056984862708 0.0375465193244762 0.999227484934868
-0.0128059605540087 -0.295503637907531 0.955255781117133
-0.217994905718734 0.292820662422634 -0.930985650125205
0.955766101740079 -0.151145569034218 -0.252321572058149
-0.0155368752721715 -0.396327764276974 -0.91797761888294
-0.514521626625078 -0.551752021643876 0.656381902818001
0.527544716546481 0.6973441772662 0.485188283532094
-0.0130342544685495 0.610371129017151 -0.792008328916292
0.839733610049562 0.51772180553706 -0.163742469214852
-0.53703530895737 0.640760505971257 -0.548652030817824
0.746420360401042 0.665288168627353 -0.015757482769837
0.444010328658378 -0.838801403215872 0.315066713582636
0.0923741143842561 -0.702173900607864 0.70598784429823
-0.747887426355931 0.374133169119921 0.548350954465282
0.551385052531175 0.09488987804601 0.828836796293219
0.00197883011565139 0.456414033262785 -0.889765314266729
0.656828700793815 0.613535239413224 0.438349823556104
0.153370668849309 -0.965780417347348 -0.20915454430898
-0.856458741362959 0.315516819199615 0.40856769469102
0.450750171296308 0.837212267780097 0.309677092718944
-0.809836608260095 -0.0349602095262325 -0.585612885506857
0.307341378076584 0.777137282849656 0.549180226270976
-0.125700586971586 -0.927347074064321 0.35245817717758
0.0266345156329129 0.99847996484221 -0.0482531075237629
-0.510481594051445 0.361145374806314 0.780373346796713
-0.354747367937676 0.934446537880512 -0.0310479111119686
0.520440811537647 -0.846466998950399 -0.112405433026797
-0.456835075190311 -0.710373417397845 -0.535416960816867
-0.205696331441045 0.978469167696073 -0.0169442350034227
-0.652547666956168 0.00217971751292961 -0.757744542165515
0.439013694568733 0.780395023071292 -0.445253392964802
0.10193322151989 -0.940241059571066 0.324894395530695
-0.210910238740668 -0.859040132200423 0.466440695548142
-0.108084902982024 -0.990164601964944 0.0888353238468237
-0.994479904784113 0.102580658952938 0.022066431278366
0.665165415462436 -0.617842692542062 0.419315367408662
0.46467466101034 -0.84796186973948 -0.255025737687104
0.949034850702453 -0.0160013942971233 -0.314764685968298
0.874906159285845 -0.406943705857338 -0.262556722836777
0.637949345328867 -0.769516742834864 0.0294043413681007
0.22267056546183 0.57086033514164 -0.790276089122582
0.375932435591012 0.603275133117057 -0.703373242050909
-0.462978218642624 0.577061740178165 -0.672793368787959
-0.222213111457516 -0.759630964209758 0.611213654387828
0.871689539733583 0.153430962980535 -0.465420547374006
-0.680895752756573 -0.719936227870861 -0.134435120698187
-0.985362874877515 0.0137224948599618 0.169916738280657
-0.30531124635348 0.397872317743726 -0.865148924534568
-0.714676465290116 0.410507338545788 -0.566322589131388
-0.573463903004898 -0.721701933342653 0.38766670138131
-0.516401427337375 -0.6171254218516 0.593705128450485
-0.887230654280814 0.00761914733572015 0.4612631729266
0.80959890247403 -0.549022937431542 0.207661819521276
-0.130963217316587 -0.889809690564913 0.437135391254085
-0.0790613742805986 0.962912277897066 0.257971401849016
-0.190468275899448 -0.973268899985287 0.128333488214574
0.00370201077638122 -0.951945124697863 -0.30624626476119
-0.940307898609984 0.105152265577226 0.32367276199219
-0.720974256156829 0.179788330712252 0.669232603882095
0.170440963194304 -0.778386385815333 0.604205687198276
-0.557072749169343 -0.103123968866898 0.824036042402302
0.370728021073389 -0.334416462873015 0.86644466860297
0.118454031202891 -0.981827618702448 0.148267223771356
0.304705073568823 0.864193619056612 0.400405053568576
0.66074548183374 0.151315800376156 0.735199929810132
0.80325766707549 -0.0671866031854083 -0.591830280263563
0.767509233611993 0.568590576866737 0.296030964965969
-0.580437869842511 0.812793901125751 0.0495777525254063
-0.36395671834174 -0.458638026922375 0.81067050485056
-0.437713679401335 -0.471819473606859 0.765371229659367
-0.296913680512468 -0.518427510899945 0.80191968567097
-0.934535457128644 -0.169648338121975 0.312830498420164
0.0901111329186455 -0.90217290141347 -0.421857842974762
-0.516847013490703 -0.589007809217198 -0.621239861347368
-0.469485834549385 0.697238097677007 -0.541702950245995
0.953399278810065 -0.273675883675438 0.127009156594774
0.578995401431812 0.672572598054599 -0.460880055401513
-0.852390386950509 0.522093054481425 0.0291456805825003
-0.0133634200651329 0.678048828604549 -0.734895370125681
-0.92925161822915 -0.302882180121739 -0.211550974904889
0.959682009952375 -0.279678298695886 -0.0281156364385393
0.451185089469887 0.00772643879509413 -0.892396950456239
-0.913735670023217 -0.396584381849762 0.0883626244521106
-0.616104873455423 0.415208987059267 0.669340184039248
0.769983665769293 0.631494884209481 -0.0913201273856719
-0.946793603289261 -0.309533443868613 0.0881528212672378
0.649299899572162 0.758371060189658 0.0572972554525506
-0.197727443604693 -0.933199191381999 0.300071870140364
0.654676183041972 -0.195931790051798 -0.730075221470153
-0.730349230827691 0.552019330108527 0.402324073622166
0.716440354415325 -0.0167171483456114 0.697448030692205
0.323135544626554 -0.686084916448161 0.651821223358997
-0.896755512136657 -0.386553219621961 -0.215420890009346
0.0141936685115208 -0.796801858500388 0.604073950824328
-0.49840879295479 0.49955877564654 0.708540545614631
-0.699785402282219 -0.545210823280223 0.461568574461927
-0.148257638843333 -0.867271628351295 -0.475246878139661
-0.670147528259033 0.579155929569946 0.464198987086659
0.197353230184036 -0.974342937711884 0.108201396788129
-0.447720965937578 -0.67446090242142 0.587067651778571
0.119263546524828 0.256676431357694 0.959110742331561
-0.224151813617773 -0.701733604248244 0.676258761954795
-0.767260467203515 0.632765701806638 0.104493741840343
-0.262976449949341 -0.0224150563880587 -0.96454183528718
-0.431938897976121 0.901896315088377 0.00343878542239957
0.552240387514033 0.336660360522958 -0.762686276296422
0.639071691822343 -0.234729931033026 0.732454252625076
0.180139493435151 0.982811739704128 -0.0403837492646807
-0.0868809596031326 -0.33043386814169 0.939821875486711
-0.323012138072978 0.876023452851389 0.358114602762654
-0.53580664660923 0.0586039392616246 -0.842304467370553
0.465507817133628 0.884997742940606 -0.00902591699040672
0.647289765901657 -0.712315733177894 0.271334213150897
0.291404692250139 0.821556416457901 -0.49002893783067
-0.927790211291992 -0.11447723601582 -0.355106021161202
-0.347541894339436 -0.379219358684113 0.857558924901471
-0.92422662009672 -0.254780359704151 -0.284415405724824
-0.862530722353672 0.180084799737454 0.472874420855657
-0.622740234041509 -0.23344855132405 -0.746790716861578
-0.611858019364376 0.650337504345189 0.450212055126886
0.113004547941485 -0.178531954278635 -0.977423303101574
-0.682272128612285 0.114835688148497 0.722023204091339
-0.953749367699002 0.0936082794833656 -0.285656495858082
-0.0925283829220679 0.815944369821058 0.570677915913296
0.561281271131273 -0.805752933576319 0.189012022661043
0.652034423346819 0.701245227288338 0.2882815324923
0.784947322207104 -0.562451667395373 -0.259818827655083
0.323492080907476 -0.794183820193417 0.514417081105538
-0.0934615236412839 -0.530347441030419 -0.842612921448002
0.984732501826422 0.173390081978447 -0.0154200946230249
0.352667638838223 0.151619031962879 -0.923383563673792
-0.60378203149036 0.632832712336823 -0.484737059286572
-0.766672206359181 0.576209946719617 -0.283188674381095
-0.762223894311561 -0.470867612371968 -0.444182875130998
-0.421543974613811 0.902873536562362 -0.0843804150390611
-0.256437956000982 0.382682985994787 0.887577211825626
0.274641423272312 0.947053267303035 -0.166319564434271
0.667323522746549 -0.705488931807107 -0.238672753130312
-0.886461187949872 -0.289050533174091 -0.36143651106422
0.528045185862321 0.0188954135440407 -0.849006033567858
0.771987361592534 -0.46867374636807 0.429395427323948
-0.467860906086042 0.434284196067756 0.769742430688429
0.627099553911522 0.443960477898465 0.64003534554596
0.417991287605637 -0.0754536859885448 -0.905312114553055
-0.532588842616056 0.582002117374878 -0.614510097632292
0.108046714546419 0.39750135042218 0.911218186763339
0.0255918747274946 0.2546427542597 0.966696500278638
0.816365675742988 0.495852658395229 0.29610340192419
0.0184978935306866 0.998932932605713 0.0423181295744285
-0.0651086511492229 -0.771344389308524 0.633078744413196
-0.245207889697745 0.607095136466571 -0.755849579022582
0.0158131408392815 -0.847800164587274 0.530080018018589
-0.490803162360182 -0.866787277868533 0.0882727066680469
-0.239932860435007 0.676088539907569 0.696660971125215
0.236098987958317 0.953420319868884 0.187741741619099
0.0871277457578187 0.127735789292389 -0.987973847858845
-0.804969016005547 -0.504751360648147 0.311850841260539
-0.673302944096964 -0.267637591570052 0.689226570184974
0.912123817938859 0.204174911287909 0.355447248335408
-0.5805661799663 0.300668494000656 -0.756664633371162
-0.993569528580884 0.0587336837742032 0.0967984827663731
-0.574842551183493 -0.517738832803633 -0.63364228264533
0.771881346047882 -0.5255749223118 0.35772921136001
-0.0775876302855152 0.115913895552605 -0.990224281889966
-0.0300972197638342 0.960302877679474 -0.277331102624658
0.527732178918539 -0.515771792683914 0.67489125435548
0.235558235976276 0.0553530594838217 -0.970282616699653
-0.813773061883039 -0.44765027784729 -0.370651632259656
-0.616022703901258 -0.750104931802905 0.240538187328214
-0.0737438300742366 0.395762592945929 0.91538725004814
0.298531267948427 0.223069229290869 -0.927965086089278
0.03129000200457 -0.468566236271508 -0.882874066897939
0.833422830412124 -0.486351349338287 -0.262428563126562
0.30649190094399 -0.63266990639738 -0.711190202544207
0.837519797270532 -0.265169868369751 -0.477750489365208
-0.761747903228497 -0.113305923219424 0.637888626399924
0.853406762101867 0.369936635074388 0.367210817417797
-0.269973391820146 -0.138771000250517 0.952815290178845
-0.753596048557031 -0.0525140201288544 -0.65523680703173
0.161957701556245 -0.514275217221857 0.842193982321193
-0.749166493148372 0.661946267225681 0.0240146798803934
-0.349452656721275 -0.538236873796005 -0.766931488724219
0.338922743246313 -0.916748608004924 0.211431700157351
0.754944308655186 0.528880964221141 -0.387742203678759
0.0882692602916111 -0.644945720615976 -0.759113664181268
0.0581536945588685 0.872504023918272 -0.485133874364157
0.307061910032101 0.922485002745916 0.233953848261372
-0.12457451684421 -0.590328419275725 -0.797492035789985
0.226569585646876 0.723748468785224 0.651808543048375
-0.850109328064725 -0.242101908897556 0.467654569148534
-0.889636059311238 0.291017993409754 -0.351932109198539
-0.453899537971979 -0.801489613864942 -0.389345101799741
-0.456315220425498 0.873028647954055 0.17203894750766
0.84591665501376 -0.517366848013554 0.129447121817567
0.0654692910288616 0.692498337251575 0.718442638514713
0.731229709912511 0.0510611150682253 -0.680217519525375
-0.240489019205206 0.53481616762814 -0.810022653069201
0.245776484543449 -0.836984489212903 0.488928301965103
0.791051417244629 0.334787219835128 -0.512010910733677
0.228972848324769 0.904747435850863 0.359170589067827
-0.76774038625184 -0.522101039730146 -0.371463596642493
0.884848830033671 0.436482248927786 -0.162867413434933
-0.72087059044327 0.670301370965386 0.176186446459129
0.461531735419139 0.858904689620235 -0.221971149813136
0.587196242851109 -0.376951349864815 0.71631574896594
0.682405270011243 0.730774657741928 -0.0170718207303879
-0.295302672240044 0.313921519820109 -0.90235780661649
-0.31172816324874 0.477360631704054 -0.821554854855519
-0.107357578339607 0.0331934809032228 0.993666213171497
0.482083440230345 -0.860704155127319 0.163657917627727
-0.658736464398529 0.667636502040486 -0.346882936471181
-0.362829481940938 -0.82457897943445 0.43407864922075
-0.157573600031149 -0.960580480132127 -0.229032097668332
-0.339761341229616 0.508066753041643 0.791473565862799
-0.0855693644585731 0.935964966050316 0.341536917759393
0.65225549800639 0.561656793069896 0.509022997632598
-0.319436595150287 0.691505910775809 0.647904188164354
-0.316543424576031 0.907124470820134 0.277354384852611
-0.952190290599922 0.226252434713519 -0.205288787500536
0.82848275159968 -0.557631011167039 0.051613812944298
0.976844348205184 0.0341609632852115 0.211206410809463
0.894903856886499 -0.445237122524246 -0.0301826383207068
-0.674814312989303 0.625802054861313 0.391148860558398
-0.341238885448668 -0.0335879703078287 -0.939376320389412
0.0135428336572505 -0.74019509764024 0.67225576166061
0.787731099543593 0.593191770173314 -0.166142224044618
-0.21734126343783 -0.210205788834231 0.953192688572372
-0.140281481609949 -0.465067286673906 0.874090112507337
0.210997318668835 -0.4535314444548 -0.865903782417714
0.255352268266056 -0.136947813653215 0.957100055076262
0.37941757000539 0.853158125720735 0.35799932973106
-0.969878911389561 -0.0320370269583122 0.241471584550798
-0.525741340342089 -0.837608861343208 -0.148349042648202
-0.407791152549773 -0.910315703268003 0.0709344506273864
0.144828288665172 0.739931794400512 -0.656906162581503
-0.84666783807478 -0.374683824862813 0.377843358226595
0.82605359310276 0.253749248001534 0.503236306779107
-0.94490219706454 -0.166036703514829 -0.282119923203827
0.251746404726042 0.330047502295156 0.909776013058291
0.207074210942742 0.420038647823998 -0.883565394012593
-0.0417528104888738 -0.972896300881663 0.227441180411677
-0.216281509642933 0.973666770079374 0.0720786336564014
-0.227441983389505 -0.86919108901775 -0.43906377095359
-0.52448139451325 -0.645662196134236 -0.555013148756451
-0.0345190338992717 -0.989846781004871 0.137883234778401
0.973900239434385 0.218950094849941 0.0598262450338403
-0.445214847022163 -0.544751222560878 0.710654519094518
0.688037553649459 -0.725484847739134 -0.0166150675290247
0.519558146067442 0.83906941212684 -0.161312908621975
0.456719905549155 0.758894791739417 0.464204290098614
-0.627365008039059 -0.114011993912773 0.770333961300023
0.94744114399283 0.215117807192757 -0.236811333550862
-0.631279625092395 0.751188595444929 -0.192877497434718
0.0682836546669915 0.857033430712629 0.510716204115613
0.641491065357847 -0.763593710458888 -0.0735789264238298
0.370417423298811 -0.00385446655975888 -0.928857403267159
0.370023728645922 0.778296868357911 -0.507283377357506
0.286578757934596 -0.957821881027874 -0.0212098968618358
-0.424385916725756 -0.326661292770484 -0.844505176710218
-0.745612592726768 0.0976209670232446 0.659190418896326
-0.0686011213486173 0.251851405436263 0.965331422740134
0.541931081832488 -0.136217212201495 -0.829310299974577
-0.874154999342343 0.448364711299953 0.186606866930717
-0.137374440861828 0.272572654999046 -0.952277486211173
-0.251178137188793 0.838140670400238 0.484179470877699
0.967512099933295 -0.0614949396897637 -0.245231949132284
-0.743998713610087 -0.622552337342226 0.242681893466049
0.547066223995758 -0.716704469320603 -0.432496532031062
-0.282695767905812 -0.865064515962515 0.414423076131968
0.0659206407634107 0.712529209376266 -0.698538900067115
0.389446449213676 -0.840735883447372 0.376157729521576
-0.913865906162311 0.403119317513967 -0.0484140620193355
0.601309436292187 -0.683446443665165 0.413917770175925
0.732788940277081 -0.595878825368442 -0.328555618556614
-0.990984546102923 0.00952997969611284 -0.133636854468276
-0.568798265507811 -0.817826567436686 0.0873397890427619
-0.955650067312764 -0.0758026739489796 -0.284581980222386
-0.803671079462902 -0.594920054893277 0.0135249517823059
-0.210681250620172 -0.258583282734022 -0.942734372200153
0.569840326775617 -0.222069555062942 0.79118083564657
0.143275951373448 0.542386444213046 -0.827821808659304
-0.0175561873604601 0.181532462280182 0.983228226519082
0.765400132863561 -0.0131544464715323 -0.643420233712362
0.45315279007872 -0.432274459953868 0.779609735775191
-0.0654825978643178 -0.578585754445023 0.812988655597496
0.22831706049682 0.826742842495861 0.514166891454473
0.763495225268159 -0.335832943411902 0.551626028312679
-0.172993552282996 0.830809188135859 0.528988963757795
-0.152482809543963 -0.936741955521921 -0.315061107657779
-0.975908060591606 0.0515776315798186 -0.211998125446777
-0.431311967185637 -0.180888439291319 -0.883883114157752
-0.326165563973201 0.745923840035643 0.580700998573728
0.796108721757019 -0.590808786156939 0.130980461681007
-0.971669479438549 -0.218975666629872 0.0889273869605007
0.895880330770843 -0.346289954570527 0.278355348972259
-0.472828669673372 0.683557448620827 0.556041602373325
0.91575131354336 0.124140285986472 -0.382084704141382
-0.994999379635155 -0.0338462730619819 0.0939716144666585
-0.7153778671092 -0.59298088961755 -0.36960542717697
-0.444765885545164 -0.73050805303268 0.518209698394028
-0.696741491304762 -0.484570083290251 0.528907485931609
0.810648490601665 -0.330664831654549 0.483228510947059
0.169563023827365 -0.82982417985954 0.531639174131254
-0.0711543864851523 0.982602441068477 0.171550272777958
-0.639217051566001 -0.662308238805813 0.390831623333132
0.217829350509969 0.81221507227464 -0.541162683881942
0.962798184778912 0.125323182792324 -0.239402914019929
-0.448245260469603 0.569071311495537 0.689372199105307
0.161363610414841 -0.942186326781186 -0.293677903255358
0.895878264296252 -0.395010722153522 0.203392883221827
0.427920953537887 -0.22618404766341 -0.87505681764433
-0.50316001608601 -0.776312813183821 0.37969515969913
-0.142454964593417 -0.795490803848538 0.588982991312224
-0.752573296081221 -0.577697983938916 0.316067197567793
0.00848101638319368 -0.668002087394193 -0.744111069396302
0.0811507062401075 -0.489226959157161 0.868372929858232
-0.543890737632003 0.427264201130008 0.722238304128805
-0.202331841421348 -0.899723723817139 0.386728647435985
0.566291821056733 0.412760440691403 -0.713401984861612
0.0672642762100506 0.326988744625796 0.94263135850341
0.526232275988979 0.743739569494478 0.41222693322444
-0.00995797124903486 0.732546390033946 0.680644272183964
-0.427518816842012 -0.0335689768201571 -0.903382966986457
-0.89986514227477 0.0173733603987658 -0.435822087631253
-0.533374496950265 -0.389477770474848 -0.75087862688253
0.9968566698756 -0.055753343360884 0.0562880487191845
0.794634239127158 0.261884814825725 -0.547697699256167
0.378258422984731 -0.914703380126734 -0.142261350428822
0.813142617585828 -0.21015049766469 -0.542803695452556
-0.323999781357891 0.743438687280537 -0.585083805907009
0.821184574932908 -0.396876390736522 -0.410054904089941
0.167935100972355 -0.588450363862775 0.790900734056539
-0.397012904222015 -0.917589314686244 -0.0202633525071633
0.586650111940396 0.576546268217315 0.568714380656062
0.4337241695693 -0.273801499417937 0.858438165302493
-0.168764771764641 0.875022477597492 -0.453711489286282
0.986121135273408 -0.0983531955416952 0.133760066887778
0.00825277537179292 0.37880309554344 -0.925440493227614
0.316898062262221 -0.552290315301796 0.771071349330457
-0.659273913730188 0.528202109904623 0.535126562382383
-0.611886282058345 -0.78061039437092 -0.127446420227846
-0.386998240845959 0.634245639100836 0.66930174873797
0.923600821640179 0.0298443833275096 -0.382192144149233
0.859003452781256 0.41927251860762 0.293808820919836
-0.61457926221453 0.126102595662534 0.778710771611011
0.382192268438878 -0.156446459078917 -0.910743419074337
-0.247461877594098 0.737627597284634 0.628226190843475
-0.156185851047475 0.437002016865722 -0.885796374562386
-0.751839020907397 -0.475120746579853 0.457163387434306
-0.538621853388305 0.794881459025346 0.27937423852296
-0.706456036518165 0.452307786102042 0.544368932892496
-0.746400223046398 -0.412238418854092 0.52244252608011
0.0774078655979425 0.183499439463749 0.979967335200547
-0.427700626360429 -0.535022557721886 -0.728576033739532
0.397766545405676 -0.691278139008066 -0.603254763665882
-0.352454241220679 -0.864684756021885 0.357905407264166
0.169361750080919 -0.724816466846452 -0.667800634169925
-0.247435580393343 0.788929138366151 -0.562464619502643
-0.0107525323786331 0.789413412516323 0.613767746942424
-0.371994928437836 0.571822550051099 0.73118995101792
0.631079549697316 0.416344090562672 -0.654519824151549
-0.641167462210129 0.473513385031985 0.603895156131074
0.472072033150274 -0.815564368825286 -0.334668127881905
-0.476543949727638 0.7770218222554 0.41126992561684
-0.462740802797317 0.794288846030908 -0.393670139199537
-0.508663692777419 0.216285984348807 0.833355638742732
-0.160090299309629 -0.329184900342044 -0.930595721811439
-0.640586305526897 -0.739016933787045 -0.208574103731493
-0.00731521603731277 -0.103867163345578 0.994564276451186
-0.445639179513333 0.890876009108475 0.088009420391457
0.73918041605334 -0.660699104167402 0.130724925991964
-0.813477622177258 -0.117065284038284 0.569692792204597
-0.355283370194165 0.248191882486195 -0.901207254926099
0.549283995414312 0.244300209119406 0.79912733666538
-0.719454913689641 0.481836000518025 -0.500218647965692
-0.034979048159113 0.595805312104813 0.80236680904532
0.829927299210442 -0.526001170235991 -0.1858586746311
0.900865756740617 -0.214005648817688 0.377680381548043
0.366714052037687 0.908070789275253 -0.202307305115558
-0.874456664784359 0.482584160451399 -0.0493768113149578
0.290389980138606 -0.573906432199238 -0.76570560042058
0.0624006631132902 -0.108314600581104 -0.992156290381701
-0.735174268153828 -0.268035766565888 0.622636027937607
-0.928259666706651 0.311335637211073 -0.203480004344488
0.656277186210341 -0.73768090581365 -0.158515412682145
-0.847594148855191 -0.511393416446143 -0.141636621118922
-0.0118515723510243 0.839714548917884 0.542898716675996
-0.605244294562057 0.601075108565562 0.521908093214672
0.091846316346735 -0.636610777003921 0.765696397259384
0.589932890829075 0.164465525288483 0.790525316046004
-0.301108640197991 0.310077320148137 0.90176806459747
-0.316924782557513 0.877014686104409 -0.361114832924457
0.466917148149925 -0.640627286548655 0.609577769027749
-0.624415745892711 -0.0820771855525589 -0.776767862294148
0.804308864804996 0.455091997271105 -0.382071359847732
0.327411332481117 -0.838455674115319 -0.435653419482465
-0.290619316146512 -0.399590867091628 -0.869406436610343
-0.381547364103754 -0.815070614857965 -0.435983373238632
0.34307107408375 -0.234445444720506 -0.909580986815812
-0.407980070737646 0.897920278045565 -0.165201199013448
0.163395224418045 0.976513216895068 0.140441937706022
-0.372454149619706 -0.533678784871062 0.759252830755084
0.93629789898909 -0.238708346777382 -0.257613216911371
0.585827100022414 0.760792745303063 0.27928660471558
-0.876412391855999 -0.477294951694193 -0.0639597411539896
-0.811735185195515 -0.541246586079356 -0.219404015854418
0.765793828769712 -0.40889963996714 0.496347555905102
0.423994956976536 0.394159503084379 -0.815393501682924
-0.184858477176145 -0.531088776746586 -0.826905106182041
0.382668139848462 0.71978964592934 0.579195960239566
0.068902195032574 0.754714241845025 0.652425398552189
-0.674527496600473 0.72884661816701 -0.117453239701641
-0.424148848480197 0.872522419139406 -0.242492025501955
0.238664725146989 0.466957157457769 0.851463541244998
0.513391936220946 0.17476796393262 0.840169553486768
0.951088265522991 0.262807293297085 -0.162368216638385
-0.888422545275837 -0.340041409101715 0.308345943935903
0.0112789435232301 -0.883753208271755 -0.467817327920182
0.167050625800235 -0.660388756417448 -0.732107081523712
-0.91766530894978 0.0575948019956147 0.39315800835439
0.955426706488913 0.262426337400251 0.1352487558776
0.878848940433357 0.287179603319618 -0.380988733870639
0.386221973918351 -0.493856870042603 0.779062243196484
-0.0478653388247449 -0.616030260729087 -0.786266893112794
0.7606722075568 -0.263548053473152 0.593228637340762
-0.66094940124588 0.509802447620329 -0.550678993055877
0.580087365449798 0.554511604283175 -0.596670368931466
-0.511067202177202 -0.729376922944398 0.45477425073868
-0.248241368907649 0.878873506231483 0.407378917971017
-0.783583145134824 0.293582567654385 0.547546099091277
0.620559523060777 0.341271674997932 -0.706002494459253
-0.9965713146909 -0.0808778756474029 0.017446603280121
-0.571659574292343 0.0538727771679852 0.818720376563394
-0.228934913710849 -0.778112268364222 -0.584918885919485
-0.690409241296663 -0.219805363095069 -0.68921744165888
0.05797854208133 0.0369524707488336 -0.997633702098962
0.884637306056873 -0.231323474850296 -0.404853413861886
0.345399578512074 0.184052672312462 0.920230267366991
-0.955704474492984 0.00817436012953803 -0.294214440961966
-0.828939527321839 -0.185030965704039 0.527847328092202
0.086108096544137 0.0381843329290529 0.995553791830612
-0.523467368855044 0.44346073990263 -0.727546896020448
0.00299972501957155 -0.182691631907699 0.983165687603422
0.651657599724074 0.194165291841406 -0.733240896408541
0.0894250381355347 -0.565491936993053 0.819891475593144
0.0924767419320988 -0.762123428359861 0.640793205446683
0.297353978660702 0.772015640252737 -0.561758366719899
-0.775240608029491 -0.193665527346831 0.601245094100184
-0.854471781305564 -0.519344723265428 0.0126108433045568
0.218873265718041 0.497968433843619 -0.839119736658156
0.0105318675535472 0.991144158916987 0.132371960817138
-0.923832375375246 0.138238000582263 -0.356964980640327
0.320764639306434 -0.838683318898516 0.440136725088902
0.40421782013009 -0.789585192703397 -0.461695979355266
-0.226281955359919 0.960909766738544 0.159527103856898
-0.0749151789785889 0.411751550075805 -0.908211636662281
0.109105264708381 -0.965416942458971 0.2367829563674
0.518229429629662 -0.367511537833798 0.772252243651485
-0.44800750622045 -0.612448606506968 0.651303292451226
0.463230011011104 -0.629048302107592 -0.624272529040169
-0.380122750905745 0.416275178628777 -0.825967111876392
0.306252916714629 0.89703149405112 0.318659143418477
-0.607658518175556 0.0717196103445453 -0.790953489644438
-0.600746176186424 0.578410459768609 -0.551856296355906
-0.126311134689181 0.990317527855023 -0.0575907221403553
-0.760085706170373 -0.612087666894587 -0.218216423101073
-0.791926885954953 -0.33549474198132 -0.51019122435081
-0.0894599829513877 0.706835025679487 0.701698765798413
-0.354179519474387 0.88897917656577 -0.290297935950874
-0.600207353978128 -0.0302399406731123 0.799272593186243
0.208261470020792 0.599788517468743 0.772580671786077
0.340060481424717 0.898459114160216 -0.277723043976602
0.250774586958988 0.968017014926942 0.00742733784619207
-0.869018326363034 0.36261119806953 0.336630758368529
0.0541326738227635 -0.998506028983422 0.00744067930745658
-0.779171659791678 0.475636042989527 0.408242426980277
-0.304280000677827 0.0656429117476792 -0.950318204247813
-0.648005624514809 0.311299016553875 -0.695112676398412
0.366109803815458 -0.928823876349202 -0.0570071773888925
-0.340250564125098 -0.328958659266215 -0.880917563740403
-0.84071036148992 -0.0985544533844755 -0.532440708249825
0.582722034213858 0.186218850441619 -0.7910483996456
0.841914182123039 0.315604424770478 0.437692080126418
0.224200867288616 0.638764537891517 -0.736012116910632
-0.26754957281512 0.950285109712071 -0.15929669282808
0.374486659698462 0.725823267827186 -0.577009814118056
0.751991974805625 0.20388980817113 0.626846883977162
-0.742634843074516 -0.655133122492609 -0.138903137706724
-0.799427169741381 -0.550839520721197 0.239774941749398
-0.674818061784601 0.0869718420777453 -0.732841375861706
0.45363709243142 0.879926547156538 0.14121848313709
0.967530271342853 -0.140552035203193 0.210072129125846
-0.305742167666479 -0.724660713337553 -0.617566658309621
-0.287297018952434 -0.441732278903947 0.849901768838829
0.98272864101374 0.0796249719311356 -0.167045748153772
-0.538018910039619 0.69391028028548 -0.478564703414185
-0.482622564505615 -0.463571472445167 -0.743086098756425
-0.878251945269754 0.0916035900912057 0.469342415420017
-0.549385264664395 0.285235832321989 0.785376566322943
-0.458383856508248 0.507100225029507 -0.72988601977819
-0.892937781223088 0.125181858198316 -0.432425278218567
-0.145422119249253 -0.67917983598541 0.71942140475794
-0.0694213411084538 -0.898352110318726 -0.433755879827116
0.964162703250136 -0.195686554376861 -0.179156507270881
-0.987766803602082 -0.126592323507737 0.0910556166891353
0.272234630980029 0.902273718573898 -0.334350777576483
0.987711989441507 0.0804529166295433 0.133986395276907
-0.673926463758891 -0.367263648470983 -0.641046436662133
-0.134716958478628 0.990328530195597 0.0331774528693213
0.740523206355204 0.340340751279448 -0.57947696577858
-0.774808277368521 0.0318361014114406 -0.631394168462258
-0.964133897010816 -0.265039671542778 0.014135103226828
-0.539296240097257 -0.842066663475885 0.00912686581211209
0.17105833939059 0.9840031809595 0.0497673023833911
0.612828998335837 -0.694886384404168 -0.376262583269181
0.134470591531875 0.193320751297637 -0.971876919743845
-0.949110550720694 -0.30894912722859 -0.0611522632071239
-0.00862416893407402 0.921268109970517 0.388832474545978
0.555048429501677 -0.14122670337852 0.819741580719532
-0.220781945699779 0.0511326063639683 -0.973981924380246
-0.144342563118093 0.981963502292872 0.12211840417077
-0.871996994658166 -0.23352766576526 -0.430216306791544
0.785179541666091 -0.520910009761975 -0.334881843459462
0.278991924636238 -0.225813048601047 0.933365937384298
-0.062771475659175 -0.82471951939211 0.562047556864379
0.715428917424014 -0.696520564658669 0.0549596863261871
0.313150513434233 0.938679422849629 0.144283391471662
-0.300620637795975 -0.589816660191306 0.749495523330136
0.30173595907785 0.655895314156708 -0.691922501344365
0.17035430521233 -0.121676838521571 0.977841581066698
0.971408527822437 0.171805389902025 -0.163854752980986
-0.471414475473203 0.293701242376745 0.831569583703421
-0.331095234290554 -0.942992265417929 0.0337865830181913
0.573704280345746 0.794486342112619 0.199135257826135
0.488948706201618 0.818572505976951 -0.301443552199045
-0.89844068459245 -0.438906816890513 0.0128507725871591
0.0837728392238619 0.97984917607996 0.18132209888427
0.916368359905762 0.395394996330095 0.0627042729066219
-0.611662870149882 0.783405450993179 -0.110201781447409
0.429506598253994 0.824445772470249 -0.368528493216218
0.32129124256774 0.0676959034732346 -0.944557675370975
-0.194128972784213 -0.957522093288305 0.21322613064662
-0.246441575146506 0.0942812341256956 0.964560832156814
-0.641639470156934 -0.552896541170229 0.531605309509534
0.343938644745648 0.930864831797003 -0.123275600075863
0.079021401013799 -0.531881590815383 -0.843123710693463
0.592854758890749 0.630786142173603 0.500631678684374
-0.180914337730286 0.941904937483232 -0.282993093817359
-0.70512104025858 -0.489434730131926 -0.513086701762331
0.592379491231872 -0.547267484292241 -0.591256999116552
0.0105519004933433 -0.536767639001387 0.843664126958623
-0.383471980164389 -0.770339726685723 -0.509436891006695
-0.935143136061625 -0.354020212908017 0.0133042823703758
-0.736265699690519 0.101135173499529 -0.669092292692458
-0.459534340022075 0.046490829895091 -0.88694238430472
0.308036659276082 -0.931358781730987 -0.194124280383995
-0.288696818360203 -0.604321069330165 -0.742596924470026
0.987966084639973 -0.144940245149773 0.0539938972207573
-0.445707560255175 0.354070267054032 -0.822179430975785
0.521773682232562 -0.560994595790448 -0.642679770977262
-0.477004333392477 0.732932608847714 0.48505325152243
0.0924895618674728 -0.816336489911885 0.570123158785806
-0.68266446655286 -0.689353049908532 0.242407917956294
-0.0689217101938057 -0.809189766488619 -0.583490976514681
-0.848476465957487 -0.473320633783978 0.236759929782527
0.792895076535716 -0.115738851234586 0.598265756934424
-0.0257191004699323 0.324753903487605 0.945448798212035
0.1493147670602 0.275127488553381 -0.949742052022583
0.0534491744477899 0.913826312248158 -0.402572548485091
-0.54435702688883 0.669733705384413 0.505106118700633
0.981027037293459 -0.192262822705381 -0.0249190510368498
0.377198670412495 -0.0384795818755995 0.925332634687508
0.543229169588461 0.80580464758802 -0.235756101159181
0.344332454331894 -0.377334361456428 -0.859682464959036
0.541774165304698 -0.832940644269925 0.112652727137874
-0.421833424348919 0.504511896723422 0.753342092390038
-0.2714367216781 -0.930558387862749 0.245729918615801
-0.582929710041977 -0.0120700318566637 -0.812432931066532
-0.166311128094779 -0.358330020040992 0.918662182420319
0.318964499376072 0.946112461569568 0.0559719411897132
0.819727422600668 -0.25408198108362 0.513312087842367
0.176209545276479 0.029977343325546 0.98389610988183
0.380792370148408 0.904985435162183 0.189732793636399
0.096801513180791 -0.906535701742132 0.410880138863891
-0.845554331644567 0.0243127726423385 0.533335505403074
-0.826749150407472 0.0512037520398693 -0.560235680832239
0.858286267028981 -0.368234485614861 0.357418588539285
0.472511289063127 0.104561517006176 0.875099977642137
0.805312929775166 -0.347245029853546 -0.480512200031329
0.954012570060649 0.214904420282189 0.208988292278424
0.709869976136524 -0.333348910449836 0.620453963547529
0.755454909266297 -0.237858732098534 -0.610500699123211
0.718687366464181 0.192300723377832 -0.668213215278733
-0.923219496269213 -0.302652921013586 0.236784651340339
0.482472185573435 0.0912521633361588 -0.8711450125177
0.0195158491072645 -0.892953124683721 0.449726415447437
0.456267422650319 0.396204919019781 0.796769540816266
-0.924046674912993 0.192675254422701 0.330172665306184
0.0991709161516558 0.995069882630679 0.00102862578623392
-0.590419141221118 0.450316920411326 -0.669790944154202
0.333942642274006 -0.157482938293076 0.929344627045121
0.230955529033484 0.93310035922593 0.275650618031781
-0.721700599494757 0.504114717498898 0.474359142728286
-0.946180329380104 0.319934485046885 -0.0488334882221413
-0.56669739374742 -0.821012328170092 -0.0692302023152216
0.50842064181994 -0.86068981776617 -0.0268605391799446
-0.00280694062217791 -0.975359812741788 -0.220602259219277
0.515148024382615 0.676461983854052 -0.526328507089375
-0.297835380345145 0.449345775262025 0.842248455308072
0.888831258839266 -0.440288435807976 0.126984591994349
-0.997731959123613 -0.0352749354765754 -0.0573290211889263
-0.722652627739189 0.318613827798984 0.613399061261854
-0.726122228269071 -0.136019228671068 -0.673977209588935
-0.778867094048891 0.599875093773249 0.183073541721278
0.285630042538569 -0.0152049605581621 -0.958219331872322
0.622281351810534 -0.275163079588474 -0.732837771147368
0.46428217767954 -0.146657979405938 -0.873460643970701
0.970066887702401 0.124273252941799 0.208629796497626
0.941552793388457 -0.282648228060892 -0.183271155494887
-0.149691867809594 0.356342819751169 -0.922286365248593
-0.297393583528099 0.948523564289087 0.108904106739106
-0.510387793684474 -0.174949617907419 0.841960172010495
0.403354368342821 0.0799061869391399 -0.911548273448867
-0.381930772246582 -0.232595210946364 0.8944430406996
-0.641127135618909 0.0432397323758668 0.766215584230154
0.805343460859035 0.0352475778425316 -0.59175967952187
0.776284856014303 0.627250950481508 0.0627540233204045
0.817336261247024 -0.389337856019574 0.424708688303898
-0.591935675350473 -0.723179023062056 -0.3558430227648
-0.012247715033018 -0.539274372151434 -0.842041058985337
-0.975938152461701 -0.171979408590437 -0.134044043472757
-0.460137550315967 -0.245459551048749 0.853242663952154
-0.824745349805526 -0.558420717429029 0.0892267354564138
0.324231310301675 0.299557036537927 -0.89729573680068
-0.926681519878138 -0.349784326911624 -0.137521945024521
0.375360893587112 0.399521900589539 0.836353065705392
-0.889674966341545 -0.0704384017472183 -0.451128458229436
-0.924913729622873 0.358583744889677 -0.126302377871531
-0.798212383605454 -0.585566488074173 -0.141311283000968
0.168965091350535 -0.524461124515406 -0.834500645162687
-0.228633391448468 0.377538267921871 -0.897324706318357
-0.667647491856838 -0.0408864344379742 0.743353970929209
-0.519779501248147 0.789448902798257 -0.326496094850852
-0.872871382386508 -0.479873326939751 0.0884145910042137
0.235064171184026 -0.458253590546908 0.85717470924919
0.556967448347425 0.455158253633412 0.694707294931284
0.468774568773278 -0.748057062757451 0.469745712625589
0.890155607145425 0.389743665928526 -0.236056920966434
0.26588034644704 -0.931989969424445 0.246378445212692
0.909307657852553 -0.324325706589755 -0.26071520748848
0.748107297538133 -0.18375196367672 0.637628957321686
-0.990149777579955 -0.12707806684485 -0.0587756997860626
0.430489643437235 -0.368203735903388 -0.82407807625253
-0.85080361875965 -0.425642327816802 0.308158743306396
-0.0723647373152564 -0.932813087617536 -0.353019954624002
-0.895153364373148 -0.339038873416773 -0.289401272567554
0.121116189724968 -0.461611405505447 -0.878775158327653
0.251022965458378 -0.791156617550825 -0.557726346264922
-0.403189798078441 0.743120436503145 0.534050562753043
-0.295510449928687 0.165133341142431 0.940959379370907
-0.865335577572147 0.206031323331168 -0.45688667303204
0.946925030816875 0.0780381996278691 -0.311838139763726
-0.508113206726609 -0.0244329895821851 -0.86094366724547
0.716538740179956 0.694982365424434 0.0597640826113771
0.59463684067236 -0.518388691412535 0.614556907316804
-0.431382476570723 -0.889438545599466 0.151023946808498
-0.640536113086408 -0.762811840920164 0.088496232598612
-0.170614612793916 0.720903645399226 -0.671705730176012
0.0636792347234545 0.232125500382591 -0.970599148535155
-0.85229525780278 -0.0655649728109449 0.518935475629864
0.656773583837373 0.660010624979302 0.364738857935159
0.376441671422052 0.667387424623293 -0.642561820739188
0.595524205116075 0.786419091283583 -0.163999798736373
-0.200639578881416 -0.398929684996647 -0.894761904539283
-0.397394548685006 0.694639527908068 -0.599627800342093
0.0911729310620246 0.991613037206503 0.091602844298934
0.584142097437976 -0.206798283410955 -0.784864625256512
-0.578260914297805 0.771573494124906 -0.265120082527428
-0.569341851009328 0.821485172050915 -0.0318114568945141
-0.398300727110744 0.748761054470489 -0.529823946317353
-0.300070325430314 -0.258017119728381 -0.918359932555431
-0.96552923957574 0.238491239786653 0.104284304041014
-0.707453281707736 0.700005889344272 0.0974761975268303
-0.973887915447959 0.186276493930553 -0.129782109527355
0.836208326784861 0.319199912325219 -0.445945120151836
0.502261452201037 -0.82875155058363 0.24678796777423
0.923122989873789 -0.261592977608639 0.281803228569727
0.699794471789387 0.598034278826181 -0.390695147911849
0.033983490674858 0.110270601636452 0.993320450195347
0.214939665550288 -0.601759012400614 -0.769211954644341
0.0911111031864292 -0.764207669938416 -0.638502469911784
-0.585244720049191 0.352374860630991 0.730288008425329
