# command_history: dirgen -cart 0281 dir0281.txt -force  (version=3.0_RC3-1000-g3151ed7a-dirty)
0.664246411084168 -0.713647149786309 -0.222451008007786
0.34315373438266 -0.793041216984525 -0.503320119549118
0.98748566106839 -0.139890213653851 0.072820308350113
0.297374536700368 0.914451201486333 0.274494781412039
-0.857611786414005 0.0179687892849209 0.513983605200996
-0.830130708608424 -0.557244119771153 -0.0190262346708091
0.427682299532849 0.840946812391018 0.331506122712205
0.807282238446868 -0.509386117894804 0.29802880797714
0.871660637167834 -0.179078986622983 -0.456221930821229
-0.574226682740451 -0.799351057280147 0.176922593396122
-0.261379640186734 -0.9567175354489 -0.127954058397676
-0.688932059618516 0.144410426916694 -0.710294478246542
-0.490177078653151 0.747961484206122 0.447526591061624
-0.911765284206779 0.269903681291628 -0.309574012702226
0.268713703793834 0.679218361066933 0.682975375385488
-0.841087345289482 0.500668398395312 0.204702790508982
-0.800191698145466 -0.584943338565483 0.132418038374471
-0.573281191728491 0.0913479870425522 -0.814250711067319
0.0593105879050844 0.554188747577987 0.830275307485593
0.505615232202829 -0.181409980395168 -0.843471194515559
-0.650315612223275 0.710371029547414 -0.269188790402599
-0.454786571476876 0.888122750009932 0.0663864091445304
-0.814766249990339 -0.358134353011798 -0.455955856492163
-0.234890181153421 0.0541013359902877 -0.970515145807514
0.541015496581992 0.662458681077365 0.51812231019652
0.629165822488853 0.17855730593585 0.756483744907223
0.858388509185195 -0.0851173364236286 0.505889519894379
-0.550762726028051 -0.745289216679893 -0.375771743374647
0.0442631740427941 -0.998082411271784 -0.0432697554136616
-0.0857494297870646 -0.293035562531891 0.952248494030215
0.393645266699 0.831117059869345 -0.392794904243435
0.396376837731103 -0.843741322039695 -0.361919858522572
0.536537331499708 -0.789101232251922 -0.299076808137427
-0.341892815877016 0.273665011223889 -0.899008767523162
-0.0396485630502658 0.398761613363366 -0.916197122433756
-0.236822184344085 0.957260713712991 -0.166033668224823
0.708932450715129 -0.216267258311602 -0.671299674739549
0.115464747240868 -0.143655380600079 -0.982868772405171
-0.359874736402841 -0.201423831807018 -0.910998690492563
-0.75358580552704 -0.640994981078851 -0.145718454355942
0.676492898861178 -0.368714758902616 -0.637500419104008
-0.313072327261707 0.943554894632891 0.108119742495316
0.686883506246198 -0.724103338963364 -0.0621723680507501
-0.67444275744005 -0.501969112459166 0.541436955770125
0.913961574042926 -0.390665048929629 -0.109795540518677
0.486778952888802 0.249820500489234 -0.837040004157382
0.0139896049256732 -0.921641022301829 0.387791331729402
-0.558000290875328 0.8103858854385 -0.178634800823099
0.947280491106138 0.312564918269667 -0.0704474487599849
0.852549936236523 -0.520966315518206 -0.0418653116372663
0.640414284525655 0.706046241545872 -0.302271813066389
0.0295832335459087 0.973225759236009 -0.227939583777064
-0.203136137888616 0.793283305729065 -0.573966293727484
-0.173291683759185 -0.91360845317859 -0.36781732778722
-0.740876650981776 -0.135125305897554 -0.657908002486762
0.907370386877154 0.372720244875436 0.194315722674205
-0.579099441922729 -0.134033170018037 0.804163506819167
0.420446413367172 0.331861156188322 0.844448332640921
-0.74858466746347 -0.600088235314857 0.281984229125154
-0.956224652777947 -0.07231847004032 0.283556788511088
-0.748204069674184 -0.265269232925786 0.608130663744195
-0.22339084742628 -0.567608324122039 -0.792412341949278
0.563315681205562 0.0570389731212435 0.824270585944439
-0.963815288915993 -0.194659426083466 0.182120280827359
0.375153617238244 0.573554439110783 0.728213614847578
-0.192706111043716 0.350143514691695 -0.91665908269419
-0.634519562473539 0.573775908112424 -0.517847595444984
-0.461173119816855 0.341238549932531 -0.819069963799389
0.405080598322818 -0.0665707303440242 -0.91185418062533
0.158309897612241 -0.887812062552565 0.432120027196337
0.916235834139499 0.225789238470601 -0.330954854972037
0.624041553059244 -0.685146905704651 -0.375693835002318
0.31799478542192 -0.372733451715815 -0.871750589570481
-0.990271913241867 -0.038924749553886 0.133590425242451
0.0140060795153972 -0.0231878418698134 -0.999633009522009
-0.586709636952885 0.248987661561493 -0.770569235238958
0.697118347030469 0.699984302536795 -0.155074132064581
-0.783324365489536 0.194260753298674 -0.590479210606307
-0.319546362566178 0.421495915302801 -0.84866443047519
-0.133218975729303 0.744429327008215 0.654276456550082
0.0142820144394716 0.754956633296195 0.655619177499885
-0.635176965552897 0.130528842265508 0.761257146940402
-0.164058842329632 0.975111124101638 0.149140845869604
0.864089862014895 -0.227877356258233 0.448799087418677
0.618992969557475 0.784734287085849 -0.0322459657985689
-0.563976615427148 -0.608828812417923 0.557904879366654
0.833038494390803 0.0887609831369438 0.546047941792354
-0.805271943911606 0.472893568551498 0.357643354714517
-0.135780853279065 0.617221302916289 -0.774984788953388
0.112588250509899 0.437367372291815 -0.892207188662854
-0.308688512369959 -0.698695754591346 0.645395727323052
-0.472759175836112 -0.452984570763777 -0.755846373486515
0.540556941710794 0.717498720881309 -0.439310571580016
-0.757811951568727 0.017744989319559 0.652231677714021
-0.961503777080581 0.156914355299668 -0.225584511349219
0.35471205023005 -0.731301075880318 0.582561668699447
0.430038414520135 0.767961229818781 0.474660417069124
-0.289835463150841 0.557653776008944 -0.777828818187591
0.655950208224258 0.631510694765387 0.413429034693369
-0.958260195755576 -0.273587143287312 -0.08299079622689
0.436935988146999 -0.483820010344354 0.758290933515886
0.925006212312024 -0.0527185479321446 -0.376276842083179
-0.646388468067594 -0.753943986286648 -0.11726215882128
-0.535807466839352 0.0250366017504714 0.843968913557831
0.658205610506529 0.704070207950875 0.26655302769569
0.426446644917651 0.875707367282866 -0.226450581639772
0.777812431746671 -0.0339579632899556 0.627578423585076
0.677372142538424 -0.72760147166023 0.108457728866007
0.290266958549419 0.590105565749166 -0.753339574193688
0.989700170788201 -0.117216610572046 -0.0821817385299592
-0.193366356149009 0.981110343663317 -0.00565206745384853
0.513735532854469 0.564413578209241 0.646152547790207
0.984520947441994 0.122736894394015 0.125116580845351
-0.986461364899166 -0.161159515118207 0.0303576390409341
0.117915385133821 0.666691180953795 0.735947573667566
-0.719420684713766 -0.403167110262331 -0.565588330509654
-0.0120484608820107 0.842058502383881 0.539251623227404
-0.626105717063229 -0.265596758125688 0.733109809737849
0.445042406685698 0.0131760577005517 0.89541255729126
-0.447672272432294 -0.0964413173091318 0.888981782046733
-0.133025344652658 -0.932938226362502 0.334560194093127
0.572160393036095 -0.397096572284611 0.717597935421079
0.734498988772038 0.678590714511832 -0.00508701004268018
-0.203738770835548 0.633908851126307 0.746089861693714
0.184071597080733 0.965649212117831 -0.183410049572971
-0.314293942483822 -0.0690378050117638 -0.946812071742399
-0.479573728140056 -0.874158453079337 0.0765247553918883
-0.262941114303205 -0.467566710124296 0.843945106030322
-0.778251257016371 0.339813620676925 -0.528064090953815
-0.552465345944296 -0.499422073595833 0.667352705797982
0.748137078790992 -0.434217919624322 -0.501742672707044
0.348163704391525 0.215414330775483 -0.912347905703149
-0.885564853041896 -0.188980689647995 -0.424336175687453
-0.923806108384282 0.213376396935162 0.317888010693793
-0.968864572538818 0.0863771795134223 0.232035391564475
-0.0451406046915536 0.65020801095892 0.758414048058793
-0.551000642760268 0.431821256002933 0.714092917302658
0.585541744920449 -0.810572003836708 0.0106719984848263
-0.544485549057862 0.532377072014055 -0.648159039172409
-0.058962025367652 -0.139079222412284 0.988524379799375
-0.0111066019240321 0.978965745296682 0.203722146389175
0.520690301273469 0.850629608964765 0.072875774522087
0.443152113051488 0.709728670585442 -0.547632558242315
-0.747642599232222 0.481373151800158 -0.457504571058333
-0.290388763434279 -0.911790785435323 0.290365166069118
-0.140165730167563 -0.569562432027749 0.809908762830252
0.954395170639973 -0.244679266651657 -0.171061143249729
0.472378771010652 -0.1855865877524 0.861635604617687
-0.929036906306893 0.0986619655419523 -0.356589740843896
-0.451196316211622 0.762252114564935 -0.464105158426781
-0.32539573757541 -0.456669842370468 -0.827991708314212
-0.285738041989634 0.720891767001432 0.631402274013551
0.16428706612883 0.688063331395981 -0.706808751990979
-0.265252140889976 0.510358776871548 0.818031307850416
-0.756251412132481 0.622514546143596 -0.201393747388694
0.0166999431339282 0.659861524283118 -0.75120162451241
-0.394845842994169 0.851510639270491 -0.345002016630893
-0.0648685444622896 0.25251839689249 -0.965415211797593
0.298569579427501 0.852863103196398 0.428346510954269
0.266058198506215 0.332002627604626 0.904979165655901
0.840158569207979 0.477726100365421 -0.256732061916796
0.81214103854862 0.11871939515711 -0.57125531832859
-0.21630352960969 0.203569131367131 -0.954867735255947
0.604178839511738 0.432381647103665 0.669338510123369
0.234332059175925 0.328969719696192 -0.914804574521455
-0.0122579088710096 0.535053736977512 -0.844729093980141
0.251373258605308 -0.681681441114101 0.687111270245766
0.77166320480862 -0.621284334537928 -0.136167815588904
0.131574678201496 -0.945670858740587 -0.297312514006749
-0.139993008182283 -0.0623553455995501 -0.988187112107437
0.218949251516039 -0.260106333360685 -0.940428583469381
-0.946472516167156 -0.216570081941257 -0.239347395532455
0.785011459857917 -0.292450879975545 -0.546103919316892
-0.258669974409496 0.912992482178631 -0.315491001177995
0.768026181168666 0.497903287400263 -0.40277549756097
0.292449405549531 0.778235889743779 0.555717774691826
-0.0450963496118369 -0.772392202548402 0.633542898858567
0.798541469406147 -0.14031171816048 -0.585358132586817
0.832915198712328 0.453124231675563 0.317695927613865
-0.375021646580761 -0.926652564159374 -0.0259574639114062
0.130753232739412 0.859015165106919 0.494971249917131
0.220517226822941 0.975084688504141 -0.0241247366638907
0.460356129647925 -0.334171945124127 -0.822436225483496
0.637177082537383 0.539955137850252 0.549958011668404
-0.796547313097033 -0.244298605890578 -0.553019501607148
0.688157462953467 0.290880621298401 0.664701263978416
-0.468907636721138 0.879123191463256 -0.0852528149450602
-0.840884313778659 -0.513840403960103 -0.169945903449047
0.18671039283437 -0.821124599980581 -0.539345548340177
0.840315462257357 -0.381093252104633 0.385535805200398
0.300943582898394 -0.832536593393482 0.465097603275972
-0.00155031642323008 0.430297743350949 0.90268568648565
-0.883912528192461 -0.455494108392028 0.105942247118715
-0.951362548913555 -0.0798830598599717 -0.297536547792219
0.057877954146541 -0.840465787546903 0.538764700390602
-0.105093327382016 -0.991056243034414 -0.0822369484008765
-0.413589083103188 0.476067594974614 0.776082286457403
0.849606356457272 -0.331924184792581 -0.409872388210256
-0.329300848160017 -0.935723457760211 0.126422157861541
-0.366736126951812 0.223109457092192 0.903175942629348
0.525471382265816 0.380432163965295 -0.761019838795504
0.587808392398191 -0.68918427729529 0.423681868570303
0.3563427604698 -0.60532736927712 -0.711757411668333
0.412767508412164 0.489593422124302 -0.768063320965029
-0.769643434084979 -0.382892595557942 0.510922934146416
0.410024222824102 0.679367480014083 0.608555637388074
-0.138650116130113 -0.963210206752761 -0.230222159889986
0.435304019311796 0.60481055731012 -0.666869252955343
-0.364526385992776 0.111174880267099 -0.924532671089909
-0.710655998258911 -0.141273594646882 0.689209564351932
0.103489972214182 0.318235369826727 0.942346048456911
0.542294160283021 0.808991039026121 0.226827120288495
-0.893085822836966 0.364039885780696 0.264334399215081
-0.432402147242577 0.686243846160015 0.584891243452592
0.515298777828701 0.795802016151253 -0.318066534954321
-0.0625275159215772 0.294976623592098 0.953456397160815
0.166928251792963 -0.488697367648936 0.856335122254335
0.843900322390667 0.244893906798714 -0.477346017351974
0.163839166580234 0.0168203768552448 -0.986343653305855
0.678873107966742 0.0124879087886111 0.734149409462178
-0.853031576770502 -0.365968931549177 0.372026706263387
-0.503216906435592 0.655414480357162 -0.56320920093296
-0.74442896773094 -0.503365971417462 -0.438689196153726
-0.402261606614136 0.614026184879453 -0.679085741365991
0.284237811646079 -0.923191259484394 -0.258702077382973
-0.523832858318581 0.790041348822002 -0.318486740222095
-0.326460129287447 -0.790933913003097 0.517539688572029
-0.165464103127947 0.40457084748014 0.899413175323369
0.380380159621859 0.361835564637076 -0.851108664231434
0.663773627710626 0.613550078463588 -0.427739257460897
0.558121617194332 0.315528690450352 0.76742550512937
0.843658022750245 -0.521446022309021 0.1278091799021
-0.205185124963625 -0.177371189110617 0.962516766486251
-0.187029449074306 -0.79134907456543 0.58205380109007
-0.755263629259892 -0.585206937744624 -0.295143508030818
0.981725699307617 -0.0167678277056374 0.189561312701207
-0.889380571547417 -0.308044205811922 -0.337803147142967
-0.6583056979304 -0.387972252700022 0.645066771123144
-0.0879583606288108 0.0983959834119321 -0.991252519413641
0.116570001566871 -0.954333068052726 0.275063319902475
0.774635180669841 -0.631500214918659 0.033879424822306
-0.0964608059837041 0.894835179686133 0.435850105087815
0.904533729284821 0.0347836505474603 0.424980976327984
-0.88772910479725 0.40290247374401 -0.2227254658696
-0.999733955531557 -0.00678011796972587 -0.0220464998932734
-0.689239491795707 0.299917849523741 -0.65954393825298
-0.232309138509891 -0.871685927986216 0.43150446940397
-0.897749286301451 -0.104283337593968 0.427985051661268
0.5703092641014 -0.634597174128582 -0.521568566794567
0.264216840953404 -0.105264528858841 -0.958701642806942
0.911974341763725 -0.407084112291906 0.0508460960559586
-0.912915330287379 -0.342471368830477 0.222033693969326
-0.309330400415858 -0.0562943120333461 0.949286918592718
0.0395937532059308 0.180023159709436 0.982865197611198
-0.0853816471942866 0.989350389405983 -0.117880368614202
0.743122576509735 -0.600924207479641 -0.29437889385365
-0.591548086148837 0.28677214414793 0.753546680116399
0.670915042363242 -0.441747492043042 0.595593954976385
-0.249823846870292 0.880213149411148 0.403500752339616
-0.905597006471719 -0.421745150331624 -0.0450010004468407
0.0259314861100552 0.93200242246589 0.36152322545839
0.0999173960652684 -0.734743868478334 0.670945572827655
0.947686952385909 -0.286257852036852 0.141229892107709
-0.491805401458185 -0.185300358888686 -0.850759204529858
0.33542057244384 -0.940849622228293 0.0479064498196774
0.164403629796101 0.448454004052616 0.878555890515249
-0.205715872132835 -0.196843610626381 -0.958610229920481
-0.630996342080762 0.50780174633266 0.586498936659052
0.707463853752222 -0.603382435157062 0.368000723610685
-0.49906737417453 0.565312049489711 0.656775488836393
0.963077701525539 -0.268672347500379 -0.0172194806228563
0.06832854023474 0.994899110268537 -0.074208968300765
-0.65726976602612 -0.013521285875523 0.753534093121367
-0.388215790598858 0.898136752049263 -0.206491826831243
-0.567972114565477 0.80989250017238 0.146566760353609
0.15623190868581 0.773208947715389 0.614605169097405
-0.429780746438845 0.87683904361974 0.21550359991074
0.413107987674286 0.893535345241974 0.175887399557238
0.69502742614526 -0.565666026770127 -0.443800431572563
-0.0869112071002499 -0.867083346505327 0.49052310067264
0.107053163951692 -0.534072300549471 -0.838633649380781
