# command_history: dirgen -cart 0288 dir0288.txt -force  (version=3.0_RC3-1000-g3151ed7a-dirty)
-0.211744095712728 -0.923234612306232 0.320627959745496
0.48097490915458 -0.437587374088529 -0.759723914854633
0.199160145858924 0.593312184474002 -0.779946080223588
0.264961142496472 -0.331226020742736 -0.905585399700049
0.429127823157499 0.195058063688212 0.881930645335738
-0.86218342171311 -0.0880307956857782 0.498889092217902
0.501729544650738 -0.852097861963219 -0.148985561925555
0.135534210526797 -0.790638680588068 -0.597093756904925
0.527758690661247 -0.723915930980171 0.444315754058572
0.672152450047638 -0.268574494676835 0.689984655412018
0.463724280495298 0.885973901466904 0.00316821694823089
-0.466770435106992 0.206668884981565 -0.859891465762107
0.622411731381438 0.300121001384948 -0.722863072211091
-0.62016441317958 0.406317592057429 -0.671045538700825
-0.999509944212021 0.0072990435810981 -0.0304400293049076
0.476757761530841 -0.845410242664574 0.240797754179576
-0.253593955666365 0.576953098725486 0.776411764156459
-0.204812870441659 -0.582238454664646 -0.786797350028057
0.594269936801582 0.802738437249336 0.0495403227314609
-0.196751626253601 0.692190434723426 0.694378282814172
0.440082109402886 0.436634263882553 0.784651678509163
-0.0330481602420492 0.210343248682816 0.977068849589513
-0.180435608711767 0.464179978639789 0.867167768392472
-0.797537296618594 -0.366333120343159 0.479306066560761
-0.538938015813244 0.0848135982975647 -0.838064716269038
0.14461137085247 0.921445824751054 0.360589993578607
-0.354031674567168 0.917214835256382 0.182697891035379
-0.771706451840124 -0.210111048037107 -0.60026868957249
-0.980262520744899 -0.0390322179079344 -0.193808865607444
-0.0525962566877244 -0.995607266947027 -0.0774584003495446
-0.00638887672233417 -0.997803201435113 0.0659390131869323
-0.615289225133698 0.609803655223785 -0.499558476567142
0.925652438013441 -0.305492438165644 -0.223253072147692
-0.0982994544306617 -0.970484847657771 -0.220218931350844
-0.205859625415637 0.957522793392055 0.201920565466744
-0.403583171379999 0.914052163774187 0.0403641632960523
-0.483888894466983 -0.541523882181727 0.687461579172504
-0.872137186731744 -0.239347849909721 0.426719268680515
0.425116897237466 0.173605813445429 -0.888333633958065
-0.246817977758873 0.906102610244698 -0.343597068617831
-0.653471852305416 0.190743297474672 0.732524083367242
-0.780702843977892 -0.624844101084325 -0.00853924732941074
-0.173313949751894 -0.776047912517827 -0.606392539777759
0.828269506423079 -0.0592382176400659 -0.557189786608206
-0.509954931287023 0.194923508234554 0.837825037817313
-0.897213501766082 -0.395770234268059 0.195892454974792
-0.746616265160634 -0.453828386235712 -0.486419518979528
0.443172175503583 -0.847183766524076 -0.293049635040725
-0.929246793864333 0.174890407472554 0.325443914472128
-0.448496189403349 -0.802265002477643 0.393982276111784
0.118043019574665 -0.0729740974028452 -0.990323495953689
0.860917452060446 0.504668255863458 0.064273573585764
0.740786510436945 -0.53458419544798 0.406761704111745
-0.598072593542975 -0.697309246904544 -0.395055675866323
-0.248903833164143 -0.943038877145704 -0.220736399417874
0.0178198397252664 0.791710447687768 0.610636569764864
0.676733284747715 -0.735038222577862 0.0418434303582522
-0.445472055580898 0.889678866188904 -0.100130728317313
0.436338979618407 -0.0758950235893952 -0.896575841889537
-0.584116428472541 0.771294830484125 0.25280878635235
0.897513355709954 -0.425682455379469 -0.115170410715442
0.59520899376864 -0.443814853125512 -0.66989150605311
-0.84701088821978 0.531535561479333 0.00651936499896171
-0.814585064992725 -0.307387682080524 -0.491898348031339
-0.340296809958027 -0.320403430757931 0.884047353194917
0.344620363562191 -0.90873266241595 0.235460725550319
-0.207184734332738 -0.342414073762973 -0.916420802878524
-0.638945155661508 -0.491269054204747 -0.591949156969975
-0.653761683576139 -0.615597735871319 0.440039871690962
-0.407011966820956 0.342775246857929 -0.846667815029025
-0.64271471685156 0.142019806020778 -0.752826784486471
-0.922503667503295 -0.368641955404091 -0.114411940630416
-0.00143785690386483 0.878836649006897 -0.477120610464327
-0.17900608384835 0.214121228681918 -0.960265026632243
0.496284524132251 -0.593331408193187 -0.633766132858419
-0.988484070004091 0.150059477441352 0.0195293773115407
-0.222995526834435 -0.791562777127995 0.568947594139609
-0.955607856978685 -0.212290313417133 -0.204319471685546
0.576870664008154 0.58580512339857 -0.569256176432701
-0.423561283301768 0.321366369228661 0.846947162470333
-0.569820124596343 0.31248668402933 0.760037563485754
-0.425164333417868 -0.650588052246021 -0.629261849998924
-0.902972464987079 0.155945581838844 -0.400401926793693
-0.501609993631846 -0.850931202509589 -0.155895807782774
-0.642669231644804 -0.737898408009549 0.206112100940362
0.189795613244799 -0.480834016819731 0.856023523895245
-0.781782723685278 -0.599567804588953 -0.171272358095553
-0.04951798738816 -0.600344288095796 0.798207181548612
0.638422459358791 -0.76214501749497 -0.107479001176344
-0.353123021786072 0.203204296582164 0.913242654137016
-0.741726260449151 0.343245144291126 -0.576216040631187
0.858177378707632 -0.438203852838903 -0.267411611624548
0.769160144144289 -0.192885181895847 -0.609251983390241
0.397716813335798 -0.551093893516833 -0.733564487225544
-0.0709552045441439 0.871716400834713 0.48484623899116
0.799752292032647 0.216121958581152 -0.560078182406327
0.0259112990783715 -0.470486844008964 -0.882026492909683
0.255036144870394 -0.965304768762799 -0.0560648572052696
0.854194121249124 -0.497933302539281 0.1497158289753
-0.588921983446073 -0.72788902415268 0.35121000260813
-0.346259463969079 0.668000069042532 0.658695902045108
-0.344007416483118 -0.575008220942947 0.742310206889706
-0.955140916181758 -0.263608941645298 0.134967240914667
0.512239411994293 0.302369197932327 0.803855492574071
-0.395749801030111 -0.44308442104867 0.804399335410338
-0.832833866228285 0.249473473645383 -0.494116117132961
0.65618259015556 0.054531246898148 -0.752629225773537
-0.191146647272396 0.207884918763562 0.959294959742409
-0.0136715376118103 0.707875577166032 -0.706204826032211
0.271325645918372 0.677477388777235 0.683671545087667
0.800014336855507 -0.400649857746013 0.446605813121306
0.628539767919141 0.020308771429999 0.777512259676435
0.232919210229519 0.842115869808668 0.486404670333713
-0.61744695709798 0.544510409580642 0.567686241711711
-0.510243442204995 -0.822213269640678 0.252224045074184
0.360146762870857 0.563262882405991 0.743659353802087
-0.676564329115144 -0.58332899168608 -0.449430746642323
0.287326303279484 0.460691691295808 0.839765896553768
-0.123437177784023 -0.210581223454365 -0.969751932954597
-0.88360474745778 0.308945528033587 -0.351845578312589
0.907004409650938 -0.0417255547869394 -0.419048898043505
0.399315834042943 -0.0704994306183811 0.914098843104548
-0.558864938709925 -0.822665260374565 0.104364024709673
-0.124333144269135 -0.205912767916486 0.970639583596879
0.0721791006171351 0.80177958876899 -0.593245032400214
0.85097094346852 0.476840350091597 0.220162971220911
-0.71648058520572 0.432056797700906 0.547706577086407
0.810599155048461 0.0537212326387061 0.583132093953419
0.952255815473337 -0.0596381846017813 0.29941968678531
0.554384259498676 -0.291503310320275 0.779540834653597
-0.756390465807126 -0.636264600446857 0.15179203356659
-0.268471503986812 -0.946704600780384 0.177970363848347
0.713844882004906 0.632478404065327 -0.300660194948348
0.301071697437812 -0.949392840646267 0.0894933915522632
0.701088686877228 -0.559901298352775 -0.441571273109609
0.991876611335441 -0.0213999646232705 -0.125390706991565
0.275995436106611 -0.0777248582204495 -0.958011151116172
-0.331691642858735 0.446547223063038 0.831009164589875
-0.110306064202869 0.351562085880361 -0.929643303623235
0.964267335677833 0.264053604573551 0.0215452838572054
-0.834668823061459 -0.405443926968621 -0.372750825476568
-0.419152942553195 -0.896236078981029 0.145160950264558
0.51236911088673 0.0484795491669712 -0.857395840625384
0.681751914928604 0.729684901288766 -0.0526713520083322
0.775244948679761 0.0667024131689348 -0.628129013518685
-0.298971946411936 -0.85192383384368 0.429932037173021
0.361688723993883 0.330519413589702 0.871744334180611
-0.255096793691748 0.0713903824062208 -0.964276432952752
-0.71098507128914 -0.355145631208855 -0.606936412680308
-0.0374507264558191 0.48049440866904 -0.87619778950059
0.206188977007003 0.975081041304807 0.0818722703284797
-0.708046327233959 -0.11608386064278 -0.696559355538901
-0.570658254606849 0.659949923884675 0.488687276705335
0.764907989660933 -0.178945368650826 0.618784552482761
0.0403139365142748 -0.977140812241221 0.20873576496444
-0.105894238799558 0.0711596702659743 -0.991827964677696
-0.900787809898532 -0.0083452269337685 -0.434179316326365
0.549234920923257 -0.835653845496239 -0.00486334717766711
0.0528221448712399 -0.974888456236711 -0.216338436038546
0.68500849775501 -0.699726331949762 0.202845799511738
0.705436906199672 0.185658019743954 -0.684024759110509
-0.961731433499113 0.258026064542419 -0.0921694083548992
0.287567391418138 0.691188431847354 -0.662995887674548
-0.589893684994099 0.0714477676454778 0.804313780127234
-0.857182619072181 -0.38518636982693 0.341861694344523
-0.0940811631366879 0.933144712142479 -0.346972161625942
0.397177279366925 -0.751388584189504 0.52693965907339
0.86405317178783 0.149715564037875 0.48062185365234
0.0467649143165656 0.0688850897786114 -0.996527915913627
0.69696209123562 0.708257659847778 0.112316208302362
0.895684342410707 0.24547159084056 0.370800831782378
0.583745539002814 0.399232237428389 0.707004077988407
-0.665583197443116 0.65401284853269 -0.359536091700896
-0.30114427973194 0.837175782986242 -0.456561968593645
0.325257091610103 -0.212636819805912 0.921408382434285
-0.483681952187936 0.649640600789515 -0.586531208831641
-0.775244778232331 0.623934853031097 -0.0984928068265303
0.916801955238556 0.396970261571584 -0.0434601691040161
0.00113090702357452 -0.933500659454237 -0.358573897331929
-0.491475770669509 0.436226942709636 -0.753762310877253
0.0476935058642342 0.588739107625089 0.806914860844186
0.192372659456819 -0.958520162517943 0.210313713152726
0.0808481548040945 0.86620283047293 0.493108742921333
-0.105085923985392 0.588863406410005 0.801371847004462
0.355174744708701 0.0500098964888669 -0.933461253065323
0.149496870414042 -0.926881641690534 -0.344297993072089
0.36124054106608 0.925590709812416 0.11308010169448
-0.418908766885127 0.565344456589474 -0.710563924239286
-0.288517120113634 -0.889269358743373 -0.354905450791453
-0.939391256901335 -0.108362806728879 -0.325271530532829
0.370908762745636 0.763095960220849 -0.529255368620029
0.711226217622953 -0.671279434166825 -0.208665254966932
0.944567223840954 -0.212630462881728 0.250162039286729
-0.112348707478437 -0.476018956634573 0.872229167623084
0.0506174445703508 0.344413052391105 0.937452678084504
-0.0444376242901474 0.699000576719683 0.713739091890726
-0.767845217841252 0.563046298580846 0.305602007671301
0.841794662666382 -0.0868614551262823 0.532763393562036
0.564406206093077 0.61427099874212 0.551467836440148
0.488890121926594 0.0567210567069585 0.870499379901356
0.0812799934798416 -0.796745487116034 0.598824007050612
-0.76922762599164 -0.508113794113856 0.387439326401551
0.0378171679909106 0.0716931676626318 0.996709562267587
-0.926407181504286 -0.106520930466073 0.36114128181354
-0.723420464669219 0.065694324990873 0.687275117374232
0.201125285820971 0.0617412637933536 -0.977617837270082
0.507692783460324 0.795855761246411 0.329941881114241
-0.193233942101037 -0.338050312202794 0.921076886063094
-0.558857326987525 0.53402183004002 -0.634428225343944
-0.481986358776192 -0.294318899223363 0.825266948031736
-0.847209496308159 -0.522794937179054 0.0944538142439219
-0.111024653750914 -0.691575406787244 -0.713720521623519
-0.703537441310604 -0.485893619254587 0.518596624981119
0.905125049172416 0.338844824476404 0.256773889416716
0.104199255538229 -0.599143491610337 0.793832218800832
0.160959135953425 0.985157232631815 -0.0596438055991633
0.260483764663448 -0.351057664734703 0.899392419568775
0.316915328170136 0.947879024405574 -0.0330156002936697
0.222145993944272 -0.857509880971339 -0.464034439897548
-0.686441458644536 0.482896847047354 -0.543699143797089
0.298970196489646 -0.896260226335593 -0.327619334441383
-0.131096879410236 -0.470075975416718 -0.872835715094725
0.911561173788839 -0.359442927868058 0.199642200063895
0.507276583174863 0.530935276649207 0.678806452659273
0.391682005780034 0.814177053031184 0.428603467864628
0.863859091924758 -0.182881131994224 -0.469363356962858
-0.924202834664099 -0.255009464019039 0.284287343474112
-0.968932956298396 -0.117777409663242 0.217479672548648
-0.575128733444226 -0.173497508196787 0.799453284824289
-0.191441345388654 -0.0711678130723665 -0.978920504258788
0.798864803034213 -0.312010284775145 -0.514261226097828
0.874196648652978 -0.312323415472524 -0.371798740761019
0.983421734774084 -0.111559119249332 0.142955428320313
-0.915981179720462 0.398963244968359 -0.0425065590494865
0.960954540413588 -0.0303677088975127 -0.275034858726718
-0.526870458422361 -0.411040296543301 0.743944483586918
0.340803426583537 -0.472802810301753 0.812594934145965
0.147232117220053 -0.986652252392507 0.0695703709038115
-0.970399056134718 0.16570598206093 0.175690635385245
-0.23807240188022 0.776536223054661 -0.58336354509601
-0.0284077002172388 0.212234869358357 -0.976805693470717
-0.107207878768696 0.341603307368238 0.93370961820311
-0.514032329384872 0.761095722178357 0.395605947919097
-0.439536765764162 0.715755475269849 0.542679952792448
-0.695673095912488 -0.659556679767566 -0.284647026679569
-0.755439464804501 0.652507661607657 0.0595396217589344
-0.649522017529462 0.674136496354654 0.351654849287094
0.277451624230547 0.208086218805665 0.937934284347785
0.770552722546287 -0.583775597052497 0.255840876449613
-0.690567659085867 0.319103362437009 0.649068064463243
0.81793870757213 0.52010474071189 -0.24590105600475
-0.432257623666481 -0.659017648431376 0.615507177730842
-0.954435491498776 0.290528066964734 0.0681640291739376
-0.257334192873707 -0.464355510818898 0.847439126279969
-0.13891507206717 -0.706087224807231 0.694365490009833
-0.287354060472243 0.770764493424756 0.5686384964156
-0.607229203821414 -0.762853427753657 -0.222097595193886
0.482914668186024 0.722267577923126 0.495098948829266
0.334353589284565 0.754739018544945 0.564425983826348
-0.583117436674009 0.799916423675463 -0.141801869455205
-0.622615108374572 -0.453300489510124 0.637862910846525
-0.576228124675783 0.758186443898471 -0.305146628067917
0.770675927473302 0.540864436473567 0.336933637636993
-0.987266798619325 -0.135508236813283 -0.0833173817381679
0.170372077439743 -0.698631019567691 0.69490147051699
-0.112729481127748 -0.972964294299872 0.201575162413978
0.101156055865671 -0.992150654299092 -0.073515519011868
0.374797875514492 -0.815729982923363 -0.440580466509438
0.797868297317961 -0.440463129424035 -0.411580383100219
0.817548151598528 -0.552989033160982 -0.160680269546427
-0.0421547201911164 -0.347413891639499 0.936763880314302
-0.364722274400196 -0.884878774938578 0.289770972009879
-0.651972628221269 -0.260673197076272 -0.712026106527202
0.261550982563642 -0.592313697394828 0.762073203438136
-0.276060863758813 -0.193205293425079 0.941521170284167
-0.149174692217994 -0.874640226221109 0.461249808539314
-0.341622913256747 -0.0697860232355746 -0.937242602584271
0.73648527302798 -0.0419226138995969 0.675153269307591
0.151109594599085 -0.86590321886675 0.476841174791253
0.333645291674136 -0.678843471019247 0.654104243372738
0.576074001547947 0.163598092061559 0.80085854494683
-0.518577226818051 -0.702134118288975 0.487939893593734
-0.9897169888751 -0.124977273090652 0.0695770302817687
-0.0581525284501625 -0.937807694653356 0.342249925177218
0.719628470351821 0.337499057330576 -0.606818960613519
0.401153479404948 0.878506474192698 0.259426792684986
0.423281743218898 -0.824739434552616 0.375016574235595
-0.838455310580391 0.453295760211077 -0.302515530071104
