# command_history: dirgen -cart 0070 dir0070.txt -force  (version=3.0_RC3-1000-g3151ed7a-dirty)
-0.619033005692863 0.278858126497152 -0.73419090375008
-0.355957303574856 0.116262917684361 0.927241787239573
-0.786023965530665 -0.606179073972482 -0.121298210577535
-0.772758601941052 -0.101850194200767 0.626474804814509
-0.550336153056196 0.826546031600616 -0.118117637483065
-0.178335403740548 0.62676906860698 -0.758522918843086
0.665822054993316 -0.445705618599146 -0.598353986059783
-0.51665554037723 -0.128804340914833 0.846449345418264
-0.490249859688179 0.852237437858853 0.182610034191713
0.180224971039141 -0.360974323377491 -0.914995353909572
0.0019867990441154 0.952776981451637 -0.303664413860869
0.921267846145306 0.328028948077206 0.208955892192947
-0.443997806455418 0.0948289800234974 -0.890995742083249
0.992788293155048 0.115895865247037 -0.0306521352099157
0.840507817947568 0.345982833885464 -0.416944224837808
-0.725887204210653 0.457906824845253 -0.513233968598514
0.63787083350311 0.0894249984701249 0.764933964087532
-0.193290231504972 -0.146071361907176 0.970207216853873
0.751549332715472 0.517474587879691 0.409137692462662
0.00952934240834145 -0.119319447014326 -0.992810183870744
0.286759371525583 -0.933240886370102 0.216403583263767
0.115036808527007 -0.620637981753684 -0.775612679298524
-0.311538244406506 -0.160468343249483 -0.936586265694132
-0.340005911380666 -0.395468035261049 0.853229754118414
-0.0165372001458049 -0.954218133405785 -0.298654105766046
-0.147912913842934 -0.633507309399001 0.759467088725069
0.426735110878519 0.633885109673037 -0.645047915180182
-0.00943084609561056 -0.403567862252024 0.914901109245831
0.952855836214241 0.0230618621305959 0.302545708790472
0.898445756996612 -0.43893962669616 -0.0112794437194792
-0.755544397850132 -0.629687539125184 0.180682777119875
-0.915216560447504 -0.386741302573111 0.113180441626166
-0.301211460658988 -0.940377201944856 0.157994854441662
-0.563002991392861 -0.767052018191031 -0.307666756526856
0.567036747726084 0.823689296419506 0.00229558100799763
-0.833365759826047 0.186094533545384 0.520452048640488
-0.316485136485742 -0.933961701127894 -0.16599005756337
-0.321963944486823 0.378997005119705 -0.867583130634051
0.0259935135171623 -0.8193284922382 -0.572734806923511
-0.211255949295155 -0.660871077084764 -0.720152999966137
0.474611265703328 -0.572631114557956 0.66845923817956
0.951522645905722 -0.199829335542119 -0.233822349199919
0.265513873281081 0.839271885596004 -0.474473482023395
0.412547514324868 0.412096625052557 0.812392097477976
-0.984149529589581 0.163798845699679 -0.0679679450628001
0.496073409200761 0.642299219577661 0.584262685111639
-0.895293136312781 0.303708965977668 -0.325900389775771
0.280852883074038 -0.869173233785514 -0.407012957705075
0.629015418914688 -0.158472843647845 -0.761068959157937
0.302853479106239 -0.811842421245717 0.499190998776159
0.0165263525805616 -0.817994915813444 0.574987997591027
0.594384282424892 -0.687411516135755 -0.417340067918464
0.140637475784416 -0.13937966953456 0.980201207979986
-0.118984467539849 -0.417225579808859 -0.900980306131838
-0.812768913668375 0.109803466424319 -0.572144991881895
0.375932972865949 -0.678915774253423 -0.630672475522791
0.837899855077882 0.203128843817231 0.506618698500104
0.442249946782681 -0.422340095313405 -0.791229314713111
-0.775076125648323 0.593385816739185 -0.217141133695935
0.937549213943392 0.0812228234880989 -0.338237083092242
-0.0428411436159365 -0.999060986300005 0.00646390492969944
0.819773030285397 -0.468310655221826 -0.329632081300353
0.518656258804463 0.79449433944096 -0.315870906857898
-0.729287972430857 0.676123478850488 0.104862264970789
0.622725885233697 0.367990946441841 -0.690503537425224
0.65104473178257 0.372076979768401 0.661588602036482
-0.278998580190373 -0.84233059757564 -0.461127917870543
-0.565616838406328 0.720052717186313 -0.401997110168516
-0.666314920268218 -0.578266660924295 0.470778181197286
0.238369320054 -0.967505968063768 -0.0843342695348937
