# command_history: dirgen -cart 0206 dir0206.txt -force  (version=3.0_RC3-1000-g3151ed7a-dirty)
0.179136379880888 0.603087596920366 0.77730014012863
0.442366837852059 0.771615781250839 -0.457078403442371
0.439695182254045 0.87754345791213 -0.191273694422949
0.823370146678053 0.164702263797758 0.54307896834554
-0.592227969214985 0.574601411577914 0.564888706111358
0.233174058476233 0.972404467517768 0.0077077886069005
-0.379797641661117 0.306460279794534 0.872832084823255
0.129468642308503 0.921041300009816 0.367315660345461
-0.62604313092198 -0.669513077123515 0.399777735480614
-0.0333918184054258 0.422887268192366 0.905566863828606
0.324572258942116 -0.378910771731467 0.866648415328313
-0.170901276260581 -0.931347656682555 0.32153428458629
-0.48234080399922 0.348024984284024 -0.803881806680243
0.427485167433907 0.81060522252674 0.400219445849872
0.653407316663926 -0.116174364869915 -0.748039033391387
-0.29391197935744 -0.536630480221691 0.790976280356895
0.711418845853917 -0.600915144063044 0.364395685209871
0.706427160122049 -0.563100575820516 -0.428810458072678
0.360441036403183 0.384299795460914 -0.849938778080691
0.256293494921581 -0.772081421452342 -0.581553026910714
-0.301360308022723 -0.236759829884883 0.923648606181664
-0.708387856018426 -0.598473081659884 -0.37418794204803
0.711331682363954 -0.267926250386822 -0.649786705018597
-0.0834303934242855 0.818093602154896 0.569001078703983
0.338143244912327 -0.89553569205201 -0.289266261740096
-0.622665423423858 -0.332789666211711 0.708194047232173
0.0848497209502553 -0.248310515482397 -0.964957207732825
-0.450498032288579 0.880692199967823 0.146399357307179
-0.0629642646093686 0.991839277857051 -0.11086184322031
0.922112721313008 0.161158593449032 0.351761335212171
0.764883736370083 -0.644124550107175 0.00751224239292298
0.138712533951736 0.448280188395446 0.883064949829191
-0.277022898784577 -0.945755396588721 0.169720486012448
0.405696456129328 -0.19945372439497 0.891980155221561
-0.80260666894771 -0.580019683095486 0.139282813665122
-0.0427525294119633 0.91200293453311 0.407949590797534
0.832987449540272 -0.393518752290972 -0.388940741635213
0.577752834649437 0.809085226709623 -0.107623222283941
-0.545886642288516 -0.835135393560862 -0.0675029495127076
0.208623243270455 0.120305147728398 0.970568397279329
-0.489177302962067 -0.840086691304182 -0.234435315940987
-0.642253558496405 0.0117056538256377 -0.766402860294257
-0.0363134337000279 -0.0807541691396472 0.996072336077797
-0.458516663179823 0.564100648938768 0.68669711478446
0.829445854474954 -0.11974916949541 0.545600321572003
-0.347878251293803 0.909989692118498 -0.225609136594346
0.330991911376214 0.735782557600498 -0.590820093204683
0.889171480639153 0.022875008378664 0.45700198250079
0.914269254081673 0.263728901535485 -0.307504142306778
-0.116465747645901 -0.246062120639339 0.962231345577431
0.972277892107913 0.115370035702439 -0.203384993006395
0.0500261474607403 0.726348197874968 0.685503960611478
-0.806382512305986 -0.58994674344249 -0.0413531588719388
0.478569086270359 -0.0215855525619991 0.877784537108593
0.493214964833019 -0.623108064842535 0.607021694828903
0.771066684230401 0.0191402340648184 0.636466668341618
0.550538430699799 0.000661839144068067 -0.834809558097863
-0.207345824849849 0.375297013852794 0.903415663086772
0.0343942381340133 0.0987708856474353 0.994515635136825
-0.179661279442541 0.947831071722323 -0.263321256541855
0.951772769327063 0.300694406936184 0.0609218286395723
0.65675840491962 -0.748876822553315 0.088610959874536
0.121573343334877 -0.695963873406415 -0.707710540477899
0.895007975913775 0.443857324396624 -0.0441746378615306
-0.61455223653625 0.425138149186666 0.664517195168364
-0.0647904809629385 0.24040880658518 -0.96850699496332
0.736126276370243 0.373319370029247 -0.564580156574995
0.167126629422467 -0.949906049612736 -0.264096926614097
-0.219499484016048 -0.735366804869564 -0.641136209250903
0.411121744422031 -0.51638940502336 0.75121294826634
0.568288313277235 -0.471033994470974 0.674666857823351
-0.788757874762495 0.104779276130841 0.605708113115261
0.913305339870806 -0.147480489794471 0.379635168673102
-0.0566716961454179 -0.88530115440269 0.461551930847728
0.145686898954073 -0.0715172760426382 -0.986742421658554
-0.215518497798658 0.874758151928827 0.433993033055454
0.400134875954166 -0.756019952111562 0.518001846574291
0.822353296491155 0.403522483112675 -0.401129232757614
0.154537157747255 -0.686641049933343 0.710381823684867
0.62395567753819 -0.769966568237067 -0.133532004647173
0.341267999810787 0.606250053973384 0.718329328624702
-0.834526478086673 -0.0674465622547867 0.546824028927282
-0.107318394724594 -0.983916477229345 0.14279750694719
0.262413667466923 0.295821367353837 0.91849267048979
-0.141511785348731 0.0616516660625901 -0.988014922295773
0.744547706901039 -0.64811878577138 -0.159971096385056
-0.717751269109561 -0.0383441088688693 0.695243011476324
-0.755974313388857 0.626256370034767 -0.190540800058997
-0.934151962379174 0.355029735881436 0.0362491078938044
-0.2415685897293 -0.844325481830723 0.47828767200035
0.110332587899465 0.554394222759303 -0.824908337828219
-0.995065847354767 0.0368980919572911 0.0921004356018523
-0.667875721844655 -0.730918595731345 -0.140356783179863
0.981494776954338 -0.189959547338582 0.0241531195971509
0.73370358527743 -0.419484292426954 -0.534520324550996
0.855392502929638 -0.507905068295699 -0.101666649061086
0.550073354765455 -0.704638974180785 -0.448222289096079
-0.390480856449819 0.919721865783021 -0.0404523218964653
0.429998997213429 0.11390058469614 -0.895615720720289
0.290924070067174 -0.641388103465523 -0.709918647584672
0.861819411601124 -0.50094214808583 0.079525254219308
0.974182849028848 0.150967491459976 0.167858848978299
0.990732238945166 0.134573331336634 -0.0184295742668725
0.22955700098791 -0.970244932774299 0.0769958032832507
-0.00497442822501938 -0.973318953740548 -0.229402417932417
-0.0705196431559493 0.556182575684988 -0.828062752714775
-0.620749508537824 0.734199851028068 -0.274992047885776
-0.651322285232559 0.543928094901647 -0.529076089363432
0.826838978199469 -0.251239136242563 -0.503205922610365
-0.849864435396878 -0.303450855307153 -0.430868912618331
-0.995468111201459 0.0189998054046535 -0.0931785757327571
0.681338006800047 0.697942548209247 -0.220578149164695
0.698531277885756 0.529914318893142 -0.48087926597776
0.965108242347097 -0.20794656080979 -0.1591361316643
0.716821581796021 -0.375069495467125 0.587783713147521
0.950435926472206 0.284177158687372 -0.126154239529604
-0.155900427327083 0.547397958830636 0.822222920762543
-0.384482835221376 -0.727127550308618 -0.568734098680852
0.011898008874911 0.585828252487846 0.810347885769963
0.347954551804426 0.872968158582877 -0.341839471066466
0.766136814399401 0.560092030256636 -0.315168683826514
0.178576435239396 0.966137987365982 0.186246734590433
0.80039409707953 -0.52963727018771 -0.280808923270531
-0.213603422597675 -0.670282334024948 0.710700478787391
-0.657470923781377 0.687830914681212 0.307604644293401
0.00634922894096994 -0.955551621923388 0.294755466669302
0.467405652383469 0.456957340599865 0.756783948688054
-0.768964077174562 -0.603001128998594 -0.212329664534881
0.484482699195247 0.454135151497922 -0.747688289566211
-0.128608925147562 -0.78630623302865 0.604303112909973
-0.0887115566807787 -0.839468272100132 -0.536118718054585
-0.878779259889292 -0.455475022222714 -0.142441273932967
-0.0568551461645048 -0.997478921141402 -0.0424652120352342
0.284789906836936 -0.951924177755175 -0.1128497619357
0.494797120734541 0.593892899314676 0.634402895214402
0.913360891248273 -0.227562193151257 -0.337620098018986
-0.742776080454583 -0.207659893521785 0.636522633475863
-0.423302987052546 0.697738361263686 0.577906359519825
-0.238829446886042 0.222803760085548 -0.945155532064352
-0.409839849465169 -0.91188980324656 0.0220971610239297
-0.259112626022375 -0.836226909485425 -0.483306530980333
0.301934170391816 0.900898625976414 0.311797085399487
0.189662779680836 0.402063627531869 -0.895752683177479
0.828174421145044 0.459252660016465 0.321269547932685
0.224534783984344 0.0877830138621158 -0.970504133560691
-0.265751527916745 0.195955436149259 0.943916093968881
-0.61952822615284 -0.437966041287175 -0.651437275322157
0.313071055029512 -0.0416106092196608 0.948817723118132
0.701701891653713 0.711699503748421 -0.0331401812585843
0.0908579180435633 0.278094965406076 0.956246845194578
-0.844596671176973 -0.238474850512339 0.479360207683006
0.477985883337976 -0.413110332885889 -0.775157627965129
0.599015492383363 0.501304689316913 -0.624398949673677
-0.566010411551578 0.691113683316275 -0.449437527080488
-0.875020771297519 -0.427821332089016 0.226511716269766
-0.784613999644978 0.448015276546528 -0.428559428250094
-0.0540428187732563 0.802379629852189 -0.594362097830359
-0.733374411432154 -0.303833318819596 -0.608150710787722
-0.294694532556916 0.867271553478633 -0.401242052890546
0.838312070455205 -0.479977385960105 0.258562529180104
-0.121724984651619 0.890849901876708 -0.437686509316682
-0.543070230677879 0.839687104215984 0.000539967453818572
0.720971051346977 -0.166184498730065 0.672743231479494
-0.537846734758516 -0.786249924071795 0.304190642207644
0.963134094006184 -0.174657427686684 0.20461549285613
0.891137050562519 -0.318481841178488 0.323178083963463
-0.320842408030332 0.488726376245626 0.811299376538104
0.307074149162996 0.458513355835482 0.833949020885753
-0.541217393723841 -0.69814682776624 -0.4686947189917
-0.0248609194854235 -0.68732457115248 0.725924836723747
-0.634880054195305 -0.563331476364721 -0.528757945114502
0.689048175735989 0.160280534822984 0.706769242165902
0.514704253248669 -0.805517740758087 -0.293633616964606
-0.229927244201328 0.792067046854755 -0.565476131822352
0.961277678539184 -0.00200669648917771 0.27557430560834
-0.0145991030092102 -0.406871484991739 0.913368743110877
-0.92815669048678 0.342778659253401 -0.145010167454107
-0.8905704106606 0.0802027008189342 0.447718516969266
0.542528791714787 0.139363992536321 0.828396153868926
-0.348263582477668 0.0368997478881697 0.936670105066672
0.959940675511343 -0.0570600952382222 -0.274331997824229
-0.583630359073358 -0.300070238888518 -0.754541884656705
0.358627768127182 0.922320137509753 0.143915558130825
-0.491013445978574 -0.269256647075182 0.828496622729433
-0.377931200506646 -0.136028747507419 -0.915786103593611
0.415788585957666 0.606204199079148 -0.677964837440802
0.508660917151546 -0.842129219091091 0.179115743907611
-0.428752888675479 -0.301231697450085 -0.851722034999549
0.462699167096528 -0.813025254385034 0.353411115417058
-0.901737854455698 0.372556944365116 0.219249093605792
-0.569735710592684 0.26443821690179 0.778121873177493
0.39005936710712 -0.80954018809134 -0.438746366363337
-0.917256437512638 -0.311480192253252 -0.248235206357803
0.919727158604894 0.093059027134556 -0.381368550346431
-0.529035799841134 -0.647485695991192 0.548528391218954
0.61244645141024 0.156212124015109 -0.774923942374794
0.565334823216303 -0.165997306932615 0.807986034378139
0.467353315704481 -0.149560689439048 -0.871327997068007
0.608984280533883 0.731889528874617 0.305738227224401
-0.327197365240989 0.664987901932589 -0.671366497870312
0.823364901200269 -0.280163073430791 0.493537122977881
-0.115537976030702 0.990116925005609 0.0794949741314921
-0.244564803529716 0.543899458190992 -0.802721269341991
-0.629231526306779 0.303456167551286 -0.715529203231236
-0.753409622328198 -0.439050476455857 -0.489498335142386
-0.158338577703844 0.398270538936859 -0.903498462990208
