# command_history: dirgen -cart 0066 dir0066.txt -force  (version=3.0_RC3-1000-g3151ed7a-dirty)
-0.740398095727903 0.143446533297381 0.65668390564065
-0.591116315755184 -0.564340607831213 -0.576282204827387
0.399931483980639 0.075904588803287 -0.913396574068267
-0.341553605286342 0.522158594690175 -0.78146755320172
0.196743917038959 -0.24832044901699 -0.948487630761819
0.627957223597086 -0.663608914381579 -0.406562337268889
-0.927384201053679 0.259854850945013 -0.269135653669992
0.675488900568874 0.289232278364957 0.678276812488876
-0.157130566955406 -0.898167653413114 -0.410615210739511
0.247818879374176 0.953645771308563 -0.170720666268096
0.568213659249655 0.816692574429367 -0.100729719120272
-0.666979610408298 -0.712339871559151 -0.218426433122656
-0.536939592773872 0.483732619881847 0.691157453966948
-0.146809216030745 0.924530896919357 0.351695428929533
0.626283423880195 -0.364183734270505 0.689303475013502
-0.477758559664707 -0.382828216720992 0.790689139390019
-0.261524832880031 -0.647788720981206 0.715523958198889
-0.26568567805189 -0.698768153357008 -0.664179334466336
-0.390907400655261 -0.910591219475425 -0.134220099564879
-0.986774783358275 -0.0948211050459413 0.131470471841007
0.975998198922969 -0.214615993665331 -0.0369796019740987
-0.837431978854401 0.136757642332275 -0.529155013257665
0.846837604535344 -0.520072281219696 0.111314391934653
0.661021030561575 0.132075472196415 -0.738652331479031
0.47002728088041 -0.88042622336949 0.0626420021351975
0.923483428613478 -0.160915163762266 -0.348259482494961
-0.869521503495791 -0.173750130934071 -0.462323746912066
0.937855400363855 0.329450963525513 0.10903811553977
0.0561778148448634 -0.768154480218949 -0.637795223907182
-0.44312430554237 -0.150894353273091 -0.883669476664147
-0.120800194144361 -0.266963934552488 -0.956105418216495
-0.87724097566868 -0.115162013856482 0.466032167529648
0.0476880011812987 -0.96113882972072 0.271915436388628
0.707912674258767 0.632160556468203 -0.315012184636742
-0.690953537196366 0.717136311602462 0.0910973107015063
-0.119176783596383 0.332609877447018 -0.935503908958322
-0.859475389324151 0.467489805466888 0.206773636933317
0.76062604791076 -0.476317865296791 0.441100109316204
0.45054884391797 0.787114896276266 0.421255123772024
0.491772474777645 -0.214532758419441 -0.843881228974798
0.198273811285279 -0.0280155063819416 0.979746205484141
0.184227862938359 -0.783384488702801 0.593606635219837
0.257333792257694 -0.526972098578329 -0.809987485509638
0.533978520251078 0.614807721312078 -0.580412272204438
-0.10599603525016 -0.0538511279521293 0.99290729503289
-0.431659891232307 0.211080035183432 -0.876991993719597
-0.641477780135974 0.718505715691088 -0.268804378891159
0.35793281152683 -0.741827169615939 -0.567077201844779
-0.195327249063543 0.980682418475435 0.0104527444453692
-0.896252100541622 -0.370158137493674 0.244366784817299
0.193552162288986 0.365228512001098 -0.910574376146574
-0.0266273213569868 0.608145918846523 -0.793378552235735
-0.0497702951414484 -0.536569912448213 -0.8423868747653
-0.0879790431010835 -0.990781450589216 -0.103013616300695
-0.383982973965943 -0.44483349433164 -0.809123129087887
-0.409422916910416 -0.822767559910854 0.394241572474169
-0.811660970388073 -0.583998150716922 0.012354315355659
-0.66643863491015 0.0226894460807214 -0.745214556309554
-0.116163609383407 -0.848623469131164 0.51608548080217
-0.806752092070429 -0.465967217701391 -0.363353290844614
-0.339326547720202 0.875045045904281 -0.345186415796834
-0.429397026287195 0.865684486126597 0.257310249106876
-0.744532186902577 -0.38458926374547 0.545676571677567
-0.500033228380325 0.664791927404425 -0.554994111476383
-0.768114558555188 0.399627916170021 0.500297465067709
0.978656591538125 0.039738615761384 0.201623704599309
