# command_history: dirgen -cart 0266 dir0266.txt -force  (version=3.0_RC3-1000-g3151ed7a-dirty)
0.322554740854459 -0.873279991992607 -0.365158177695236
0.574819508008555 -0.701657073559023 0.421022427356776
0.0652842387127112 -0.12155571345165 0.990435347058536
-0.0402071957986343 0.991866146106197 -0.120768081935795
0.547704495807451 -0.570422006747492 -0.612077216934653
0.0491476382361998 -0.863959462293028 -0.501157218016608
-0.913165020660248 0.365340672375326 0.180709264153538
0.457680582924702 0.81262981269369 0.36077870160962
0.775652403095221 -0.511912243308882 -0.369200764792108
-0.0905185439961719 -0.829679509918365 -0.550852343204996
-0.592710027871261 -0.594549700874544 -0.5433281476703
0.196612722312344 0.804784531007876 -0.560058297032874
-0.39287119181286 -0.849712454748012 0.351626180608969
0.411540633517154 0.457802063241683 0.788068257104648
0.921311417114599 -0.244926542414168 -0.301987187667507
0.715479658392173 0.515328782668006 0.471725666230842
-0.208510814287124 -0.628355072522099 0.749461902408033
0.439622659881483 -0.749186701898768 0.495430320647391
-0.317721386662887 0.925572968210702 0.20583440182497
-0.0586262893085144 -0.39367421465084 0.917378640977082
0.822765080769061 0.548391901326236 0.149411995592311
-0.716445403323604 -0.66151923509936 -0.221581329651294
-0.0954530552621389 0.190941972913881 0.976949270546264
-0.410469268441905 0.586065506704306 0.69860017285726
-0.940560261120377 0.338971442695271 0.0210892446108167
0.938520651102362 -0.123088433051526 0.322534068128188
0.434040497186244 -0.693644584737505 -0.574861754569437
0.404345142439139 0.0752329334248068 -0.911507000255166
0.186538775349264 0.274152921016091 0.943421147308848
0.668139233034322 -0.360075245149717 0.651103511824871
-0.132916209727971 -0.518646995335791 0.844593733945917
0.373321457986544 0.889506899591771 0.263455052305772
-0.126118669883864 0.6220773240081 -0.772731443686386
-0.835862756518289 0.360922329504512 -0.413604308887956
-0.881465864706522 0.0454422156915956 -0.470056309807902
-0.555075654922434 -0.388736652298626 -0.735373940571794
0.98198249028439 -0.188540530904564 0.0127615430529826
0.0436786538144528 -0.959867777422791 0.277030729462253
0.468727076614848 -0.86017473235991 0.200983475583578
0.680857380153579 0.302829526566837 0.666878928839194
0.403149480649882 0.893015424041596 -0.199984871116639
-0.965080865801927 0.218524632784896 0.144450362855997
-0.800132825812877 0.557569202458883 -0.221142590936403
-0.875313274230931 -0.423364844977388 -0.233642633079667
-0.511370881973501 -0.836750557340895 -0.19582728578864
-0.562168714184019 0.805739375361792 0.186414580396159
0.870925041990026 -0.207022205683265 0.445680802356022
0.804909757538674 -0.589835266554679 0.0649202629954962
-0.183380402511635 0.982010024075016 -0.0450326613787933
0.880723078502462 0.144498856495603 -0.451050927794866
0.632032758735089 -0.0559625904415104 -0.772918352969308
0.3294719371954 -0.234318099492776 0.914627394544251
0.748673554943054 0.609985288265775 -0.25962637814415
-0.411981445840768 0.205165974607351 0.887794013916723
-0.672426111458288 0.632878218330954 0.383807615077297
-0.858381223500862 0.00959275229643126 0.512922659125665
-0.759506799555757 -0.642305416080609 0.102923145609171
0.536054762546954 0.711358397243584 0.454548701705075
0.314266160255703 -0.849452077178343 0.423872562329217
-0.110751224796504 -0.976698157996277 0.183833822711586
-0.122278349188984 -0.899915067962868 -0.418570036879138
-0.175827462968406 0.236257132987251 -0.955650182011566
0.50524393022437 0.536639460286517 0.67583034900397
-0.998442667021102 0.0303340434369518 -0.0468197232003187
0.0261337511396315 0.664133317155549 0.747157255265141
-0.651091992652277 0.433384824595974 0.62310256853427
-0.992389373852693 0.0614705162731804 0.106699139140708
0.182634527902114 -0.975425712578425 -0.123244912506945
-0.486892215773502 -0.145293698154455 -0.861293046236745
-0.859094299942659 0.384388768303443 0.337938246737765
0.292238391219487 -0.601232832498849 0.743717556484219
0.711216883936964 0.136390360440157 0.689614539856868
-0.631597415137481 -0.692136146148227 0.349331161488253
-0.595513409492185 0.7940915224735 -0.121583029451942
-0.460076602813638 0.554094683783883 -0.693764081619898
0.88469878259916 0.133016547029316 0.446782567121819
-0.209391951421806 0.465621806500306 0.859855420399941
-0.152389146880046 0.334823157324215 0.929876874232613
0.103573990211713 0.98676338167991 0.124781637780775
-0.039359053736638 0.451399063982324 0.891453728426124
0.368452770409491 0.364506870083813 -0.855205997195572
-0.653601038871013 -0.731677668413429 0.193528994034024
-0.242350583612459 -0.817860285105031 -0.52189151044122
0.86937702412077 -0.420240630988592 0.25996423214978
0.187187584997441 -0.911585760006685 0.366022144379082
0.121795993834935 0.0198405726005214 0.992356834795148
0.180967267174008 -0.940478435989227 -0.287665012907075
0.445978721497332 -0.887842307673888 -0.11330938476538
0.358511797796942 0.594101011212514 0.720078661895124
-0.470960963400212 0.336294637396087 0.815537667929433
0.355023299766205 0.787315520436102 -0.504076113204687
0.768685588121272 -0.409015430000202 -0.491760962904137
-0.108421431915395 -0.993609780471497 0.0313751056221142
0.613167563272271 -0.318997892444223 -0.722679655149423
0.814510229593271 0.0504309768830077 0.577953114412011
0.386066547690042 0.780321640631661 0.491986542414125
0.704088231030041 -0.709953407554341 0.0150307028101559
0.94005407800896 -0.31218355516265 0.137257999055544
-0.706097682096429 0.201326499107496 -0.678891526015143
-0.749772245427835 -0.659166391488253 -0.0578035320586721
-0.112386808285306 -0.733193416634678 0.670668784965432
0.900525884302259 -0.128751253868566 -0.415302596101814
0.0495352471942967 -0.902266882058873 0.428323164007225
-0.291206900766883 0.779803350246963 -0.554170800285759
-0.529733176491815 -0.801399764371661 0.277743009613091
0.795665121405837 0.112005838959227 -0.595291278801625
0.40065215231874 0.915058230137122 -0.0463280509052564
0.653485040576358 0.756130987273667 -0.0349747312707996
0.260374890444383 -0.585763295780207 -0.767519561798125
-0.714883832405939 -0.566000980513421 0.410589815049573
0.135406941053121 0.41648954942346 0.899000231109915
-0.591942210601333 -0.227154605934095 -0.773307962141431
-0.461002717219151 0.886192104694089 -0.0462606560093999
-0.0417405405309248 0.998272765172097 0.0413426364887573
-0.738213565887179 0.627275730276794 0.24812474553307
-0.145746205469391 -0.737785780958159 -0.659113180726371
-0.252228931787802 -0.0912338913246647 0.963357121239545
0.671452520767907 -0.538064779564372 -0.509546666505402
0.592260971785628 -0.757867858107004 0.273611496373681
0.558822969764124 -0.196056373069933 -0.805778373402184
0.259668798899806 0.959466567049324 -0.109526351133036
0.81968109816356 0.421042154368809 0.388389497229073
0.275915938840962 0.88293284968251 0.379868368839828
-0.207800473003896 0.718008390427402 -0.664291287535226
-0.5858163804067 0.274784058286044 -0.76243877771205
0.188618475375722 -0.0524158891636705 -0.980650623468991
-0.259072155260389 -0.929117232711024 0.263861301156773
0.617017734312948 0.0610357451016794 0.78457871075068
0.459578103260141 -0.779886925976681 -0.424928640708594
0.0151893593847874 0.316585220528642 0.948442450285894
0.993275605710469 0.101921012453712 -0.0549151920775307
-0.380666855096156 0.0928100406092954 -0.920042956493502
-0.945221678924344 -0.285734614656428 -0.157834431220145
0.290771485496151 0.712508038910949 -0.638579860087707
0.491896474115185 -0.0617417960605731 -0.868461748940196
0.252469676922901 0.966369239840061 0.0488830699259808
-0.810124017517364 -0.262240119410168 0.52433691078663
0.271243209476057 -0.3720759220803 0.88768610979401
-0.15050907419394 0.83314342768803 -0.532183283733643
-0.517769944141987 0.457850418863718 0.722694457491907
0.869112313882937 0.311754872750022 -0.383995683795618
-0.588753530413194 0.741747634272875 0.321216013730003
0.986020428559093 0.131660112074132 0.102124088014385
-0.369167727966065 0.473569898172585 -0.799654137845344
-0.725250282405326 0.0294515251056577 -0.687855097778556
-0.904429967141358 -0.355123236752204 0.236418952825955
0.780854077513422 -0.286650179896233 0.555066287929757
-0.602172255902479 -0.405336357766238 0.687816117355591
-0.375848151273912 -0.602368348401737 0.704194958820174
-0.696630920652394 0.638301754720614 -0.327530502871996
-0.97251188204304 0.160560653866513 -0.168644346822127
-0.606790531420576 0.502867868500842 -0.615572219814828
0.596037754285962 0.746554684017243 0.295626621327753
-0.318794051195749 0.947059016734517 0.0380732418379762
0.451681290970494 0.666539823752759 0.593050313834223
0.459255661241415 0.210860128522663 -0.862914969053798
0.823118955574915 0.470581700979542 -0.317849095761592
-0.187841302463706 0.960102344824165 -0.207169333039133
0.846064954461038 -0.274536630100724 -0.456950469488522
-0.752137674232761 -0.374968214399108 -0.541929660740283
0.144817784732838 -0.686905215689747 -0.712172053568023
0.323297544488875 -0.796180364950211 -0.511444546549489
0.658489924127265 0.509880288983778 -0.55354594274431
-0.931666468337201 -0.025361783617134 0.362428436671083
0.302901655095465 0.714118835636248 0.631098150789524
-0.71180531926598 -0.235721355484702 0.661640861822417
-0.389942520847659 -0.914407463032829 -0.108645395598883
-0.242665828210768 -0.946698442488971 -0.211838039095293
0.844334333141455 0.535696676007195 -0.0113404229823131
-0.231231640028165 -0.118660808653291 -0.965635304418616
-0.34683637424664 -0.22060754780975 -0.91161221983298
0.663032955708799 -0.576561605178173 0.477455772903023
-0.741112991889375 0.298710569458515 0.601268267037725
0.254917118782504 -0.204444662514676 -0.945102979849755
0.636640413262662 0.760693365599238 0.126627752621815
-0.450800234749081 -0.477051381004862 0.754454192268508
-0.31631608154098 0.341252879242672 0.885150048843216
0.253284140201235 0.506179797931471 0.824396237551201
-0.788516838811726 0.608054890860863 0.0922520710366258
-0.952724769168366 -0.155260321469363 -0.261169957671845
-0.937170244187884 -0.0320748732271007 -0.347394783950894
0.960814082829888 -0.0949084553219961 -0.260439404361464
-0.708550726719495 0.684136705308156 -0.172953277261165
0.776939162810354 -0.505409186428999 0.37540257266663
-0.457963205827135 -0.307918914744269 -0.833939832392748
-0.811710393262448 0.159353787983028 0.561900887813128
-0.617878730426563 0.108501404298871 -0.778751128250631
0.804304185609362 -0.124458843198947 0.581037669485241
0.604149054387253 0.223182830103319 -0.764979309805213
0.497661200500438 0.752254850279095 -0.431793897302913
-0.560296794166462 0.671892386068922 0.484384273061581
-0.00542040597100774 0.259987608082654 -0.965596739246032
0.303617311569632 0.369427642091657 0.878259497741885
-0.906538755168427 -0.415648715255343 -0.0736453045635743
-0.837800915129535 0.501756198334904 0.21524484672256
0.490711280886348 -0.186198669899786 0.851194745130884
0.188849124287688 -0.87834268920666 -0.439147046640401
-0.0941558380562587 0.574721479887577 0.812914447353322
-0.63861755257372 -0.459806774766006 -0.617045663969885
-0.758483065543557 0.0389898687492484 0.650525348790164
-0.844787637688408 -0.508273671207872 0.167307269315209
-0.0565260571652666 0.73267804274006 -0.678223923603366
0.695330509982387 -0.18069865157613 -0.695602960895224
-0.904497848960144 -0.28606698673207 -0.316305738690442
0.249856562319807 0.875476339474995 -0.413657923029635
0.788594496769094 0.20875370407368 0.578394857083824
-0.714541576062614 -0.3701918471788 0.593623055785659
0.678802461421404 -0.719651047037552 -0.146046529797866
0.686427698786165 0.0849192441058667 -0.722222774716789
0.554830147322951 0.0804408946385826 -0.82806567981733
0.155833409074657 0.248725080573479 -0.955955952390008
-0.961091233522637 -0.230116013437289 0.152807922588015
-0.340875722368008 0.0655457918919027 0.937820607080774
0.46000721821694 -0.815063025378836 0.352229504511777
-0.449845398136977 -0.679844004114725 0.579181532720305
-0.107750270506204 -0.953531005183083 -0.281368977252966
0.217689892526771 0.383570609152235 -0.897487993505354
-0.933329980061866 -0.1901608767979 0.304522559514352
-0.0958953568860126 -0.108325968183065 0.989479441496844
0.0355756722677211 -0.512800953711963 0.857770105223305
-0.529875416975944 0.63247898118147 -0.564979982696926
-0.0344038538292439 0.0362990343945067 0.998748594463953
0.583079197100396 -0.811823014461019 -0.0310168196335759
0.511358345950568 0.339292209968437 -0.789552682397719
0.380238558938318 -0.674202226948783 0.633142950267799
-0.915620295052646 0.274468306548176 -0.29377989037421
0.507382786160734 -0.0171889373489586 0.86154933041619
-0.236553767669331 0.0801744745063153 -0.968304894462008
-0.529589506593868 0.420921996025238 -0.73645069608752
0.0986000886914884 0.877614186577713 -0.469117641991399
0.295222209666944 -0.699041602825788 -0.651294621840316
-0.875789376706459 0.479402853681913 0.0562660779666593
0.0286452329180171 -0.767775486844518 -0.640078317420404
-0.917081782618066 -0.389939997967515 0.0831131877331455
0.0666448748006463 0.171867278696268 0.982863214886154
0.965040862961718 0.262091616703817 0.00202910514314505
0.779899962493689 0.423957472696565 -0.460452071172542
-0.434980120814148 0.334855451443289 -0.835861304963461
0.330286638695315 -0.902772249244965 0.27552314293456
0.327677817727526 -0.93689365952453 0.121891420994507
-0.31044584548582 -0.231067571490293 0.922079798296315
0.199724280467257 0.629489952247572 0.750901199766777
0.66566325098127 0.637999499574165 0.387103442036055
0.528921056345756 0.847945501492222 0.0350847923350603
0.532318416287761 0.553416346824554 -0.640599290312013
-0.586410580594398 -0.638268894351378 0.498733846325284
-0.846049223888777 -0.27923303003303 -0.454125121189933
-0.975427992565289 -0.0665746716070687 0.210019152508674
0.778107449856637 0.547020269747948 0.308735519437726
-0.9800911963715 0.00296246834107495 -0.198525742855708
0.448476781336046 -0.848449831292307 -0.281071984343007
-0.202229256738447 0.502123928642905 -0.840817987440344
0.370419453623139 -0.467685250539001 -0.802533447780095
-0.179495021246625 0.792502602452264 0.582856039219001
0.0399972484210204 0.632347990669462 -0.773651238488662
-0.10648354770659 -0.937909098551198 0.33013296854858
-0.110303761614673 0.380453571129086 -0.918198323015665
-0.884059622740449 0.455999681161108 -0.102483531462297
0.294442314626385 0.504871932470818 -0.811423474617686
0.536593743482446 0.834898344223327 -0.122523096878271
-0.0359017259681649 0.931771197081503 0.361266525382313
0.0809249977891934 0.546695472360884 0.833411786113521
-0.732829686980902 0.438169165737773 -0.520546282357426
-0.00386063514227212 -0.818864275451397 0.573974210122508
0.0410560123593588 -0.977927364055262 -0.204871848922871
-0.364635020930159 -0.057194206488843 -0.929392341401291
