# command_history: dirgen -cart 0082 dir0082.txt -force  (version=3.0_RC3-1000-g3151ed7a-dirty)
-0.783598285128578 0.407119612304991 0.469283868058753
0.157389157574106 -0.97977337729352 0.123583098459952
0.900439264722128 -0.374072689093132 -0.221988183967767
0.128861509252339 0.390993204788718 0.911328165504752
-0.979057094336962 -0.110736072915154 0.170835383289863
-0.990750414351291 -0.042345790162056 -0.12892032624182
-0.363283308589738 -0.200572823584273 -0.909832830875829
-0.930690764526141 0.119154930879984 0.345856622421393
0.367763033099735 -0.155166961511389 -0.916882525485466
-0.942542371723138 0.264409978183796 -0.204208817006922
-0.467137041541396 -0.103755979691197 0.878076124887969
-0.421680336790801 -0.905915132610076 -0.0387745544405886
-0.493106242040404 -0.761375094705101 0.42089689856732
0.0460714597094445 -0.204481772914768 0.977785572171053
0.912795749842535 -0.0485066531408892 0.405525614074468
-0.243317711898867 -0.813017211275724 0.52896077855144
0.789883584889801 0.112661298271121 0.602819503826396
-0.377208539025594 -0.722358624092972 -0.579578930159375
0.604872691584721 -0.646668768035468 -0.464702626872869
0.704593484315109 0.11640878348183 -0.699997869274596
-0.573211853195169 0.746746761086095 -0.337338770620851
0.651086952759471 -0.51820079064471 0.554575261368179
0.660970835552306 0.741005218374228 0.118443323541049
0.689485651590359 -0.722149476071727 0.0557644193043227
0.888941966411912 0.366325203955356 -0.274932765051368
0.573586136123084 0.532365661937305 0.622563849285715
-0.39698104454569 0.731837270914724 -0.553913584570285
0.556726293166695 -0.807204620911161 -0.196154363898795
-0.815777687675739 -0.573850402530633 0.0721282178197664
-0.605739997333102 -0.780171706568352 0.156240724208249
-0.363958504354824 -0.480415734912196 -0.797956721104957
-0.373722765232508 0.821918563146164 0.429861803726166
0.137610261594895 0.657250707779748 0.741002647111874
-0.0458311225357094 -0.940494065432246 0.336705243638769
0.296414913576684 -0.891933716619328 0.341456357631483
-0.109734437878822 0.912619951684449 0.393806014340681
0.367018903336546 -0.418651649804688 -0.830679192413926
0.316304859041488 -0.936831043946694 -0.14932793189652
-0.605832144235394 0.161540618630287 0.779019923714207
-0.946462575205753 -0.322037025291349 -0.0223774010196481
-0.261796555486858 -0.311633739167077 0.913425955481868
0.829022669317324 -0.331695561967888 0.450221576480721
-0.836636668800974 -0.503295546114813 -0.216177421759538
-0.600617312078726 -0.281466369762434 -0.748355214536575
-0.381560318714711 0.646356889367785 0.660783243393119
0.116029543645416 -0.27031528421702 -0.955754566884254
0.448775266756471 0.831814108883466 0.326628302830699
-0.257120060580428 0.372893969570241 -0.891537639085005
-0.537727702086875 0.274604752052426 -0.797145625691187
-0.209122156582504 -0.946113611285311 -0.24725888895437
-0.876218729010573 -0.137414006006173 0.4619070576257
0.122198991578988 -0.76274452020365 -0.635049764472347
-0.106272466281279 -0.0873143534993316 -0.99049602047837
0.74392398801123 0.375550776875356 -0.552755564467499
-0.115499162535976 0.547639101060456 0.828704626777952
0.918741765982811 0.233118796689634 0.318699221945649
-0.043594452913809 0.989463682876589 0.138062101763814
0.103000470721178 -0.833670501492206 0.542572021000853
0.601340793804208 -0.428101829529399 -0.674624394207997
-0.531083578144695 -0.352780734148904 0.770386907104728
-0.188433477813327 0.632400184964494 -0.75137396181665
0.332661068878848 -0.0952148637696549 0.938227447354696
-0.539553065822467 -0.583001075925518 0.607447310168763
0.143004380991426 0.850222671454141 0.506627235709494
0.757201662652424 -0.615223059644584 -0.219422489635775
-0.984367713559765 0.167344929170601 0.0549170208770181
-0.0309638042393555 -0.46916029974345 0.882570028933491
-0.455040356341115 0.885149674224032 -0.0972025119122014
0.656865401409759 0.647722027133252 0.385984481549696
-0.742277671215287 0.17454833598574 -0.646959610192028
0.725906342219292 0.589577098000043 -0.354201676788318
0.333486268067901 0.909039157416782 -0.249869404475881
-0.797159292736683 0.144201245677123 0.586296053840308
-0.873911717874712 0.484792663586016 -0.0354172654851441
0.580037325008228 0.0106941473242107 0.814519697005731
-0.313926233283228 -0.56589170703544 0.762375823308373
-0.777879700124573 -0.383151444288022 -0.49809451198955
-0.173616345951752 -0.0395486666380335 0.984018936497421
0.778134127660668 -0.558135092509439 0.288084185402896
0.149740540642102 0.986864843480997 -0.060626324228327
-0.448772105829364 0.518080884167212 -0.728145448718866
-0.0831955033429037 -0.698974827964867 0.710290573001645
