# command_history: dirgen -cart 0010 dir0010.txt -force  (version=3.0_RC3-1000-g3151ed7a-dirty)
0.385739458656371 -0.462012839710671 -0.798592014722143
0.642810896205613 -0.756196923246411 -0.122312570866606
-0.748496861410437 0.349351581728238 -0.563654079026049
-0.926888092348731 0.0462931787240352 0.372472020245486
0.180383891159521 0.925190430770205 0.333892675303595
-0.369723479664669 -0.283609002440206 -0.884799684855008
0.178391325424693 0.303058410692243 -0.936126131844376
-0.611043511802554 -0.6935735080913 0.381551589641466
-0.868114955342631 -0.399389417698877 -0.29472786997604
0.144419433827896 -0.871977213451547 0.467759303866962
