# command_history: dirgen -cart 0272 dir0272.txt -force  (version=3.0_RC3-1000-g3151ed7a-dirty)
-0.600557330828174 0.414343007125492 0.683849957837788
0.71689545461724 -0.608000770006453 -0.341168537266702
-0.82152009791333 0.0543298062907915 0.567585236658669
0.664206858603683 0.266412721463387 0.698465110672178
-0.0118368068107663 0.903444954053734 -0.428540669014472
-0.168524042213302 0.864595184355437 -0.473365413169865
0.00674780918762373 -0.0947700075634013 0.995476324549007
0.550251523364044 0.823679532412234 -0.137022950343048
0.775066163258287 0.205760397641235 0.597440458401169
0.178754751301627 -0.165207013137443 -0.969924420610853
-0.360971644383518 -0.766764076979881 0.530822307560873
-0.638995571977351 0.692802127584876 -0.33423026644397
0.682207135362473 0.484482484815162 -0.547604005069223
0.901469608021369 -0.173007469161127 0.396763104923152
-0.295510763078201 0.8238063595168 0.483752489321365
-0.154647302993637 0.5639433433574 0.811204115595866
0.126522274475582 -0.936588770172948 0.326792884940064
-0.833161106420081 0.535737490972037 -0.137214837083506
0.461752443054406 -0.477606392437169 -0.74744686449034
0.415710143778604 -0.823274345688563 0.386528689867441
-0.298803520841754 -0.781655442917454 -0.547477145176025
-0.593329302130672 -0.425619402610392 -0.683233827730084
0.999846921306839 -0.0134115519020244 0.0112367356832561
-0.902579694142071 0.38533855002265 -0.192000254137457
-0.849399325786719 0.39272627363302 0.352543414846157
-0.0432702233184698 -0.353987735654754 -0.93424855942088
0.0272781665411693 0.961564060907918 -0.273222360725521
-0.533366919829833 0.791822126904608 -0.297552429288519
-0.485735084234098 0.0814118271667223 0.870306579511766
-0.116730965114058 -0.543214991591532 0.831439327127213
0.661604359774577 0.747882266114719 -0.0543303520914905
-0.870534524484136 0.478279820532891 0.115836328292146
0.489048249604899 -0.872076178796605 -0.0177467724923975
-0.0398163235135062 -0.255575803488238 0.965968772297122
0.955838592866949 -0.279347547866198 0.0913100864487229
0.746803677898533 -0.621906767904462 0.235618842013645
0.217627825756014 -0.428977749342958 -0.876707602354035
0.642183083019693 -0.744544081103738 0.182359532727832
0.083559552638385 -0.0390223755380612 -0.995738447269281
0.116768362964554 -0.218449607000064 0.96883688958054
-0.0227296139402227 0.202513619219943 0.979015627393439
0.0078839526730946 0.639911970060931 -0.768407778372257
-0.13996333344202 -0.128461159565978 0.981788162372496
-0.584216462640525 0.478946359340192 -0.655211042073138
-0.495615815943281 0.72982982863842 -0.470864507280482
0.402875541757798 -0.613455620937825 -0.679237439334103
0.748584664827815 -0.223594613800129 0.624200647439747
-0.9611757680017 0.210305282238656 0.178641628040222
0.0260214093530252 0.859972309660829 0.509676871038801
0.783601874368284 -0.205772364257737 -0.586196073506376
0.622118310769721 -0.0307964930955163 -0.782317316322505
0.117518690267997 0.481465180825806 0.868550883420234
-0.679722655425855 -0.678421626906551 -0.278785236062266
-0.758720171132073 0.481856437854841 0.438358386728442
0.446621300617423 0.893705371907517 -0.0426628885384851
-0.163514047354452 -0.669217197204747 0.724852743171459
-0.667478063766798 -0.733389943401 -0.128888421933097
0.905830130180984 -0.000525465643645771 -0.423640766619737
0.284390661066697 0.158655686779404 -0.945489463162125
-0.519484778974057 0.295276057268487 -0.801840142683224
-0.137732622051752 -0.786381112981247 -0.602191389816497
0.449431700150064 0.46167413358111 0.764766723440785
-0.0821759325302447 -0.923853900223948 -0.373819591720102
0.351328056505124 0.58598727596465 0.730196897500846
0.223731843143319 0.429160736322472 -0.875080067629727
0.73552520829195 0.335951511262275 -0.588336000978757
0.817683206420397 -0.509752382182852 -0.267482116779732
-0.153126574137446 0.0593212292703245 -0.986424474580181
0.703159517453593 -0.707197752473268 -0.0737430126262099
0.353965806727107 -0.727664153498446 -0.587548370248287
-0.825794601719427 0.275332968861919 -0.492194099953193
-0.419679463168077 -0.556436112755506 0.717110870518985
0.444885577534182 -0.77934639223274 -0.441243723826062
0.220901485500883 0.108238204231763 0.969271388646228
-0.733413209027585 0.358916442656541 0.577307588738131
0.666515814425186 -0.490098862935519 -0.561747072685245
-0.189140303350593 -0.862448388172928 -0.469477074399128
-0.288123705399598 0.932222445535137 0.21896584762765
0.055834282319169 -0.820668709158424 0.568669853892528
0.344501576580747 -0.936820425826639 -0.0607137009856404
-0.179432725144112 -0.961586811600738 0.207737095635047
0.91449537230366 0.33415008175506 0.228127019220165
-0.541585267533284 0.138568237121516 -0.829146694892971
0.627730833887048 -0.336793019485556 0.701800870769817
-0.22571714989463 0.90174171857109 0.368664673154212
-0.135941496607323 -0.234826859968843 -0.962484418230932
0.215271262100183 -0.76823939328755 0.60288184440649
-0.0721948329887967 0.997124805688594 -0.0230223363324278
-0.634176652320922 0.607851118361334 0.477846200736078
-0.227591527082112 0.971882129531068 -0.0603922436956018
0.565201089851208 0.733707643015041 0.377121760990161
-0.638467721668837 -0.677619652434902 0.364952839447794
-0.753813946032805 -0.65622529421038 -0.0336585502502929
-0.103174210598452 0.71590628154852 -0.690531156651716
-0.883042298694198 -0.309545731892146 0.352728987445352
-0.400607449591227 0.243312816059779 -0.883353012602025
-0.57975241313225 0.183923926720149 0.793762639992066
0.40205263023083 0.68164191938071 0.611324771514662
-0.0546130962673584 0.463968444528115 0.884166665396436
0.466104465719696 0.210806754727824 0.859248007968177
-0.383048505941191 -0.0260363817181313 0.923361223424099
0.431118715304933 -0.232954709601445 -0.871704512199134
-0.0991766146516291 0.979468544449957 -0.175514584976077
0.276089230740044 -0.659802867897549 0.69888118602774
-0.763924844637146 -0.633835361765109 0.121126239610609
0.721943455297137 -0.371949980384766 0.583481670188021
0.752142414276013 0.184040451827223 -0.632780294208252
0.1970151100846 -0.762697873037468 -0.616017045918759
0.877985846552068 -0.152518333166366 -0.453738924164989
-0.86955714099005 -0.146031599163101 -0.471746913714417
0.0809122926655405 -0.367384216539528 0.926543058002834
-0.548188784914678 -0.539300624983546 0.639252604207543
0.580876944057741 -0.803323410344991 -0.131352480958041
0.400506513634272 0.832114697065681 -0.383640018068776
0.252546837274368 -0.943977200802516 0.212431493304924
-0.827823946162225 0.480231775508058 -0.289974060827481
0.983422441511392 -0.122587070219919 0.13361404023032
0.297825883605014 -0.0240310112922106 0.95431769005461
0.319105055510302 0.67396437167772 -0.666291219555551
-0.831556753370982 -0.461132758882451 0.30962872058091
0.290158788784166 0.908266150578553 -0.30143071675681
-0.813723857404216 0.580979481798388 0.0177855452680173
0.726967694877179 0.548368836750108 -0.413291167926796
-0.985331551039417 0.168974517133996 0.0238609950670436
0.326180163828704 0.858839989688831 0.394968825144425
0.0726576503082638 0.403987434697046 -0.91187445323278
0.984875120484976 0.0332726613618859 0.17004095699449
0.640434243203242 0.127660621891788 -0.75732869069572
0.650966786751351 -0.183674402484672 0.736550036602076
-0.892540988702199 -0.439395616382885 -0.101499141819063
-0.614166583215773 0.634939540802742 -0.468669593195746
-0.910485097254953 -0.35963628942168 0.204153439862386
-0.196329656463641 0.463918406167058 -0.863848585350631
0.770074794287029 -0.614215440633259 -0.172407087126605
-0.275353890827025 0.890922870842558 -0.36116017639833
0.834740706388232 -0.116655648687481 0.538144416237667
0.743749744705757 -0.0648647785079923 0.665303598185994
-0.948031260817991 0.0983779167090885 0.302586374471538
-0.141279745207709 -0.91827111962006 0.369889421943595
0.32296103871129 0.937241804300903 -0.131430467340389
-0.746610284562449 -0.467291460308841 -0.473510057029426
-0.84121740768987 -0.397181740177866 -0.366878642426644
-0.119131530738958 0.320816587756657 0.939619282158454
0.522509951106773 0.260212060977639 -0.811956300742944
-0.0331386703691413 0.779334664106163 0.625731020366338
0.714800912231949 0.370520317871688 0.593105681912285
-0.675582988307038 0.509084258281995 -0.533311207344834
-0.961570573166166 -0.186136092622176 -0.201830096477805
-0.740373855567364 -0.0339178300590546 0.671339060979176
0.208697917519429 0.977190188810318 -0.0393003068169871
-0.452082200282194 -0.835842947471697 -0.311429368155663
0.943782411228253 -0.324869802654223 -0.0611095048220015
0.898518535382522 -0.0125825100128066 0.438755195998664
0.0425208024643939 -0.990587201407309 -0.130111405210377
-0.246709076989316 -0.694967176113098 -0.675392667606383
0.948878628191176 0.207706605982003 -0.237670601449715
0.313840338423991 -0.529159113305089 0.788349462347814
0.38686697355924 0.0951602238997502 0.917212339949951
0.366281633323959 0.446619131942704 -0.8163143488095
0.915414438034855 0.399236406621478 -0.0512513245224117
0.842097012179909 0.539311362793599 0.00398447479372155
0.566620111810643 0.823009232483669 0.0399681390402046
0.527237189281755 -0.610574147063692 0.590948523287536
-0.953509331434624 -0.292204098894945 -0.0737341132454247
-0.665358536631045 0.272193566026285 0.695132131573623
0.426060022238587 -0.575558829020362 0.698000638815442
0.479014036447124 -0.440568151940957 0.759239920171459
0.658195918760407 -0.714116287893513 -0.238361196280629
-0.615718043997631 -0.410047264036199 0.672868881396784
-0.343597699872483 -0.912753346717496 -0.220956893303537
-0.252330043932268 0.655007188160209 0.712246539049224
-0.438262654258033 -0.767501224570256 -0.467833000295898
-0.068078042820856 -0.0749887383823122 -0.994857813560064
0.195888913867396 -0.975963067581263 -0.0955176640272483
-0.898862686870928 0.436583520223066 -0.0379565543853995
0.657186454865499 0.61449822595911 0.436460644084234
0.597541899811316 0.155145406936535 0.786685185240183
0.215403643820551 0.363910916918036 0.906184371293559
0.633912271234587 0.524656655477458 0.568234657726379
0.0146943112667086 0.587215766309712 0.809297053629688
0.23995928725782 -0.323287713664814 0.91537128786744
0.423763239586977 -0.085488985275631 0.90172964361348
0.0911560030702489 -0.680524052666933 -0.727033422096969
0.101580353720016 0.84788443210117 -0.520358935292355
0.499818995526185 -0.677244324548851 -0.539926936332655
-0.234201705433253 0.00382510078476742 0.972180502672288
-0.0640384854859894 -0.970684113290749 -0.23167094030459
0.37326301632822 -0.384294847455217 -0.844388649178168
-0.81631521778286 -0.0437115963542651 -0.575950311711248
-0.844583000852312 -0.48096307710329 -0.235274463413772
0.306204747544732 0.235526292392067 0.922369783857382
0.20575138847715 0.967927132365892 0.144164602346297
-0.961235592334664 -0.0537279714876783 0.270443045961338
-0.497835145565901 -0.403745273520652 0.767561021645258
0.737478556524106 -0.670451684779087 0.0813628726386031
-0.789524631619719 0.424324098980706 -0.443395889798224
-0.312972079948331 0.52718285432181 0.79001690822534
0.987525252086454 -0.0565534613304724 -0.14695435516897
0.460468548686421 0.877754238293592 0.132348830097805
0.827506919766078 -0.306315362542191 -0.470535010822686
0.713837965678276 0.0990945140320688 0.69326447770317
0.127260143331984 -0.959770029736514 -0.250292520740622
-0.566119504286125 -0.794027657755644 -0.221424446676327
0.195972205961566 0.287806021365451 -0.937423377432176
-0.212454887690828 -0.77089170262871 0.600490552394029
0.377574843812271 -0.864445100194108 -0.331921536014972
0.941194241567204 0.088468718322998 0.326077729259484
-0.52597258849574 -0.0774609596978039 0.846966726544665
0.877655814095304 -0.331414812842028 0.346243402556052
0.266884724873748 0.565978996126363 -0.78002584545184
-0.732380804532412 0.561746844905767 -0.384784146491086
0.780754247245538 0.600778925770011 0.171719211967341
0.517860081030901 0.0369557464143444 0.854666724098714
-0.252986927631547 -0.852698329757805 0.457059266261827
-0.186098859503576 -0.594898500709859 -0.781960989017119
0.506236287957175 0.734930044832479 -0.451223503330522
-0.657623704768316 -0.722493484556646 0.213387505960381
-0.908505926137425 -0.153820362855252 0.388530923021912
-0.754100782126517 -0.598589328896297 0.270227359324801
-0.601102970840466 -0.617636146426801 0.507149690992528
0.902674860837036 0.242893883459302 0.355219167544345
-0.277084085075982 0.281091809596899 0.918809993619544
-0.428741208351398 -0.875362073264809 0.223432801868746
0.989032488398499 0.14100710682448 0.0439514814000886
0.618255002243366 -0.785425015559219 0.0294668820009179
-0.520932377110962 0.80514620726164 0.283494344581545
-0.46172056586577 -0.662294282439344 0.590068133781809
0.438886952337535 -0.881343523469158 -0.174962386548765
0.156829305998284 -0.599423462576003 0.784917881879048
0.332668932028256 -0.127270400994278 -0.93441619565049
-0.954607982125119 0.0692272262198774 -0.28970880485914
0.0585809977291296 0.991775633465408 -0.113795252841886
-0.0403768799066205 0.511865625844996 -0.858116127716591
-0.832246599255813 -0.249295421010027 0.495194296302539
-0.517426999256425 0.843933590828153 -0.141581759815276
0.321979687332616 -0.802362103135942 0.502537696492969
-0.964497749107649 -0.250743759045047 0.082895471928435
0.502370944449193 0.56279154334396 0.65642144458705
-0.794477365637505 -0.404104390392976 0.453326987013581
-0.272524198196181 0.177022889986086 -0.945723774586693
-0.423504968191277 -0.180181269826031 0.887794036880843
0.711162002838122 -0.119985067882799 -0.692713641560805
-0.354152268769193 -0.312740729356709 0.881345225622212
-0.0785575647282316 -0.695023419342381 -0.714682555817333
0.643289475347084 0.270715338722861 -0.716164685172231
0.288202287483165 0.480385933325576 0.828353062740995
0.537143300015012 0.788113769588221 -0.300589024141646
-0.0657015660651894 0.922601234646394 0.380118752557053
0.817870582054999 0.305205009598136 0.487788492202532
0.520921963467746 -0.329900405036591 -0.787277607158747
-0.390774902240856 0.70131783750055 -0.596194822673094
-0.584475721379633 0.71386061086232 0.385734571145799
0.216441905368955 0.928458100606639 0.301858339321889
0.0863109132382808 0.995051212435747 0.0492291670265083
0.332408973184312 0.941687423901982 0.0522405035523225
-0.0556314494379056 -0.754954704366769 0.65341299052584
-0.636468628391902 0.0168707937981393 -0.771118059307102
0.377508476842668 -0.921330309318458 0.0929398248496544
-0.988607241563648 -0.0979185362045188 0.114313963256812
0.908280312792957 -0.361921874348134 -0.209855736783778
0.382950494438004 0.352914355350941 0.853698059384533
0.136387066385797 -0.851979719329872 -0.505498888201813
-0.537627290563451 -0.657232845550208 -0.528206288462547
0.91108430063415 -0.247008947978899 -0.330018146101603
0.3991385873464 -0.884190550316883 0.242683866009772
0.759958195812844 0.554135682654844 0.339701612927488
-0.541240276801346 0.558708107593814 0.628414046053191
0.839961611541292 0.0958994245487423 -0.534104663439832
0.941917115610926 -0.228340879488104 0.246277465623212
0.535927152184987 0.321114458941703 0.780812136054165
-0.848763541911112 -0.504850284119195 0.157247068485463
-0.363007320190843 0.39100316406694 -0.845779055769002
