# command_history: dirgen -cart 0144 dir0144.txt -force  (version=3.0_RC3-1000-g3151ed7a-dirty)
-0.171789924644521 0.900418711931643 -0.399667818311645
-0.0621341405645781 0.319523241340797 0.945539130242304
-0.468572300675857 -0.854126785097476 0.225626758205637
0.782913884935756 0.576849104795549 0.2330042039779
0.0877931431204813 -0.348299273918614 0.933263081777477
0.672999116541733 0.241193216016521 -0.69921242958178
0.647739173743842 0.749082838405928 0.138956338478543
0.776746960376876 0.629721406843652 0.0107289006023464
-0.219458791201511 -0.0373592164644623 0.974906214930202
0.0334800097745648 -0.571390730488543 0.819994952458406
-0.996800281942504 -0.0681691641066361 -0.0417392259672681
-0.660492773536852 -0.192305921876127 -0.725787660763787
-0.628877844666731 0.299189586798979 -0.717633783791136
-0.169629853142686 -0.0501718392415673 -0.984229901735316
0.43758133220974 -0.26809423702492 -0.858282038595458
-0.728656555492713 0.22909603605621 0.645425929445685
0.660977277160988 -0.0536040172987078 0.748488910008884
-0.965262062621364 -0.0525939136043773 -0.255935598766028
-0.568825122537348 0.753483052732886 -0.329698755251977
-0.348165762652317 0.87464076644107 0.33731903503376
0.882938906640069 -0.0356236588197338 0.468134427353442
-0.239815489015939 -0.590507940695348 -0.770576993689655
0.50904034947171 0.657513625924065 -0.555476151003721
0.874160365278064 0.473093460450285 -0.109664184928791
0.717398328183165 -0.659409869480951 -0.224762680957304
0.246210777544932 -0.17448329949468 -0.953381262254598
-0.59425674464269 0.800286656896261 0.0800011764943364
0.44596008298256 0.504549900193954 0.739289525558464
-0.843859046311402 0.28881858876312 0.452200987110036
-0.114657498303715 -0.981269989231763 0.154799439003601
-0.460634411680281 0.881390761381492 -0.10471993376294
-0.484302829170523 -0.74911607185295 -0.451968893342266
-0.0511387946641823 0.998447283497102 0.022087230644723
0.261107989771358 -0.380128699248172 -0.887313242144765
-0.91524863999132 0.325516969566666 0.237399725185548
0.853337547587035 -0.27201147908858 0.444774982572297
-0.57744996344082 0.368581514003906 0.728491048165168
0.142929008375094 0.263862930709876 0.953911763404827
0.233494015380406 -0.493166329334304 0.838014031142954
-0.3668763789274 0.050756532320128 -0.928884006220343
-0.546818551718825 0.786628680833981 0.286713777111455
-0.277757055713286 0.780745480912041 -0.559720923351015
-0.388906092264272 0.495440384460534 0.776718016300209
0.787234480220563 0.0770726145847103 0.611818343328261
0.127953253919074 -0.909043998156524 -0.396569003109323
-0.18440571426963 0.674906756527714 0.714489609818049
-0.047716985773914 0.829454303957279 -0.556532700670318
0.261508839612223 -0.805924845432667 -0.531129240692886
-0.87024822399773 -0.268544396545069 0.412979340540227
-0.301150202687696 0.926900598797528 -0.223972845161961
0.126853449682582 -0.52585151117185 -0.841063844486202
0.0782855191207131 0.72303383293482 -0.686362479982395
-0.646762771521754 -0.678409593666423 -0.348508738190104
0.6523857788701 -0.623699344766601 -0.430571623386592
0.494212578034725 0.300552058137297 0.815734263140703
-0.199780160413988 0.960395301870777 0.194238903542777
0.356738929342198 0.926623652666465 0.118768441140062
0.802183667984082 -0.485250795894977 -0.347898013651839
-0.169104345177203 -0.767060187407354 -0.61888802649331
-0.369900675722841 -0.685407201109526 -0.627208465158906
-0.594923536600015 -0.470933006372525 0.651374000945897
0.982318415617707 0.0770017764238871 -0.170649514402718
0.889800406433565 0.18085008004717 0.418985065673701
0.918446228704725 -0.337071087419058 0.206977310360827
-0.643114035272891 -0.757368750816205 0.113123441081503
-0.0448067135346574 -0.929548758951043 0.365966478184545
-0.715318649455608 0.431233968891514 0.549869524355622
-0.375475723700305 0.658964916874697 0.65175395606015
0.934401964733817 0.283665607993846 -0.215468770690936
0.729623524833683 0.503549394028803 0.462695925833044
0.683592661678689 0.569998708696449 -0.455853644258139
0.945611543552392 0.254546606540115 0.202545880726749
0.163258890926763 0.248405843705148 -0.954798969074903
-0.507183749578395 0.182448230777979 -0.842304747255757
-0.396533678686079 -0.805322085094317 0.440701010807812
-0.301309350938887 -0.838716695755328 -0.453615453107641
0.748545584438321 0.377427794080794 -0.545185994201243
-0.751931803356901 0.659211827511651 0.00619108788405514
-0.155666096976459 0.691073718366098 -0.705822344528544
0.887696818934411 0.447746704494256 0.107318433962955
-0.261308584291215 -0.912990888286798 0.313313679371016
-0.77178278786945 0.167548880640848 -0.613415602136478
0.556397049827783 -0.555797166967573 -0.617666440834986
-0.855412357568836 -0.390919799466954 -0.339781413416393
0.569911954565312 0.59083983957642 0.571059233366256
-0.664112265059466 0.594821710395516 -0.452926078118425
0.0381651878934779 -0.104596718694815 -0.993782141553838
0.00802920954446513 0.117599386415524 -0.993028658251505
-0.453080604039411 0.419031146885537 -0.786848692051448
0.321839892717538 0.94164396898119 -0.0986190607180759
0.748294658318219 0.623304855435519 -0.227037797564474
-0.985850082823746 0.140659971561157 -0.0911832583143861
0.472971522734047 -0.739554978467854 -0.478911654176476
0.961593513307274 0.274250795424864 -0.0111542088111538
-0.0860318677739444 -0.472104476630434 -0.877334531904923
0.0842877287307504 0.891669084273377 0.444771652577464
0.313817137168648 0.395638319565915 -0.863127525056601
-0.625577456249439 0.768847732561181 -0.132385839001052
-0.726266059662143 0.40323319912401 -0.556723088893429
0.984065279176007 -0.131703607004758 -0.119455791915602
0.376227811599209 0.182325329922995 -0.908410759429754
-0.943171538737934 0.331812375184761 0.018110665061399
0.0978295948689136 0.432765923041925 -0.896182473730353
0.360917922879118 -0.610813291346921 0.704730711732194
0.92401241664957 0.07030650595053 -0.375843117668062
0.852740476450658 -0.505972632766398 -0.129712662119565
-0.233210995777783 -0.930597982422357 -0.282134766662625
0.524672602872266 0.0709425842524186 0.848342978714877
-0.479544490840167 -0.837727376771889 -0.261246863161521
0.20536607509674 0.585429799605115 -0.78428102420859
0.564219055032701 -0.520677187678814 0.640743415236464
0.824992396589088 0.459051346498613 -0.32963526335634
-0.514520346413414 -0.857440203684924 -0.00806909111211895
-0.34496402588249 -0.177339748039591 -0.921710602419327
0.30598633476804 0.714137670728643 -0.629586967925393
0.715327739310401 0.000223554625848547 -0.698789077902911
0.261613506522277 -0.965032372859574 0.0164588133879436
0.394386235354736 -0.836585815161639 0.380241595874326
0.0946619922326138 -0.976550112213556 0.193362316810293
-0.15717213865323 -0.985561106844946 -0.0629779604761471
-0.0498354243843532 0.803252607728745 0.593550064150786
0.298745901637194 0.395840150369663 0.868367123750261
0.325728120515254 -0.300444511791974 0.896456516982102
0.420133038415033 -0.0433804271287975 -0.906425048514369
0.189029828602891 -0.16569764138682 0.967890497699614
0.814513108535228 -0.462331428485362 0.350454057272796
-0.413112141408982 -0.54359418012081 0.730646101720436
-0.0344022645705879 -0.658092676378106 -0.752150592295131
-0.778916290251766 -0.300966402668448 -0.550189637529861
0.01884120074523 0.970964364511831 0.238481051663678
-0.94258788978979 0.149774335835823 -0.298489059006473
-0.843931566800976 0.0807783835756328 0.530334199636189
-0.41241483329639 0.902201121928636 0.126281989483149
-0.74193954466108 0.626098877371415 -0.239845591625869
-0.936075486399175 0.130131938902215 0.326846083409453
0.5908904631653 -0.138253397847149 -0.79481724850686
0.480027957336159 -0.694436862091765 0.536032279572618
-0.856773215594688 0.505844793405023 -0.100303050923525
-0.810685218903244 -0.137292705631895 0.569157437649788
-0.505919833220715 -0.329286238310543 0.797255100713201
-0.630779316018111 -0.403783844010585 -0.662628147455087
-0.561201775372835 -0.0992718126185126 0.821704128344146
-0.177610510645356 -0.839758260668503 0.513089241893948
0.589453246984296 0.729464273255431 -0.347025566296774
