# command_history: dirgen -cart 0158 dir0158.txt -force  (version=3.0_RC3-1000-g3151ed7a-dirty)
0.0620869964718119 -0.694264731544801 0.717036740622219
0.176563353970614 -0.801511395784 0.571318531524255
0.237800017664908 -0.650582323718797 -0.721244612917989
-0.486768653117924 -0.187043543611839 0.853270760740627
0.472124441509485 -0.602037058336441 0.643933142584665
-0.779295864404955 -0.0933563871900316 0.619663247814616
-0.156478946104312 0.533536684010082 -0.831175641029987
-0.727719570497383 0.575434179576608 0.373228792686338
-0.647741868289464 0.296728791456885 0.701699719527813
-0.559661656186378 0.820967991164441 0.1130945979176
0.992251204931428 0.0760975803264612 -0.0982176388465315
0.642280894781119 -0.724366201328258 0.250537140105883
0.950800743904582 -0.251231522390275 0.181275115633553
-0.260519254705122 0.946424920230379 0.190812966788971
-0.0480169994934709 -0.543699281933099 -0.837905399544051
-0.430508534344226 0.773265239672599 0.465535466931215
-0.0931072907498745 -0.189575339261839 0.977441672506844
-0.553684116351021 0.143478605748575 0.820272996625535
-0.309732664310425 0.149406941225572 -0.939011843680784
0.637736133276008 0.675109312752614 0.370836945501467
0.910440303835395 -0.19456465796025 -0.365024721114782
-0.810757686606596 0.58438400449598 0.0341659025574144
-0.222462440711852 -0.00328102433722491 0.974935740114098
0.011277496892458 -0.00602876937602936 -0.999918232658877
0.182388065955317 -0.95318387037229 0.241195154717464
-0.186335106370428 0.981731926839357 -0.0384922324398721
-0.138724629309817 -0.677322976937247 -0.722488105186321
-0.403642091337133 -0.0507446788108883 -0.913508642363807
-0.452206951155447 -0.553429443379723 -0.699446012589324
-0.705219253693559 0.684835103128855 0.183484837908725
0.134584979667522 -0.183621574698751 -0.973740212044796
0.294245455064804 0.192552148583221 -0.936132085899042
0.42378154072339 -0.646610638050443 -0.634274300679216
-0.128691163928528 -0.808967972566189 -0.573593413219566
0.788983348691327 -0.589914136285568 0.171774815669447
0.98658698728889 0.106206529813282 0.123960838724383
-0.29420341939668 -0.220231660709624 -0.9300227758697
-0.853771288494651 -0.312532521660907 -0.416410866628691
-0.701192835807025 0.342751841114602 -0.625179800077908
-0.394600289759049 -0.91281269992301 0.105183583231131
-0.49048945313713 -0.701448691249371 -0.517097505221001
-0.440708705885681 -0.540262998067021 0.716862420186888
-0.312107942992561 -0.827414289204096 -0.46687709939751
-0.441866682468335 0.305504139415698 -0.843457797239614
-0.704997543191439 0.444799270045798 0.552387611610507
0.575272056523629 0.384681065956701 0.721860470227793
0.439515365304143 0.890433913058366 0.118125738673386
0.0480817080670888 0.552086932337829 -0.832399044023452
-0.9956613214666 0.0790083556352702 -0.0491549862699011
-0.607187042659929 -0.0347897598607426 -0.793796931106893
-0.0636842688496358 0.851333710616975 0.52074487714064
0.386972650780552 -0.921294112895007 -0.0383317765421232
-0.524023671478007 -0.364392882012835 0.769816224347792
-0.249214125045723 -0.554828458221718 0.793761741220252
-0.252287811044272 0.353690531165195 0.900696324275042
0.929489247410562 0.135445969715677 0.34308035244812
0.0706294336272975 -0.940694073021753 -0.331822458684207
-0.532277497375276 0.840049462158392 -0.104869284899389
0.385243720600689 -0.753382281466162 0.532918768397753
-0.426297899278346 -0.00552003377486785 0.904565990018414
-0.726934059910332 0.103742657097719 0.678825701959337
-0.26913623495176 -0.540084445715928 -0.797417380379754
0.937837651382333 0.285813550814079 0.196903920277678
-0.126811985370551 -0.919252001333105 0.372685495305976
0.471975924960946 0.815190895247634 0.335711975602034
0.683803146801695 0.201196147590696 0.701379616626233
-0.0787823063727904 0.988296512847304 0.130626761792684
0.628491626929513 0.68097405069494 -0.375862497676503
0.0539746112633697 -0.717434082555542 -0.694532273207412
0.602549514677605 0.776016123951833 0.186368070571532
0.803860767875887 -0.184145110990306 0.565595654127892
-0.61216916529291 -0.545090327417358 -0.572822352933804
0.725758822121084 0.511383425278744 -0.460175101959673
0.622470188657274 0.0441228976990271 -0.78139876767987
0.887791298239187 0.455380303081233 0.0667487103727434
-0.360233891441298 0.91724148459225 -0.169998830584402
-0.547125488946775 -0.624969700975202 0.556836216681098
-0.732788638881002 0.571353492630716 -0.369561898990699
0.124253011205852 0.909741698980385 0.396145466139095
0.271729142544634 -0.663240780392959 0.697334166892528
-0.897361169608606 0.223998482527637 -0.380220476965655
-0.761783943206076 -0.614965209202193 -0.203722888611727
0.585665814667462 -0.738216049600858 -0.334712738989124
-0.712953280329987 -0.700386415838175 -0.0340071841831569
0.745850638029377 0.512755651646493 0.425192271161826
-0.821295007996559 -0.157269664311013 -0.548398361164066
-0.665947089468767 -0.234045513816943 0.708334081835853
0.78730105839071 0.552774176345236 -0.273125892992066
0.443414697945815 0.773574667361952 -0.452731310670543
-0.850815341935932 -0.45314801693321 -0.266026556335909
0.256827490651343 0.965307244788408 0.0471334616249193
0.797484555617469 -0.250753339848259 -0.548763287863312
0.566073055810797 -0.689228446138696 0.452244894408179
-0.247600158821737 0.782315776847453 0.571555934836667
0.0380644644422436 0.822881478091741 -0.566936653922003
-0.35757433605578 0.495505638652781 -0.79159001778545
0.431928727121427 -0.862084912461204 -0.265041842723035
0.32877207155816 0.888305087967712 -0.32066024956959
0.947912489110287 0.0184401143433622 -0.31799665905752
-0.199606141487468 -0.0259243077399242 -0.979533214622501
-0.074393073226824 0.906441071705623 -0.415728582347943
0.900391339721422 -0.432827364234154 0.0442256500775059
-0.391956379877788 -0.383326305813509 -0.836319998292799
-0.04427160917443 0.371212774223526 -0.927491833319507
0.776786294361154 0.310618843877056 -0.547831166255761
-0.50703328076048 -0.214202507584513 -0.834885943075922
-0.646083062253787 0.188591490294716 -0.739601194196702
-0.837151059625902 0.505343799147158 0.209298227490695
0.174369200418603 0.385293611918297 0.906170080371411
0.962637568239678 -0.0558808315739356 0.264964610610936
0.963850097884531 -0.265232618506409 -0.0253898973651586
0.880607285088875 0.164177088049225 -0.444495999091194
0.362694901710487 -0.496989108001679 -0.788323686565941
-0.30001944601763 -0.91555848114738 -0.267845103764053
0.145662246766811 -0.52429439851514 -0.83898622965606
0.465835042720203 -0.325463322683271 -0.82284344717682
-0.0530845236290762 -0.998421835830531 0.0183267860757503
0.110517856731955 -0.175416669098651 0.978271330227821
0.287888289566498 -0.871135119394365 0.397798864362685
-0.800891591704298 0.391694844626427 -0.452932453055018
-0.0370589421817564 0.364285464284393 0.930549695242266
-0.856698926035364 -0.366709563773233 0.36275480143907
0.963141575590028 0.268388650046993 -0.0180509804695332
-0.500542829182483 0.12029575639032 -0.85731313249505
-0.470959147083996 0.82102259212728 -0.322675355418595
0.861716608245158 -0.0517375265294126 -0.504745198514142
0.147017407517763 0.704282247907725 -0.694530342871208
-0.11401487483033 -0.973679881005524 -0.197352723929752
0.883801698693353 -0.0234350035649782 0.467274392616002
0.730847120128898 0.362731946797164 0.578176462485318
0.244461128566503 -0.347492028218316 0.90525579089267
-0.346897197935438 0.17623602474313 0.921196611830113
-0.206954537106664 -0.963940265222307 0.167299087427622
0.345571168741149 0.378672949589309 -0.858596159194886
0.81657551902053 0.573190640689896 -0.0682415647670829
0.977602087563349 -0.119315444511749 -0.173372382727888
0.515327247893933 0.818601012666939 -0.253634007259922
0.547146434703762 -0.480015562371305 -0.685722858647954
-0.900870121829148 -0.40438787709084 0.157808328226045
-0.636585570192575 -0.448908257364255 0.627088660631638
-0.86881198066493 0.421430799538796 -0.259926573195533
0.00492421398543078 0.977828170311092 -0.209350952858324
0.322840106182201 0.70148815595501 0.635364960392926
-0.548343859234691 0.417359735896591 -0.72465844567764
-0.0828819413430007 -0.198502575209997 -0.976589633077382
-0.345824160280545 -0.695022960243535 0.630356038204259
-0.920929145216322 0.332424012332896 0.203430050670084
0.588596942802631 -0.621156694444314 -0.517414727148745
-0.684010918511086 0.728606212494804 -0.0355253497040787
0.680557092533316 0.710764184810566 -0.177922222876094
-0.240244565198294 -0.823137011468279 0.514517258450825
0.64459742818279 -0.527410839830823 0.553472638536973
-0.753161657828018 0.0103869470846317 -0.657753470920536
-0.832192305993448 0.389907373550062 0.394243840657782
-0.945926781846224 -0.216728094089493 0.241353385346842
0.154441579607802 0.381124848148391 -0.911532582309658
-0.258005539849364 0.882785400597499 0.392585121851238
-0.564125581969569 -0.824886158226636 0.0364026610785161
