# command_history: dirgen -cart 0143 dir0143.txt -force  (version=3.0_RC3-1000-g3151ed7a-dirty)
-0.0328003682152586 -0.82414355321873 -0.565430402023936
-0.38890320281102 0.361431582102722 -0.847420503824432
0.510677562169617 0.539893100360728 0.669121713651094
-0.860885537852866 -0.483537293242505 -0.158328066872217
-0.686942481734105 0.199698873788724 -0.698734847131946
-0.789998524107366 0.109504017189911 0.603250530150993
0.584041610024143 -0.706136443886703 0.400333261640159
-0.0374831569892904 0.653638759646291 -0.755877890158308
-0.934025049604927 -0.131133917569371 0.332266613389643
-0.362847532173957 0.923902177059975 0.121434902804374
0.812115289007447 0.551734426578092 -0.189889125251801
0.543697625053334 -0.838512793371166 -0.0359052623475806
0.955068557236955 0.274119696184088 0.1127051158611
0.399271588060732 -0.51463055478345 -0.758773741671876
0.203267882699211 0.979009428476871 0.0149233647804253
-0.862461329443539 -0.164290187366487 -0.478716188936168
0.168389772136583 0.901785591748699 0.398029686272568
-0.955659229251738 -0.121466301912135 -0.26825617429197
-0.121385126833345 -0.678726062561694 -0.724290399621003
-0.183814690068835 0.825885958848499 0.533033341069576
0.864865684080351 -0.409965169548136 -0.289716945064651
-0.939920470154694 0.315012238077422 -0.131593311553559
-0.839059159884235 -0.284576139579981 0.463676769955231
-0.274191856581611 0.903787609375531 0.32861342474645
-0.781489760743038 -0.623883734327232 -0.00654521930089581
0.572748251969902 -0.565578499839292 0.593363632509575
0.139423573057289 0.870245276537757 -0.472476693541238
0.656664808366035 0.546159120624305 0.520097629693199
0.523732057046281 -0.332990368604787 -0.784105953834378
-0.976602390615833 0.0919461958184233 -0.194405935397972
0.583139572816927 -0.790480053488583 0.187321978559854
-0.730023861615355 -0.174850497119662 -0.660675763994119
-0.32242345709281 -0.00563507528582997 0.946578766000402
-0.708121108251178 0.302689735914028 0.637921170538664
0.393311899163762 0.225571887318807 -0.89130414204559
0.181923450348206 0.388075490995692 -0.903493924441032
-0.911087156063657 0.240910027331336 -0.334488494252124
0.459533956025147 0.705923566751355 0.538980946940542
-0.431037666902283 0.168326407863909 0.886494641905449
-0.98371486242543 0.00988116623284567 0.179464291705054
-0.406719174146179 0.555616651601788 -0.725168704402408
-0.778876121616025 -0.360381457203441 -0.513300294642721
0.443230506786216 0.0339162566840344 0.895765820617519
0.600041594756486 -0.682900013223238 -0.416650520822661
0.723443746801843 -0.389904425417511 0.569740014614693
0.714560689701171 -0.698977769752301 0.0288634392594888
-0.0544000889563021 0.914924042859463 -0.399943278627411
0.62726449659074 -0.136730788329905 -0.766709816579551
-0.749828636416975 0.586790933179658 0.30566880237801
-0.516367847285633 0.178743417030831 -0.837505246047894
-0.00196254196917689 -0.999997228988097 -0.00130017119887875
0.0218482277859926 -0.470567241784447 0.88209360382104
-0.888128695883493 -0.32857636345928 -0.321348709230584
0.2404597957161 0.484739624587179 0.840955755672825
-0.50333904017855 -0.776738717204456 0.378585229278312
-0.0853627769210184 -0.0126756303546266 0.996269303306814
0.140407091925193 0.327242640438866 0.934450695765009
0.549943379983847 0.204771300038757 0.809710438053246
0.909369186086327 -0.035365495464953 0.414483974511935
-0.719008100746411 0.543703968254848 -0.432912630867904
0.997276339150403 0.0573961963813411 0.0463204059969768
0.369620876964366 0.430800227220036 -0.823280979702105
0.0868831736674053 -0.697527914141924 -0.711270780453053
0.910945799920004 -0.0752295558425008 -0.405608510186663
-0.680948278711497 -0.474055990197455 0.558193837190774
0.340027588170465 0.768279721859802 -0.542335236050547
0.524676617177823 0.63922377931232 -0.562234299334816
-0.026878876680415 -0.526826804374467 -0.849547552630802
-0.323486114791165 0.143823224864603 -0.935238800268072
0.189448185322116 -0.535242892021269 -0.823179465012864
-0.986535886466796 0.161911381674798 0.0230575193229921
0.141820291240798 -0.974857550409016 -0.171871351315186
0.620437735245705 0.783993930930856 0.0202616126397983
-0.224095007976479 0.973827815980942 -0.0379580323753763
0.924807704639794 -0.372163328680474 -0.0788997225872502
-0.250879828295872 0.927422638603948 -0.27739243169042
0.732739168019326 -0.47864879778704 -0.483723722828814
-0.0804837575254795 -0.974305263631981 -0.210360685570273
0.843514909714297 -0.431259172967442 0.320153280197344
-0.154275053045597 -0.739886268249431 0.654803419404412
-0.945462421066602 0.215398382229399 0.244344730419621
0.852838381964713 -0.511535777391609 0.104870599770253
0.0646321291342975 -0.979353895845663 0.191542774793231
0.488927334015834 -0.827943767078729 -0.274698344748658
0.633603833410088 0.00310806412222293 0.773651421652836
0.566555688262099 -0.383740943474249 0.729217073579159
0.567277273513779 0.256256327115437 -0.782642440561512
0.657513172994391 -0.730798785191488 -0.183329110894842
-0.129764544835813 -0.960494575539539 0.246193690541968
-0.292264893307985 0.686421565308101 0.66588787856489
-0.672470541266008 -0.716687143024414 0.184778002351215
-0.63556206064054 -0.364196486538823 -0.680750898836813
-0.196577266057897 0.321636826914163 -0.926232762345293
-0.202949107905405 0.177403145412742 0.962984830409112
-0.419587463312745 0.719421942787297 -0.553514614862993
0.973638810069439 0.202363763119183 -0.105244358056904
-0.820119930717551 0.562681866719739 0.103886554012682
0.244865042756409 -0.837100688401203 0.489186619107815
0.793524587659027 0.473628959992544 -0.382092053093168
0.429626545320251 0.902272263083238 0.0364114655958627
0.0018190562972572 0.260109012248915 -0.965577543639599
0.843486955900739 -0.27875581956997 -0.459156779631074
0.0295724665614877 0.159759830147111 0.986712858886939
0.835643693723376 0.0879904207314618 -0.54217829447503
0.793640550040546 -0.0226263838607856 0.607966055043145
-0.323958935056182 -0.627066362506929 -0.708405523277165
0.775753105433454 0.526471664676921 0.34790042498201
0.250348482806042 0.785799946147382 0.56554759462974
0.386988218576258 0.837313051121746 0.386195511502097
0.906638560515614 0.339546370658029 -0.250429197097974
-0.906781386381117 -0.419420250422047 0.0428272208840042
-0.236874177215219 0.69981674751703 -0.673904402762957
-0.735602884036561 0.634850698205707 -0.236332367619885
0.709513492323734 0.675993218459798 0.199057209884353
0.408846618371764 -0.904450296934928 0.121713199860547
-0.522901992398598 -0.824400542819831 -0.216650066568059
-0.301236307542822 -0.929915553274931 -0.210982821090593
-0.824652729159065 0.2239483473885 -0.519417956940714
0.600656428752583 0.703627829276813 0.379631047815366
-0.717760560976475 -0.276172763532435 0.639177895260461
0.663572534039117 0.640756003389947 -0.386138881995387
-0.342080790250377 -0.246557392128775 -0.906747034915657
-0.201018992402031 -0.183506306301028 0.96224570679293
0.315485168998272 0.937011896958293 -0.149926025428385
0.0494400489414471 -0.803495809454325 0.593253879675478
0.0563637637452157 -0.923336571164722 -0.379832466340421
0.505431116382807 0.845234665328911 -0.173544654536963
-0.356920319193315 -0.616372320210591 0.701920970355748
-0.0841154509928348 0.357440119251254 0.930140393733076
0.11840390275285 -0.0888129197460827 0.988985733516449
-0.220685051084271 0.524879056599739 -0.822070607777033
-0.39221214804408 0.791505645499763 0.468709338576322
0.425756754125541 -0.834990490324427 0.348600154022137
0.234141415895462 0.0819887090355148 0.968739205851171
0.537925334160578 0.459458638954876 -0.706777259083768
-0.317413645295973 -0.879937019417089 0.353495996638281
-0.52176166227492 -0.0410504065930166 0.85210306412937
-0.308607769584354 0.354175958153822 0.88279138827811
0.488917069080324 -0.644939874621402 -0.587377781061929
-0.694560603490841 -0.0689624531923434 0.716121322213026
-0.167985197308818 -0.577023061842552 0.799265512571989
0.596326908183686 -0.484163893329432 -0.640296449289056
0.435940647444321 0.400636048993624 0.805882440652857
