# command_history: dirgen -cart 0032 dir0032.txt -force  (version=3.0_RC3-1000-g3151ed7a-dirty)
0.883595932622467 -0.070379734071536 -0.462930794919773
0.971010001781968 0.231732357215389 -0.0586488794333017
-0.584415610059841 0.71037622178568 -0.392204051789227
-0.661680495981593 0.138512007274265 -0.73688082148907
0.283943922744633 0.897924906074668 -0.336313413034908
0.731542022788699 -0.49491282980212 -0.46894302403541
-0.111775319024781 0.195035948492137 0.974406104687712
0.417489876366404 -0.524910700883818 0.741735100443025
-0.120807124069945 -0.571401070915907 -0.811730530983099
0.766217686075562 -0.641092012903459 -0.0437205733768875
-0.706437670399536 -0.318851580985739 -0.631885659865273
0.541279517573583 -0.230728942877095 -0.808567028003324
0.618941537535033 0.191436020104793 -0.761750368112945
0.812798352907589 0.400058117404625 -0.423452878381265
-0.390558794663687 0.91899831908256 -0.0539065620706642
0.210708876717238 -0.193716785918055 0.958162604220254
-0.934319654954952 -0.0652328936327844 -0.350416112576395
-0.803060724494945 -0.548901843095229 -0.231948786201428
0.673335204137182 0.719051228602254 -0.172003004378204
0.0296049094949232 0.882449798850925 0.469474069402943
-0.417886648516223 0.830685302541672 0.367875899092519
-0.370630038626514 -0.216215125555335 -0.903263191959464
-0.46711412965642 -0.685336594695399 -0.558675345658497
0.969619225075765 -0.23870225931038 -0.0534770021934082
-0.232478272219315 -0.244616024615501 0.941337799861044
-0.14460857744425 0.877098288979906 -0.458025054771102
-0.847617132690763 0.368224002437176 -0.382042249493739
-0.0289744301259197 -0.623535428524202 0.781257993094482
-0.313184748599796 0.603211321803856 0.733519880093327
-0.0233670555735264 -0.999345904853667 -0.0275996950350895
0.432829698486412 0.88627106614761 0.164869795346934
-0.452439298866474 -0.619625147303751 0.641376143670793
