# command_history: dirgen -cart 0277 dir0277.txt -force  (version=3.0_RC3-1000-g3151ed7a-dirty)
-0.400970175466527 -0.832070676681944 -0.383250971808806
-0.777708705664252 -0.139570590639295 -0.612934922616286
0.48422549842794 0.402515246944699 -0.776857221533829
-0.627486996511152 0.227323661455478 -0.744703982903199
0.398239956226034 0.395584941736755 0.827597420933762
-0.236821773011051 0.212801431126935 -0.947961496442883
-0.204239841652089 0.758309287001238 0.619074399672288
0.622694366907108 0.113461456255197 -0.774195210116032
0.0714731577386924 0.27946381069124 -0.957492332207831
0.0214571667533967 0.741427847795153 -0.67068944863384
-0.332010753413701 0.324816910590284 -0.885586152902274
-0.494952406759145 -0.175321783934587 0.851048992198054
-0.303223378157493 0.81496274945287 0.49385352073563
-0.44340098051735 0.446330514444794 0.77729315084574
0.787323342233688 -0.322178597541557 -0.525664252218211
0.818091633985914 0.566412454735771 0.0995138659808511
-0.619186364124175 0.210985111683756 0.756368646316383
0.630802457370239 0.647770706347413 -0.427178384019887
-0.448658589377548 -0.740402707127325 -0.500509042332181
-0.388817653464448 0.0831216492010303 0.917557422610978
0.52083018804561 0.752327678242114 -0.40340919643856
0.657634241952177 0.262933114926179 0.705962733355807
-0.267902767121257 -0.955163556020555 0.126058274694448
-0.819337229841546 0.169366564976964 0.547723899846889
0.443377658148028 0.605872457883328 -0.660556445001928
-0.0944663975093294 -0.340885127938935 -0.935346689357302
0.75094340984302 0.614316411071031 0.242279471483133
-0.854431015319303 0.454101218729837 -0.252467271559109
-0.344200030552818 -0.721113839562322 0.601266304859273
-0.77987689784393 -0.391658308995514 -0.48825791668349
-0.247222999798931 -0.367525426199976 -0.896552201194634
-0.481660595705314 0.301631754127875 0.822813074426108
0.642053597790189 -0.454579596383582 0.617352871635351
-0.213812883305126 -0.53632090684776 0.816482661059465
0.493892179102403 -0.642264760177603 -0.586145454009059
0.865130460625483 0.499663976578145 -0.0434188508375741
-0.80702334009812 -0.564786187849732 0.172423578872035
-0.359315948825802 0.566833395729785 -0.741344690683662
-0.534140309847611 0.13560967238164 -0.834448408322793
0.388700692800744 -0.175993522718588 0.904399276524105
0.374697195430248 -0.906093103020482 0.196461956610996
-0.0592360273952066 0.311560047355676 0.948378315837178
0.805625819933133 0.391376278818021 -0.444737727920205
-0.0773257356863601 -0.931479083718422 -0.355481992786769
0.267189358652806 0.0308701058540119 -0.963149460461493
0.134704484053149 -0.0919367130425741 0.986611546035674
0.121156249752634 -0.00361812722410457 -0.992626854513451
-0.586394356140005 0.36245256026798 0.724409967243918
-0.207526662037419 0.607331164694921 -0.766864747484143
0.901617376040655 0.423764816799629 0.086657297813517
-0.33082179962354 0.375163431960952 0.865915316998795
-0.285926749972018 0.0582763977002615 -0.956477786005258
0.0444157095050208 0.533151421409404 -0.844853127234727
-0.606993878237062 0.790328472836347 -0.0833026818709816
-0.328352770099952 0.917326412918476 0.225159300340469
-0.930743742745164 -0.177492641410788 0.31970681504426
-0.777276673654615 0.019344921194687 -0.628861468541672
-0.245170683719474 0.897384347765861 0.36686873433064
-0.712103314620381 0.267467204496178 0.649130313439194
-0.728669333929577 -0.529355029496864 0.434539128890599
0.571999474885503 0.805052986201713 -0.157182346777282
-0.889700529862379 -0.419132930351663 0.180998767557764
0.300940088524406 0.872436159299741 -0.385084680382431
-0.574554246837917 0.683320990451633 0.450510645211314
-0.352480119681409 -0.903699031604672 -0.243075760836324
-0.315983338810683 0.837634361804336 -0.44555942983927
-0.522353357511096 -0.852682688050245 0.00889962899755493
-0.918802279106332 0.0526563592671767 -0.391190081338646
-0.668066572231079 0.0760257281890135 -0.740207500448858
-0.168231718632424 -0.604903451345013 -0.778325062809153
0.363255151950503 -0.230923852839991 -0.902618340590834
0.081683712864719 0.829228042494172 -0.552909237211604
0.675233485234459 -0.417412091646339 -0.608133937686062
0.990410649994844 0.099874579687175 0.0954558154807797
-0.573461873573456 -0.274698073889233 0.771804669433379
-0.849085540690933 -0.387979966316805 -0.358504240318574
0.641544148277407 -0.0544854115888246 -0.765148642902157
-0.728309501612513 -0.616538219308143 0.299075064144902
0.392500657123409 0.792866653534338 -0.466160598797188
-0.22869370934589 -0.304535743187825 0.924638939492955
-0.546429239972881 0.835506427684956 0.0578281505824205
0.179644616344948 -0.365708414347872 0.913227883659627
0.140035302396486 -0.723323873744466 0.676160253012572
-0.0614198609151785 -0.19162727631052 -0.979544071320414
0.407851570278731 0.0670914099631167 -0.91057994669899
-0.805823218838371 -0.150610690874144 0.572682599504629
-0.105771848292254 -0.983386374267954 0.147524760677551
0.861684041661133 -0.440113917602434 -0.252587315356834
0.896509203183593 -0.0746688763829681 -0.436687310906584
-0.272495255272826 -0.954779157184376 -0.118924752932645
-0.0904691458359368 0.160576242021151 0.982868558938621
-0.271710785552312 0.472584233512666 -0.838353977297055
0.216571158206549 -0.959950849630604 0.17773941523071
-0.991451410336757 0.0593986939436149 -0.116171838666041
0.587387052253621 0.165438808639913 0.792216164591842
-0.21254726719865 -0.221365122284501 -0.951746364239104
-0.322605505272359 -0.0984053514380021 -0.941404309941446
-0.692549087622116 0.591574750654456 0.412813608813825
-0.833014055771024 0.539627651889806 -0.122022867544586
-0.493488626098674 -0.682070826036345 0.539674313064223
-0.914993822853079 0.382878626275378 -0.127240959137331
0.170719079058989 0.156241419181773 -0.97285333682797
-0.54533743638009 0.760630156021791 -0.352205687393968
0.661925700141769 -0.687322425395367 -0.299068973717535
0.702211001190356 0.694117060048023 -0.158433635183716
-0.401493770485553 0.912461989185804 0.0788407924388133
0.762428167888075 0.305268621834141 -0.570538655425131
0.859585936499579 0.0539338488054799 0.508136947805579
-0.460640356672895 -0.13094869960038 -0.877874079738796
-0.960914576276478 -0.263429417939092 -0.0851358847000964
-0.0276329186866935 -0.0351558209991194 -0.998999744772106
0.878308475868969 -0.234344549753653 -0.416721553579229
0.999111483007445 0.0213037921083027 -0.0363647214270872
-0.500570770954676 -0.284399421247185 -0.817646544944763
0.402721212386959 -0.584779783138262 -0.704164916994837
-0.916037910285538 -0.338108735536757 -0.215770780861174
-0.887805740751489 -0.332772623146716 0.317904620873549
-0.968631383535367 -0.0202551558362806 -0.247675132971417
-0.738674293975396 0.652775053194353 0.168062539987531
-0.652514984876474 -0.757437595872781 0.0226380845063651
-0.917574630238711 0.299193483097598 -0.261801561519828
0.573289144243611 0.524349933584949 0.629600432212278
0.0398280776264582 0.954320339494457 -0.296118918442852
0.746042759950069 -0.468748751860126 -0.472963854808861
-0.255316409030898 0.643440670019154 0.721663103840614
-0.0235060358893428 0.398375040295361 -0.916921367155569
-0.902387985464066 -0.251183779132893 -0.350146587575294
0.551966630341209 -0.684505707834004 0.476219250904918
-0.640403378074051 -0.366828689597209 0.674774203596832
-0.83562303467606 0.532333433416331 0.135481583936535
0.600682879407506 0.571945481889885 -0.55862191519171
0.760280636502585 -0.6018416136544 0.244458638286916
0.0512949500845325 0.701550838620191 0.710770883567365
-0.847587850612111 0.111205116910344 -0.518872101261668
-0.846576154430826 -0.22232425308106 -0.48361218061693
0.337685662975139 0.719705228947228 0.606624081657709
0.241643930840159 -0.788814731499062 0.565136735718162
0.179279971299904 -0.421704829214796 -0.88883279018476
-0.0835627980757356 0.248576836577807 -0.965000940463129
-0.444344404270739 0.758189925409918 0.477185590101152
0.442406535314236 0.888773366208431 0.119826378689283
0.825235259009955 -0.009199228243932 -0.564714212222863
0.117847195382835 0.644573905994964 -0.755404870417708
-0.75509908952223 -0.283200033602363 -0.591289358918558
0.570407377272936 -0.371723179643991 0.732432455362249
0.770438938062413 0.636773301200911 -0.0307181639255275
0.668374511660852 -0.648746073601441 0.363873665093851
-0.129282330828471 -0.480047733143616 -0.867663674956624
0.677254129754367 -0.55360973382472 0.484606135273975
0.41835090197495 -0.754136621160638 0.506221769031284
-0.114804854450339 -0.796939969542171 -0.593048505892023
-0.76829409860278 -0.52019652752302 -0.372987601409396
0.667385001866861 0.638726809870886 0.38291685995178
0.681343439574916 -0.73078320709763 -0.0415574490593966
-0.298428867964676 0.691340112703054 -0.658019041770868
0.381297238147284 0.517295856974582 -0.766170615814902
-0.712303476899252 -0.693286646375849 -0.10944122968135
0.694770226731126 0.449561053107721 -0.561417127968729
-0.738616679226019 0.112111240460571 0.664737896415963
-0.700019330637067 -0.213964910974784 0.681316338866158
-0.955060899375495 0.138627383639127 -0.261994517098051
-0.470632663558202 -0.833053321920843 0.290735375949953
-0.0115249034281366 -0.585353541653389 -0.810696248834794
-0.394341149583236 0.84813995103869 0.353770661866499
-0.510924638001351 0.150670855595446 0.846318088875173
0.439249972680633 0.888570352859168 -0.132295840901356
-0.916020547239954 0.292665489011895 0.274323292076417
0.846166752551433 -0.364427762391064 0.38883702611146
-0.791023379420064 0.611633756735725 0.0136440768176847
0.308035835657005 0.417898930005178 -0.854677955870875
-0.517938175995069 0.829781545577779 -0.207852429539456
0.256250182382259 0.89679318248875 0.360690770426355
-0.475602161267216 0.855105505631309 0.206390790581792
0.206533027228867 0.712845728922542 0.670220169362703
0.574394130295929 0.639883846972708 0.510509593901027
0.431656730443285 -0.0238698734576772 0.901722072594504
-0.247936160816058 0.964322361856092 0.0927903151416241
-0.408056935090644 -0.30304762521986 0.861192007959336
-0.295303765239661 0.514446088324512 0.805071989602724
-0.61238271972022 0.769725565492387 0.180305181332901
0.289203054899437 0.812874089323517 0.505566323980639
0.990266143795348 -0.138212426050151 -0.0164404908084363
-0.116445588944668 0.508695537833842 -0.853035330219838
-0.500081609063587 -0.827386864253169 -0.255635211067805
0.0255988651888958 -0.454252022369897 -0.890505361170779
0.270414347296649 -0.909678035333045 0.315217310452231
0.353827272501153 -0.710284870993102 -0.60852416819113
-0.835681089928978 0.388956371135955 0.387749993279001
0.284473431251635 0.635288145969855 -0.717972031838362
0.732944881994632 0.0520689957848207 -0.678292429292731
0.9651181484549 -0.216595310742444 -0.147083074782143
0.530703711185817 0.00484286340238685 -0.847543578589129
0.918820218073764 -0.373785211443609 -0.126704469396059
-0.00756354340798019 0.971668698544624 0.236226021174029
-0.749869858520446 0.171795715888525 -0.638890778838509
0.978047377983889 0.102665352909816 -0.181337121767009
0.155582794571567 0.868273937743077 0.471056645287415
-0.558590893274381 -0.392874796294291 -0.730496822982584
-0.089352554256789 -0.989059178708258 -0.117379990035497
0.547136798457701 0.74513403754254 0.381335272259216
0.103210480154412 -0.680246915249836 -0.725680185122467
0.183843355257337 0.739111173870096 -0.648009485569535
0.241007092872949 -0.1253580849473 -0.962393335244626
0.61724779185787 0.733629032017857 -0.284242162296738
-0.568403930830183 -0.013868043265658 -0.822632754510042
-0.42077505456291 0.423891301646462 -0.802037728443026
0.981718496879048 0.184302928165223 -0.0475523243939468
-0.176758144482554 -0.0660953184683003 -0.982032569335487
0.622764517104659 -0.556261032125684 -0.55021633961004
-0.000214580394842581 0.871137168014643 0.491039701509646
0.154079860045973 -0.987372055579765 0.036821469123351
0.0178106944926926 0.124663628308522 -0.992039192239219
-0.499192176441755 0.510061231520396 -0.7004603565365
-0.777402447036928 0.554168662673591 0.297560966276762
0.324159669975412 0.190337874035267 -0.926656355975162
-0.211944933950372 0.276466777931755 0.93736090470683
-0.461578224530589 -0.628296040228546 -0.626250451873944
-0.548435267809101 -0.492732048898025 0.675598908385674
-0.689286883793381 -0.0830741252599766 -0.719709859278515
-0.671518989767901 -0.408168813492065 -0.61843388173157
-0.0555957014233391 0.984588068445293 -0.16581753061246
-0.754815248377355 0.414575139737302 -0.508312299997579
0.422398617998518 -0.840260870529487 0.339913337440547
0.958295612880674 0.176993691457134 0.224371904475651
-0.31519456932768 0.947596583413773 -0.0520874127681701
0.172658275581115 -0.95662914439439 -0.234626937857983
0.8592341622122 0.241897712602514 -0.450779492795725
-0.684766681113987 -0.523830140974142 -0.506652322449179
0.0847305514626563 -0.991041261634032 -0.10323735461382
0.949556720449309 0.0185408331201113 -0.31304675714143
0.944432923251426 -0.139655723877454 -0.297561308417326
0.637606910272543 0.728180954649218 0.251415841304511
0.143257236725812 -0.557438829585367 -0.817764828906319
-0.447956027721331 -0.5075437121837 -0.736026342905548
0.704115549033345 -0.317304859404563 0.635247132860686
-0.0482155142474063 0.786729937411307 0.615411463792038
0.0126210466727322 0.999694980500993 -0.0212286396644976
-0.541638583601102 0.50561863395516 0.671548540130875
0.181997521843185 0.983292095016503 -0.00368210822713283
-0.483995886876565 0.281792254304192 -0.82845706400557
-0.936884460723827 -0.346225192131865 0.0487403691766655
-0.0881521977976472 0.925507715422388 0.368326836813551
-0.177370341207561 -0.954672234945533 -0.239041180310034
-0.983993536360719 0.0586008760768951 0.168293368031383
-0.19338710646175 -0.942055621147697 0.274103326718919
0.465278551449101 -0.882632318534456 0.0669033619477966
-0.2393878508438 -0.817290234383049 0.524147049643979
-0.886055183255652 0.463573501830563 0.00241259742633204
-0.774761991849228 0.510665522385661 -0.372779533011668
-0.0476237132331698 0.635067076767081 -0.770987542016341
0.434959413184536 -0.653638238781194 0.619328153473732
-0.0110391699805888 0.899026825791747 -0.43775438688031
-0.564180171083298 0.583429169841348 -0.584218399517386
0.6451763625094 -0.728699386379486 0.229662068155147
0.36005682758259 0.253502422006752 0.897828270298876
-0.0785482068053338 0.820200503462374 -0.566658021497742
0.345658173216446 0.90468794685932 -0.249118738950201
0.15411564816683 -0.852559081684231 -0.499391008357037
-0.144363416137764 -0.896711305319161 0.418411327516168
-0.360832020692423 -0.932619776201461 0.0045393701061161
-0.136568585928576 -0.421985506243109 0.896257359165444
0.811264658014364 -0.267110599399437 0.520097666160223
-0.820289590399484 -0.48075317211602 0.309840887202821
0.966888085643442 -0.219673128330417 0.129888977708998
0.727103731616582 -0.677936115137976 0.108271821176476
0.533801487740406 -0.778295420088311 -0.330623971840654
0.84447183467042 0.483773330842475 0.229849265419648
0.115355343671668 -0.943947570995487 0.309283248654226
0.326896906116394 0.609298803654419 0.722421885491313
0.164928984631569 -0.87958281896167 0.446242640965476
-0.921029591365017 -0.102615166246203 -0.375732111332334
-0.946781237073305 -0.26357170918475 0.184757254914042
-0.889738800526571 -0.0854230672687947 0.448405805510956
0.284287604472406 0.499387303543219 0.818408748122339
0.954499368799226 -0.298211738959305 -0.000844812847329106
0.894085919089338 -0.211022587606812 0.395069407580364
0.587364948727891 0.799939693230401 0.122877598447941
