# command_history: dirgen -cart 0034 dir0034.txt -force  (version=3.0_RC3-1000-g3151ed7a-dirty)
-0.962509387750999 0.142602992108863 -0.230738087737583
-0.661518644690037 0.228780209103631 0.714179738336195
0.504330254218893 0.806575683102734 -0.308361252602956
0.906131727818333 -0.306867053715042 -0.291132106070789
0.54914755381673 -0.830384029261108 -0.0943362501119799
-0.235011742423612 -0.670595058724579 0.703613351306807
0.45717983569741 0.19497295634687 -0.867739675320341
0.113654819589699 0.944101076104313 -0.309444243899788
0.360275393644299 -0.546406216551969 -0.756070028005216
-0.687314581340225 -0.720517925490438 -0.0919379427878824
-0.658537283655878 0.6150239778997 0.433675169503127
-0.253804821626203 0.162613231366001 0.953488358347389
-0.610872830832854 -0.497794542627793 0.615658166420492
0.0519409098359333 0.525454377843063 0.849234854849337
-0.604426592268355 -0.623996256996913 -0.495274838663046
-0.533228490607084 0.0424824322665524 -0.844903911550662
-0.836871191602918 0.541516473608381 -0.080040723858894
0.0905597210240528 -0.988668178392356 -0.119725393974658
0.911255485194785 0.351715082735994 0.214266052557165
-0.232895868335163 0.843846358364063 0.48340752785628
0.325880678120828 0.935354092042041 0.137530019005739
-0.988546459570235 -0.0756305999438944 0.130598275728587
-0.44389843683294 -0.391251697961582 -0.806149047397224
0.828893452716265 0.111742148242218 -0.548132590118781
-0.0443747471907592 -0.344339897781428 0.937795775533048
0.766712512391416 -0.299840175967456 0.567668734578758
-0.373699563294915 0.433595684329478 -0.819965498618108
-0.321278159045115 0.912682464268498 -0.252568929081474
0.172478530141964 -0.749986615812295 0.638569677280787
0.146513949450872 0.0527725449657443 0.987799939822911
-0.800546010109987 -0.176295520900102 -0.572752979047287
-0.606799854977491 0.662406483069511 -0.439330840240903
0.84453373953821 0.47787760851781 -0.241652134397578
-0.204778199051248 -0.811696960782199 -0.547004509168132
