# command_history: dirgen -cart 0168 dir0168.txt -force  (version=3.0_RC3-1000-g3151ed7a-dirty)
0.701965207811635 -0.22915541153562 -0.67433867187483
-0.659440090890099 0.749820224402466 -0.0539295615028831
0.789990762189325 -0.29299105292426 0.538582248650902
0.64679127543892 0.518714041530906 0.559103558506623
0.573697536877276 -0.812336858501931 -0.104785325786394
0.0797174508341777 -0.514135464553173 0.853996400531755
0.44053008683523 -0.53335947989617 -0.7221225019329
-0.646116119216271 -0.735056116156771 -0.205490794415296
-0.41051988827752 0.899484770002264 0.149668199236133
-0.202024092252881 0.154209254515109 -0.9671637772225
-0.308375260827873 0.854832177163419 -0.41733277776301
-0.195558539055821 0.311739254521686 0.92982551857465
-0.0540800327974999 -0.934041538709164 0.353046390745521
0.823064702846146 -0.232920391748846 -0.517988982543402
-0.560501781325149 0.387027780534178 0.732152477443136
0.370526604403626 0.807178269538204 0.459535936151276
0.0737211033168574 -0.161480671076997 -0.984118484631941
0.248165801687606 0.874271530851862 -0.417208611146378
0.341685948333259 -0.911077078274878 0.230627990828764
0.951448327477948 0.172351638155975 0.255031356825719
-0.0644958547348244 0.67568589159059 0.734362894369979
0.272935688405726 -0.115915270560171 -0.955023434291251
0.20448097180222 0.240088075593922 -0.948970625535073
0.909483068521141 0.0427046157336296 0.413541852620037
-0.826455839242997 0.398880396835783 0.397322507292606
-0.383778224011932 -0.421785842054358 -0.8214687932093
0.586009232053195 0.643632585977867 -0.492270529501685
0.491896216165827 -0.803104191872491 0.336246590344906
0.547628879298851 -0.700817655134573 -0.457118392552261
-0.39414646305375 0.269099918550524 0.878768342339618
0.455802063293621 -0.0581597991671695 -0.888178989201001
0.819229321809837 0.557879967050066 -0.132790288241314
-0.714819880164891 -0.326162353192031 0.618587631852826
-0.63122753266857 -0.775340753331124 -0.0199629212560381
-0.799293728524951 0.546060429565216 0.250893488962415
0.00982661588472016 -0.812183160084461 -0.583319768305064
0.148441340740679 -0.946306898097653 0.287173158515742
0.819446427338511 0.138595310259362 -0.556146466945769
0.24449993961516 0.909627838842661 0.335852608044977
-0.00156260131827103 0.365434794529052 0.930835629541881
0.684526359903785 0.226444414954225 0.692926106834569
-0.487812516515197 0.816566655263484 0.308638698550452
-0.640152584981957 0.391077858300734 -0.661258479482744
0.962294189297465 -0.0231006866313282 -0.271028137877776
-0.768138431102358 0.557503563231176 -0.314885896235686
-0.56827125979962 0.0962451354569519 -0.817193152924464
0.147834104980609 -0.34034128320453 0.92860803806088
-0.351815015444215 0.814666870595741 0.461025037131097
0.377355385288168 -0.925495380791112 0.0325762694047852
0.48036497759947 0.873728999793168 0.0764664842678906
0.525056842057993 0.131981668351551 -0.840771164959425
0.184811922681832 0.827116927961017 0.530775037765506
-0.849827753330022 0.378674466928826 -0.366603924919273
-0.0651676777145292 -0.550308535502794 -0.832414373695016
-0.185981745226919 0.978159257312945 -0.0928184129111133
0.65396391673113 -0.704727684088691 -0.275118314353424
0.280974793494231 -0.911057345066732 -0.301707937285104
-0.687182424709912 -0.70890487841004 0.158852725932711
0.110611429424668 -0.877553198363848 0.466546348953683
-0.52670947386408 0.282865041476838 -0.801601209113441
0.91601445756813 -0.217427599445987 -0.337109407352153
0.440781116603542 0.638550138314961 -0.630845248934855
0.130222774495834 -0.504280530978024 -0.853664556532089
0.712647575540857 -0.404630670221208 -0.573068454717301
0.521956089143651 0.841979059279996 -0.136503130879252
-0.767960780899745 -0.639040858033299 -0.0431627242411754
0.0672016221343981 -0.774273041983336 0.629273548181057
-0.619131938653926 0.652857350316067 -0.436409123045011
0.293764668555809 0.9470500934565 0.129608795968212
-0.0838474869249883 0.962156395695586 0.259277205242659
0.896393555820345 0.37265915832145 0.240007801545921
0.551468351391526 -0.570010761558492 0.609073385661383
-0.000541862505436866 -0.191297921746364 0.981531869844554
-0.0527940586567644 -0.914062658415686 -0.402122175290789
0.872070588245983 0.258174380219288 0.415738954771731
0.976889707467052 0.172660826028676 -0.125994994345148
-0.431546108471715 -0.471365728471026 0.769143878793752
0.275755432178424 -0.495197331659771 0.823855900228392
0.832747978529979 0.461509389247278 -0.305842913749588
-0.96811585255371 0.0464186054926652 -0.246164597573085
0.0542057892466999 0.00412773196869601 0.99852125377527
0.688556154776574 0.149422001506441 -0.709622073490607
0.029637072914326 -0.998368397805375 -0.0488076446122901
0.122218201481042 0.209278090207282 0.970188328205371
0.246305171532958 0.042637925354795 0.968253980006051
0.516860995047283 -0.845703875959203 0.132814404287764
0.878891138840581 -0.445849337965886 0.169613483847502
0.718318952805306 -0.483917100217404 0.499842097224581
-0.724176147143466 -0.00249099099380049 -0.689610544345367
-0.392016638889696 0.127958618553494 -0.911015667687174
0.396058718901546 0.286365235638379 -0.872429047544751
-0.431819943280425 -0.86402548944702 -0.25882714342033
0.151120496568656 -0.650190538965563 0.74459039649764
-0.561701772676107 -0.761715270752797 0.32292563365969
-0.448265880564258 0.726281267476002 -0.521126875948077
0.902406472027771 -0.380505019059806 -0.202184296404762
0.421719276622265 0.774859062644504 -0.470899442304697
0.567453290849355 0.317631926198184 -0.759675405791098
-0.884846241574221 0.049106509902707 0.463287901263514
0.996338407576456 -0.0122760756435377 -0.0846113204884898
-0.0595002176385717 -0.376461742856848 0.924519486147343
0.145867620706627 0.0407740854036386 -0.98846351029711
-0.314636185901389 -0.241644537028434 -0.917938989391855
-0.0940091001808431 -0.840272330065202 0.533951964515521
-0.260729611724726 0.764419943562777 -0.589645842394699
0.878678639860201 0.472451676600423 0.0686531946152332
-0.724187218259202 -0.487383283446178 0.487863103674814
-0.828639170829231 0.0883893624030676 -0.552760748589681
0.338464142950953 0.0931398694000194 -0.936358365512171
-0.265635779763917 -0.754203322723938 0.600512265071569
0.705728461552231 -0.565452682067726 -0.426861339192877
0.752729300778459 0.347534904958854 0.559122606934126
0.969013431055986 -0.202219272102969 -0.141846171690501
0.901889092151412 -0.176500728829729 0.394263310721245
-0.498285920555782 -0.264825840345429 -0.825577625460631
-0.0900284815646342 -0.702010831825006 0.70645287493755
0.741596879464712 -0.6632733798553 -0.100511153329012
0.343457799274552 -0.316946863273626 0.884070939449143
-0.462824104621301 0.461749861111461 -0.756690765071861
0.652578741436915 -0.715013112527067 0.250793211907676
0.209318462186351 -0.767121015814705 -0.606391893484203
-0.797249587152453 -0.4539525702369 -0.397894659125446
-0.918012456751901 -0.130305838741763 0.374531063649125
0.256358365870146 -0.620720606955917 -0.740936108142036
0.27948075211991 0.606466698472953 -0.744371313819794
0.556956509656914 -0.210230318190242 -0.803494032127443
-0.99307250915871 -0.0806618909142704 -0.0854438465154681
0.814463450543088 0.134128779871832 0.564498678598577
0.586042921405407 -0.55442171231495 -0.590906303219364
-0.784943260093858 0.609030380174834 -0.113780817615819
-0.207932642050033 -0.952823513405155 0.221113926907259
-0.325420351237158 0.439701996724157 0.837116329477256
0.16066451632199 0.986859946843707 -0.0171568793973755
-0.107035238876685 -0.974302175981644 -0.198188616010214
-0.145544109265886 0.882150715211075 0.447914085412135
-0.100776085697917 -0.556764100590996 0.824534970055549
0.350487382447908 0.933516731459223 -0.0755321575920092
-0.3259572124911 -0.703971477887408 -0.631011928529129
0.98774341238529 -0.140933442526268 0.0670873763621673
-0.583613538885838 -0.401533571459373 -0.705808775958638
-0.543638472139799 -0.755695662442472 -0.365214015852539
0.774678158055921 -0.0442382439603436 -0.630806411827266
0.45886926139681 0.556342870074367 0.692763748952384
0.695630167204097 -0.199110942587078 0.690256114074831
-0.588351572622383 -0.492392114412091 0.64139880936712
0.011182013616089 0.987382920162842 -0.157955473289749
0.832826835153735 0.313911957801997 -0.455915283135727
-0.860790212608366 0.506948007139355 0.0452098212237232
0.940453150965187 -0.261160902142451 0.217584130928228
-0.512999020202664 -0.667486785703741 -0.539716032911747
-0.789278165450458 -0.569860683036787 -0.228689264006874
0.219963791146394 -0.969486806868099 -0.108218583862489
-0.917789266629478 -0.383466517878551 0.103035390647215
-0.591679833577569 -0.0951828783231124 -0.800534317947549
0.426905173048111 0.0689791697048015 0.901661714486979
0.942619947072713 -0.333687084490939 0.0109802105887337
0.405277826493224 -0.687931501262886 -0.602079839326247
-0.255001402461004 -0.429588472398407 0.866272491266648
-0.3908204926078 -0.876221165454675 0.281950016433849
-0.192453613351477 -0.403285789460375 -0.894607276254381
0.361386498912446 -0.627053284896103 0.690075341035174
-0.260252261639354 -0.572775540770584 -0.777301061498417
-0.681384687845646 -0.619124570185654 -0.390384008076562
0.130527516127627 0.70677037482787 0.695297206091916
0.634684025959164 -0.0310751487251942 -0.772146697411816
0.919239707617339 0.286024201190356 -0.270533761798797
0.713031122985012 0.618375551132256 -0.330451653675105
-0.959382951053463 -0.274845550306235 -0.0635946279556061
