# command_history: dirgen -cart 0113 dir0113.txt -force  (version=3.0_RC3-1000-g3151ed7a-dirty)
0.245912937165153 0.758960684000953 -0.602914179196022
-0.856964651658166 -0.15887286325462 -0.49027645173889
0.0406359486298256 -0.927507879833832 -0.371588283621946
0.323293309478793 0.300049963676039 0.897469473210235
0.107698271855463 -0.398194721089994 -0.910956665454186
-0.485771285231132 0.416846431361738 0.768287258195708
-0.714010261155642 0.296540799669957 -0.634234105906924
-0.438582050018445 -0.870544734262151 -0.223153873033967
0.128201656996998 -0.504423037924632 0.85388625352216
0.071462649360822 -0.622593524242349 -0.779275556730624
0.710213715415858 -0.67370660340517 0.204244684051928
-0.861860286114537 -0.368998989747434 -0.347903137071141
-0.900815113364258 0.107891981538586 0.420584654801167
0.993974331150565 -0.0145521266285982 0.108642830524486
0.771429955297794 -0.635886306052637 -0.0233330204640454
0.212429657720236 -0.844347036391323 0.491885883775956
-0.594569818665653 0.803088920021638 0.0391780202457057
0.148120795178012 0.673783893776673 0.723930586812699
0.733834975873563 0.355113820370718 0.579120369842368
0.358131918184059 0.506576802970708 0.784296800879478
0.368737600147436 -0.528349976019307 0.76477374763907
-0.822960863442613 0.514782238673364 0.240280386191277
0.848481168213964 -0.480701745211671 0.221371947944453
-0.471826388411128 -0.178447030859991 0.86344456473833
-0.188089181155792 -0.940000287513774 -0.28464349528167
0.691348249086662 -0.567975467905018 -0.446588699300466
0.900205003576075 -0.435337071930437 -0.0106106239039754
0.188993875295125 -0.152905719578475 0.970000595886992
0.267298521126669 0.0768827096093191 0.96054180001009
-0.403128318771583 0.0462617703094418 0.913973417125593
0.406215990826668 0.807652287106834 -0.427418240050432
0.273308461457045 0.960756003980616 0.0474382304811453
-0.342366415182084 -0.832738264852763 -0.435123223932461
0.674961528891035 -0.388527179485185 -0.627274712800033
0.52203820448804 -0.323790028446819 0.789072956407271
0.723250407027507 0.550842156994607 0.416511424587699
0.932757417627958 0.349515282794225 0.0883327060227189
0.586519340346181 -0.511155880434058 0.628263264322819
0.857607496707241 0.509639610136493 -0.0691147550922641
-0.126350194795407 -0.471028771917039 -0.873022064040473
0.512833051527828 -0.597914394344437 -0.616036231317917
0.660254848638031 0.470705078355161 -0.585235221138161
-0.333888830300464 0.288680560912247 0.897319220095044
0.181741773261165 0.90498411106127 -0.384673480472116
-0.493414080858439 0.753390746022309 0.434677959665051
0.288007146792781 0.327332442933711 -0.899947418019148
0.132416540900223 -0.989169241311701 0.0633251272312465
-0.701379859681579 -0.712741730982805 -0.00809427876232341
-0.666989607191329 -0.253050544107024 0.700778343005758
0.54894884912986 0.332275974640738 0.766973166229139
-0.098583784063317 -0.468508902010821 0.877941140542105
-0.730625475557751 -0.647644675470451 0.216200806660808
-0.808560004862529 0.0646746727971481 -0.584848617366313
0.165530233382112 -0.147269566485916 -0.975146869257915
-0.640387249744751 -0.731870141002455 -0.232959797118301
-0.981795139811181 0.0358250480615319 0.186533829035198
-0.61395990093734 0.666156893569627 -0.423424412605928
0.568817742086169 -0.195012960387165 -0.799009587908071
0.270177098996766 -0.865180589866017 -0.422453408196433
-0.506611698120435 -0.862174334546964 6.46222000774153e-05
-0.756853512700039 0.480896010546302 -0.442619235183315
-0.440390708265295 0.868431750654963 0.227776905168079
0.928111260709443 0.131720540678336 -0.348222898310457
-0.549207122493299 -0.80419949024956 0.227232736384919
-0.502004057141198 -0.112762368512466 -0.857482696537508
-0.702106064044866 -0.139523964797245 -0.698269387900317
-0.0107634000547591 0.0035162322562471 -0.999935890609984
0.799574978403242 0.478873136448247 -0.362436715992839
-0.919664054407455 -0.329040081481847 0.214361031461553
0.286087625079953 -0.537364891235723 -0.793342829074122
0.818482176952077 0.289909966618305 -0.496023323309663
-0.0548426306725414 -0.670060964331252 0.740277373651517
0.85872873990714 -0.268221714224735 0.436625770283707
-0.98487962196074 -0.16450054682828 0.0543295530965168
-0.0783693320048102 -0.241546724980203 -0.967219430869985
0.488842769046015 0.41541929922556 -0.767111173808835
-0.527057915487123 0.830107892890651 -0.182018789917447
-0.283152855671062 0.928310861744969 -0.240963491615715
-0.217225591769876 -0.108817912911048 0.970036960177245
-0.0871708558496285 0.79550323957936 0.599646427246245
-0.813288010849215 -0.553805257060357 -0.178500276361801
0.370923463176613 -0.92865509287068 0.00393737862233781
0.291257044406063 0.5661138300154 -0.771157873297771
-0.180464120458265 0.697219883380047 -0.693770232459377
-0.9274589868592 0.287688228496 0.238862535528158
0.953705281456888 0.17184786125921 0.24680872898233
0.131173254877563 0.834614033528226 0.534988777679095
-0.0150679737444553 -0.269656085347171 0.962838798450953
-0.94253045281511 0.25776412580722 -0.212588807238251
-0.0273284849372539 -0.992897293029137 -0.115793434211301
-0.637126296662682 0.0917187715940565 -0.765282790240428
-0.638945181677821 -0.0245274313797905 0.768861144759316
-0.81104938501005 -0.0670139695461862 0.581126512009634
-0.932073518346787 0.0463933387845446 -0.359286257061226
0.429597281075065 -0.813028327392531 0.392977244824958
-0.42824991871366 0.118138548602889 -0.895904732912907
-0.209208054495849 0.959547702432464 0.188414958776214
-0.364308030461516 -0.687685806401795 -0.627987173925363
-0.61464519038215 -0.659603668320694 0.432590211028839
-0.015278631228353 -0.832167367253363 0.554314023191181
-0.977539242275156 0.209896237997503 0.0189894467167819
-0.824988107163696 0.348042041417194 0.445265494334127
0.56731152781235 0.531981002068338 0.628612634179098
0.76050669875646 -0.163324274847871 -0.628454248447704
0.0529672786201877 -0.94512546921459 0.322385351462304
0.465210746966547 0.632168880939057 -0.619630104884428
-0.305263391826769 0.717365159970508 0.626259921175629
-0.288774727147723 0.340561444248577 -0.894777659338945
-0.658089141332151 0.709950994032339 0.250775333980848
-0.410657594166217 0.690244483997112 -0.595754053838642
0.104508212414794 0.984970267292713 -0.137519475301451
0.336495363065516 0.921569766903533 -0.193597611981074
-0.545236083264929 -0.707664011671597 -0.44936539707768
