# command_history: dirgen -cart 0140 dir0140.txt -force  (version=3.0_RC3-1000-g3151ed7a-dirty)
0.934228956165953 0.349365937649429 0.0718310453175345
0.947527453280138 0.158979840507477 -0.27733938702008
-0.113346759803828 0.912987889927047 -0.391925534876884
0.500263262140581 -0.355936659710993 0.789332479267289
-0.467084281049707 -0.790344476263632 -0.39646927149004
0.139044009532844 -0.0499871090921279 -0.989023787548936
-0.040185031889576 0.641985062349585 0.765663335240779
-0.967113970321404 0.217831903769175 -0.131300533546013
-0.525384062900888 -0.645479365743116 -0.554371693766575
0.0662526281406169 -0.789837487047875 -0.609727261419693
0.463864172678028 -0.796408181687845 -0.388025820592378
-0.103081641863701 0.289495234542276 0.951612675560806
-0.586830064855065 -0.779286085961391 -0.219871942751176
0.291657142867986 -0.897050093664865 -0.332019939867986
-0.377361367854758 -0.925434064993385 0.034208031229611
0.8567932120463 0.140640103711865 -0.496110625787535
0.903498485994711 -0.272432420418366 0.330864114267859
0.168732286089169 -0.225840664170799 0.959440154484904
0.213449069787144 -0.489480222280924 -0.845487200732702
0.793362615806342 0.0871930302941975 0.602472518301901
-0.846427751574658 -0.53162137872517 0.0306393708587324
-0.0766901409672128 0.983563310259127 -0.163468152832709
0.239477819619841 -0.970856219916046 0.00941138461935616
-0.604951509404885 -0.467332664237507 0.644696713350878
-0.905146946719514 -0.1199811230212 -0.407815564885541
-0.326636010809479 -0.913799630193645 0.241410754318089
-0.515510571932654 0.698648400681131 -0.496124240943098
0.0693395105394016 0.712368127965646 -0.698372166210021
-0.731433478134991 0.680120562075719 0.0494073689358016
0.749547410845692 0.309266038191966 -0.585263356546064
-0.725866173512223 -0.102395001173234 0.680171714999571
-0.710694339770265 -0.696099695855809 0.101778037159097
0.72870364370387 -0.30060009949902 -0.615329651352739
-0.132822404756911 0.645605152263914 -0.752032044639641
-0.92172398678057 0.0363503034243974 0.386139285277068
0.252626836389799 -0.663462480159917 -0.704270700054839
0.269463330104352 0.898179740255464 0.347365323432981
-0.08800176450136 -0.948018789093277 0.305803964936302
0.895850569378021 -0.421088892595789 0.141901028458319
0.269810748790595 0.75032290360808 -0.603504515441433
0.128001075144966 -0.459384098602716 0.87896642410999
-0.519802707861567 0.542458826494179 -0.659957245932144
-0.338951678966498 0.700969101666175 -0.627498269188934
-0.901471353734474 -0.313908230481504 -0.298011780357934
-0.426951275712793 0.898793377427558 -0.0994136452383805
-0.583479979811923 0.146925063131854 -0.798726573354348
0.239259162759904 0.390146894643018 -0.88912341867473
-0.45599906488783 0.676098343196348 0.578753732729714
0.666370146515445 -0.661660105622485 0.343739337959196
0.319766326951314 0.772650486349474 0.548416558914833
0.763077083723091 -0.464491594299963 -0.44940062652531
0.148477415480779 0.723601086106637 0.674059289141129
-0.0159097921650229 0.0891321343147558 -0.995892735763125
-0.181715466973369 -0.553199947909231 -0.812987888406632
0.00607354977330537 -0.466332812016376 -0.884588503446688
0.998424721637794 -0.0331243548653696 0.0452863372028217
-0.435841592697794 -0.627229452103048 0.645465196961974
-0.986610741180928 0.0333587018286936 0.159644738086556
-0.807882286052993 0.479387897853234 -0.342802355991974
-0.31474089252411 0.356884601495953 -0.879529164830934
-0.518494957766093 -0.459726116134078 -0.720981883902372
0.492588778780732 -0.146496297197313 -0.857843301499047
0.152028930641723 -0.969616412950232 -0.191653896348232
0.757365668698642 -0.601196608546246 -0.254872285172696
0.955248766094022 -0.289171144542751 -0.0622883941010264
-0.395387225465079 0.90640286339215 0.148670074909305
-0.601531729457844 0.76248450962301 0.238279145206656
0.0624086010164886 0.959240954043293 0.275611971084852
-0.95857019867915 0.050418321306315 -0.280358996789593
0.679877644161086 -0.519219164386568 0.517858907718778
-0.582586987215531 -0.64110738904009 0.499573536173934
0.625541015628294 -0.765110129186837 0.152659516514445
-0.66510189524268 -0.648144661311641 -0.370874597347693
0.250443614351904 0.867425273556211 -0.429943473989647
-0.00197558049280024 0.9989978933302 0.0447136019969255
0.274508437986622 -0.800389303472368 -0.532937219906025
0.0652536014758429 0.535228625927715 -0.842183047491436
0.814065925291306 -0.0780812440935418 -0.575499772893452
-0.666446591783759 -0.480666374613944 -0.569919973869402
0.344155871651818 0.410686913376394 0.844329908974536
-0.235814521783181 0.00582388195415532 -0.971780630448639
-0.743848988803257 0.127770279680115 -0.656020912385297
-0.448496827861269 -0.786150766115586 0.425226490630882
-0.31910797769749 0.833690690060363 -0.450699380825505
0.862609430302016 0.336041131622968 -0.378128719633389
-0.464286876193316 -0.0436231616219501 -0.88460992327961
-0.25793211310457 -0.587069859518293 0.767346079076829
0.310638054607014 0.194856615650276 0.930341280588629
-0.140587693514123 0.794494576814601 -0.590773618101357
-0.276571713479709 0.928797136453585 -0.246665698098697
-0.408200368166598 -0.238704214114654 0.881131521166142
-0.288724105405274 0.186651729601949 0.939041810993805
-0.149072287668662 -0.334213143914653 -0.930633669863666
-0.59483157884513 -0.274348484592176 0.755584741647544
0.836677736883909 0.511552047967297 0.195665190627473
-0.784107700003366 -0.478759288032668 -0.394923611497065
-0.611755095129388 0.502130505361209 0.611245171080255
0.800152589940278 -0.314344853662276 0.510825944709065
-0.645402201340706 -0.0678685067403431 -0.76082183479275
0.568153542487082 0.822909714565948 0.00459932955646614
-0.862910436473638 0.502054010836043 0.0576831763022592
0.943064267269834 -0.21357718490136 -0.254979555824425
-0.871165461452179 0.0960764718272535 -0.481497715813938
-0.557754368420299 -0.0672961676889946 0.827273407237564
0.781277035607272 -0.605414699644721 0.151918514628088
0.506587215411633 0.253994092338762 0.823927420491936
0.371239462888192 -0.354767484492166 -0.858091657774149
-0.523423887441485 -0.825354257949113 0.211702108966616
-0.0910031027528163 0.903563538295576 0.41867811926603
0.565713134505375 -0.332870377779877 -0.754430885532124
0.738800299835437 0.497066448039981 -0.455081380849606
0.433631292226737 0.440958550758399 -0.785824063588551
-0.390846418840523 0.155440501973638 -0.907236092329732
0.115463377028613 0.861926358614678 0.493711617131287
-0.731199179640482 -0.671530739179378 -0.119975939380712
-0.361390827772847 -0.613480757336432 -0.702166668234526
0.871529224414599 -0.416370454437938 -0.258983504614547
-0.068996299296931 -0.140948394752151 -0.987609771468529
-0.359872032037801 -0.0274950713386106 0.932596451638687
0.48267944303356 -0.819848270095072 0.308008716264542
0.199167764770906 0.175057860394755 -0.964202752013378
0.973262083598933 0.147413279579839 0.176154028146334
0.330183825801979 -0.543258873878384 0.771912195221166
0.0348846036371545 0.320967628859292 -0.946447487002593
0.808857744023507 0.53247972113481 -0.249428339435192
-0.657685344332975 -0.686757268460847 0.309539080029988
-0.426348764048261 0.526393968468486 0.735619549328672
0.672413184589002 0.280232241911224 0.685076929829261
-0.983606994092702 -0.172133312372272 0.0537345693540974
0.562908421051952 -0.825268394308108 -0.0454553282345931
0.663508463023403 -0.341998016774676 0.665427588861861
0.160676981583092 0.981711592421746 -0.102104147291415
-0.806563869285527 -0.292755532777185 -0.513564915849502
-0.628909963005852 0.643742787706144 0.435967294310366
0.0576922146118347 0.849158233705929 -0.524978001922566
-0.919734595578887 -0.358266957662883 0.160415275900782
0.856017443990567 -0.259758016244092 -0.4469450845247
-0.669093074105963 0.115768772753559 0.734106293011147
0.409778215553485 0.893882374068572 0.181813408161595
0.211400904132973 0.970049204201455 0.11964196237059
