# command_history: dirgen -cart 0087 dir0087.txt -force  (version=3.0_RC3-1000-g3151ed7a-dirty)
0.262129459513173 0.408593677786871 0.874265035860368
-0.132483263279846 -0.986877089774804 -0.0923135668704002
-0.831001440819323 -0.302641517972696 -0.466738381703703
-0.828843459651279 -0.00436095111955938 -0.559463583710889
0.73992319958845 0.235335018004272 -0.630183376495858
0.210246287051232 -0.890274224413518 -0.403990475291287
0.807225191505614 -0.472452024986978 -0.353803016217257
0.139221335069789 0.736556446438513 -0.661892756472871
-0.0298034494683829 -0.905597246064514 0.42309027679699
0.501967611322822 -0.823635180749961 0.263919696524982
0.592031762521808 0.779459139274352 0.204797076070456
-0.398323943857039 0.741394657794914 -0.540066659907217
0.337320189898051 -0.937923701058128 0.0807107209766181
0.986427224669681 -0.131347577877818 0.0985349898061706
0.846855982324745 0.359122015568287 -0.392257980333047
0.14121799573971 -0.979871749954979 -0.141098658106396
0.651281061548593 0.500530489371024 0.570352704980121
0.628819280760336 -0.058971805674095 0.775311961909263
0.557388789610762 -0.210519276461416 -0.803118528894964
0.751405645732278 -0.633592435529292 0.18425574944006
-0.462758314879927 0.782230408231818 0.417097507121506
-0.747911160576618 -0.573014410823806 -0.335087124302297
0.0559377821035389 0.366412585638261 -0.928769498648196
-0.414372710924983 0.892974124156971 0.175762538746944
0.177517316907579 -0.569449239859603 -0.802630154816808
0.37211419242078 -0.101673823062405 0.922601464069349
0.792785647314292 0.605792590066709 0.0671286468858629
0.0520181145465095 -0.587488927551257 0.807558589678606
0.933386974041428 -0.333151286408399 -0.133412806934775
0.663810759628083 -0.702931439882448 -0.255426439952439
-0.980043851261409 0.0776034990719579 0.183007504044219
-0.695011632029407 -0.205722394535752 -0.688939132093901
-0.571524848746908 -0.71966335033064 0.394263883022148
-0.498299512992817 0.315522206492356 -0.807553919290419
-0.184160379168079 -0.964591756931463 0.188805977671638
0.770951690707241 0.587375373402733 -0.246218726573846
-0.508857864265157 -0.392855742376312 -0.765981748906238
-0.630536081868795 0.649419765636861 -0.425062604167566
-0.359705771388603 -0.269722996434231 0.893230800646882
-0.988534315051743 -0.142379521971189 -0.0502790183718538
-0.333098794252602 -0.890026876623255 -0.31128339524574
0.909327888694676 0.40857422380645 -0.0786758824738533
-0.75076516188608 0.0642496490264234 0.657437186579942
-0.0577072282798355 -0.930556902033968 -0.361571193378569
-0.532907083452335 -0.402819680160824 0.744141347918161
0.672791641369852 0.510806674229518 -0.5351896382269
-0.296430063746967 -0.83661400917045 0.460658460213979
-0.816432793816831 0.572895677997714 0.0723051541176959
0.883747655869799 -0.212627683720651 -0.416868742963809
-0.104515475038788 -0.627595823927035 -0.77149205910804
-0.330854613415942 0.57245127638726 -0.750223140768122
0.0749172109697127 -0.987205335684431 0.1407587890567
-0.801321892479183 0.434357037995498 -0.411360168438024
0.253737841148292 0.523803222856077 -0.813171133092532
-0.397361517320139 -0.916509909348576 -0.0459718459375109
-0.576485982482973 -0.101169852981247 0.810819691946609
0.887603126307844 0.0624833034156487 -0.456351319668092
-0.161037908731972 -0.117525799871152 0.979925751430117
0.219436780530777 0.802369099924771 0.555023717363682
-0.331648985651999 0.700288258030595 0.632143422002061
-0.910961650024201 0.186765204401273 -0.367787480224837
-0.740831855769168 0.260096853418211 -0.619288130291189
0.633996851505285 0.76911533726084 -0.0806820319001061
0.193085380937447 0.152843923678661 0.969204194513598
0.108750665528169 -0.115009174868901 0.987393630951281
-0.295230036200965 0.3230363506965 0.899158908009849
0.458495811459176 0.151454880004962 0.87569572923309
-0.425229628470204 -0.647420856309296 0.632476084833909
-0.37319160976515 0.0490262073642266 0.926458014910754
0.906725022622537 0.367373752918266 0.207089978069701
0.229073377729455 -0.363530692407541 0.902978860933805
0.508253572135027 0.725274537870092 0.464386855035013
-0.606919717428115 0.794750844737557 -0.00442169491457618
-0.430706930763467 -0.874331212968001 0.223688331886618
0.241335556079856 -0.900620093500414 0.361442383451265
-0.944641972818539 -0.0892215190797845 -0.315738917022583
-0.907342644732612 0.393200182213987 -0.148737828935737
0.613244477820286 -0.583236905262305 -0.532696839452774
-0.00505963010855783 0.392229568185806 0.919853448101349
-0.136850751761046 0.776547749512934 -0.615016637554493
-0.958071633261958 -0.183756518647021 0.219846053850171
0.377757760939987 0.621161331337555 0.686627755410866
0.0876152784252002 -0.142128995990313 -0.985962936162035
-0.716404181961925 0.340774891134703 0.608800067049599
-0.469157110343918 0.475150957715527 0.744394501051534
-0.584852663309784 0.499855512203915 -0.638820654909352
-0.0591799553051204 0.787505598258195 0.613459587586735
