# command_history: dirgen -cart 0109 dir0109.txt -force  (version=3.0_RC3-1000-g3151ed7a-dirty)
-0.111760668866539 -0.280614204429179 -0.953291781757864
-0.593720623793139 0.246826733285843 0.765880137239585
-0.116031004834776 -0.72616646870704 -0.6776570413141
0.315548965821626 0.922942825068141 -0.220466305416818
-0.827446662878517 -0.229495970015109 0.512507190035448
-0.723642103449712 -0.445384568830772 -0.527233052797626
-0.522979666424177 -0.776483847703966 -0.351518282258123
-0.572478470721277 -0.767628353622331 0.288123430626003
0.304737053609317 -0.46111528610877 -0.833371478438241
-0.414161271315093 -0.90067953208964 -0.131327155674114
-0.68909069177143 -0.252755701937613 -0.679167559334216
0.571139856572832 0.645701966576221 -0.5068216990161
0.943137865566521 0.139153553977516 0.301872911918332
0.302951957846878 0.889897153743026 0.34103250137898
-0.844662614864613 0.506803187930495 0.17232410090745
-0.575359740830319 0.433018936573675 -0.693870138570808
-0.44654322191057 0.00398290009007481 0.894753199196627
0.488710709826036 0.231257418210517 -0.841238282904397
0.223548732709413 0.974685819352536 -0.00367663665462629
0.686687382158443 -0.459240532757456 -0.563523355555945
-0.775300192909373 0.565353423252712 -0.281576131252508
0.111930098184372 0.928087844684088 -0.355140261967129
0.873166271898837 0.477656324840393 -0.0970829385538683
-0.298077296006417 -0.112909632657837 -0.947840355998084
-0.333776417964281 -0.366880539485651 -0.868327111495231
0.650015673432378 -0.00930034337895398 -0.759863887749171
0.349987165155035 -0.51886325351892 0.779929425252377
-0.913264345513463 0.146119400864276 0.380259590155108
-0.722043247891105 -0.44938287409329 0.526030969284621
-0.585190001708381 0.718653659408459 -0.37561892886192
0.0947003423567716 0.875174977619473 0.474447682791543
-0.387588111086243 0.237749805880874 0.890646105896279
-0.488318626670107 0.0575331828511186 -0.870766818222904
-0.98905537774905 0.0438646426335017 0.140873535031673
-0.425355182367725 0.292638426883543 -0.856408617392448
0.269958107742867 -0.961757361807879 0.0463184312368127
-0.935912975531487 -0.0964948067816865 0.338756039792597
0.0955179405818094 -0.871529575557563 0.480949604382273
0.81722900943047 0.562303103453863 0.126301092597996
-0.633278503484891 0.761699446282487 -0.137012008805394
-0.15511154314112 0.214229760693137 0.964388935449667
0.37730042891916 0.657284583465149 -0.652396629878224
0.817622955286207 -0.000786698700047075 -0.575753492472434
-0.939417470203257 0.106466235254456 -0.325821665067957
0.88282950287007 -0.343925435459845 0.319886485656931
0.0204973451914989 -0.743556952360648 0.668358375002697
0.842050625250757 -0.378086395359318 -0.384709529592141
0.548991709210281 0.626397804224275 0.553384038513383
0.350308756889187 -0.824952216418766 0.443551141890671
0.678222462909041 -0.722868763182165 -0.132193199602256
0.00965033074205035 0.192400723070355 -0.98126899109193
0.330121534119591 -0.826695725598344 -0.455624790796063
0.533791972748936 0.436358823517118 0.724332179988958
-0.183310522812233 -0.807277104691637 0.560982110647918
-0.136892182878981 -0.527815746378934 -0.838254775197301
0.74904561124254 0.58386879279634 -0.313094083426746
0.0229013832964508 0.990379762479219 -0.136467771707152
-0.334183047878658 -0.765722305711275 -0.549537115258596
0.116639471565704 0.969239619481138 0.216725157055963
0.078700565106451 -0.429676729264655 -0.899546624350485
0.703521296122079 -0.505991254785885 0.499029694490134
-0.111211949112651 0.931694633513502 0.345799092330656
-0.331524965619625 0.666026237940197 0.668206740123245
0.103734539329854 -0.567372409384335 0.816901275809653
-0.381100402927282 -0.817598672023533 0.43161892265518
-0.79593966534758 0.603584012975058 -0.046544477731601
-0.510753185135066 -0.188674249774987 -0.838768866462168
0.547328546267304 0.457678913442074 -0.700686431031315
-0.0450932643503541 -0.04459880601588 -0.99798674540907
0.508972563274126 -0.473774116028443 -0.718668920168135
0.520001063298602 -0.798694306343271 -0.302797455707878
0.529575472891156 -0.665482237010602 -0.526006854266629
-0.313348604225684 0.926223265938576 0.209578419365865
-0.994108590070121 -0.071923822055694 -0.0810868359827742
0.176515507579406 -0.946094127457524 0.271566156901724
0.677391685824111 0.230598099908143 -0.698544930763314
-0.939233247195538 -0.327013865748526 -0.104416660407858
0.841870323857725 -0.0455612806991837 0.537753221755798
-0.860557103326133 -0.391326375044578 -0.326044690356101
-0.428992846223867 0.876169898492928 -0.219753149837809
-0.507511179389515 -0.857960638178897 0.0795986565861762
0.180656098707422 -0.357396285000996 0.916313957913608
-0.491598078411406 0.869759522074983 0.043008174363832
-0.262211704306433 0.715880072680696 -0.647117256502558
-0.980700058182403 0.171758667777669 -0.0934149662755998
0.840491516265996 0.197214347713664 0.504658807652022
-0.246908424410067 0.125409037299238 -0.960889589556998
-0.692608280652835 -0.018890858681001 -0.721066505274942
-0.263010520436658 -0.239832851869215 0.934508249992432
0.0827547915082818 0.419146339386136 -0.90413936462341
0.491910685423809 -0.643340216477808 0.586632119328771
0.76914917421452 -0.231470390198812 -0.595676931118146
-0.70670196824226 0.610374998015509 0.357791405542507
-0.720463729753313 -0.687993958773922 0.0871569090808766
0.793953009700435 -0.281872278433936 0.538689740980913
-0.712749072450821 -0.612938847200579 -0.341020130363178
-0.966679471951696 -0.22476673861462 0.122518209747517
0.345410876685983 0.59463401610142 0.726017708573363
-0.339059578811127 -0.451856627651817 0.825144950941075
0.913903348213282 -0.39822017766479 0.0787487157049261
-0.121469891878673 0.805172838699369 0.580466851067124
-0.946874026908671 0.282521339303285 0.15365959131807
0.0784078492279139 -0.992978426332132 -0.0885779544718462
-0.214307038934413 -0.0124285145219544 0.976687270875351
-0.10363105433868 0.636015460719674 0.764686169812292
0.876601453670124 0.36457967327013 -0.314088448150631
0.651902551248621 -0.212028549316887 0.728056974384639
0.637653808092955 0.759128112332361 0.13085155746593
-0.163039194897584 -0.617887798130546 0.769176761120962
