# command_history: dirgen -cart 0165 dir0165.txt -force  (version=3.0_RC3-1000-g3151ed7a-dirty)
-0.772958472880335 -0.214659040118237 -0.597039944809405
-0.670951713058647 0.502768228890277 -0.545021014973002
-0.502527182613206 -0.643532600345206 -0.577349307636002
-0.678632316919259 0.686462497488167 -0.261203786295502
-0.109025944492697 0.780643561308833 -0.615393348692149
0.803919375247761 -0.318160981887361 -0.502481071987512
0.907323898538547 -0.418601531977718 0.03919311886952
0.117941579054064 0.794015846428828 -0.59634605687482
0.194064059413095 -0.688184372642524 -0.699100429190775
0.213089070691318 0.872055502660426 -0.440581715725452
-0.161756623104686 0.618115429448137 -0.769264655862931
-0.654181786435458 0.629142768351489 0.419792290695216
-0.10278756672623 0.908458374551749 0.405139602894232
-0.858288365709927 -0.306026259124871 -0.411933259173157
-0.928169251533437 -0.251593076630655 0.274231224151045
0.323374053613782 0.75110101818382 -0.575566227234207
-0.0071701427887223 0.00797385100632166 -0.999942501723233
0.994339171644101 -0.103449967442307 -0.0242428540050191
-0.438555916801898 -0.426368315467434 0.791125001124038
-0.884232769355354 -0.11998022620571 -0.451372523441324
-0.959686832744268 -0.255538550761175 -0.117052262396566
-0.516500535818811 0.452019824528171 0.727258739880383
-0.46868249339969 -0.231104158905146 0.852600485642246
-0.0389175600714435 0.189880436596153 0.981035597374601
-0.514114708509296 -0.679301553335116 0.523674962291401
-0.335894327847514 -0.711140888932979 -0.617619329852522
-0.0880402566906379 -0.951454351709346 0.294929703175509
0.707659517738812 -0.00899853032029411 -0.706496308133133
0.433496088988778 -0.892690264281693 0.123228376959669
-0.24258088640553 0.270159628905909 -0.931755487485923
0.125561478378719 -0.943490937093695 0.306690669518022
0.0977969283309892 0.889856341002921 0.445636009750016
-0.00869265437832051 0.88539817405007 -0.464752096443535
-0.829132777189388 0.187009879373067 -0.526845463876348
0.81955353890765 -0.570803559763534 -0.0501526970882442
-0.578524101994974 -0.473857600143906 -0.663904238724809
0.342043589069505 0.0841608660584445 -0.935907651320762
-0.598019362448651 0.668869488512894 -0.441572700099325
-0.426903379444372 -0.897207231318341 -0.113016320454402
0.0469778386743309 -0.208012962152595 0.976997282621601
-0.914547060100748 0.245660053284486 -0.321332869593731
0.605658416227368 -0.758475105023768 -0.240610469248827
-0.828235021027785 -0.418964491247223 0.372149842156434
0.964931720917857 -0.114648671200217 -0.236140754971537
0.149303022831244 -0.543156162980654 -0.826250561264309
0.168313773658118 0.124947937366666 0.97778243313366
-0.378622411816892 -0.875462637612764 -0.300350194629638
-0.901576087900037 0.293971856430857 0.317397393425751
0.297471905689086 0.832599289913891 0.467213963576206
-0.222326049626024 0.945863709285166 0.236459237745101
0.419559873193135 0.813765825471319 -0.402187386800162
0.73694805442153 0.390679907649903 -0.551612884950111
0.551127263726337 -0.0377459433525737 0.833567023662731
-0.457983522932284 -0.36408863270762 -0.810981232986085
-0.984992066199318 -0.0723379957458302 0.156709425038428
0.263441920674067 0.439282543591068 0.858853422492872
-0.0328893201868707 0.991281285821081 -0.127591947232381
0.251275141530476 0.486638542010508 -0.836686161400275
0.509731436677958 -0.805952891846645 0.301021259359294
-0.378982446458521 0.554830219162506 -0.740631982282969
0.00783824397211266 -0.969419316175781 -0.24528504103739
0.680796094984164 -0.470151303640405 -0.56167110370709
0.554786474011716 -0.442377231514459 0.704637746144252
0.793077461093982 -0.476506792466323 -0.379433021017123
0.0900696149301952 -0.378290211594353 -0.921294730408367
-0.048667278715246 -0.534875236726328 0.843528290645552
0.152737678962014 0.770713561166065 0.618604726832909
0.246223134977472 -0.255243897681046 -0.93499985053392
-0.561848422983908 -0.8271132212046 0.0144937537941755
-0.510447650460803 -0.166812258248875 -0.843573865548807
-0.404051926244273 -0.597051149668517 0.693016569482863
0.807932058231447 0.566260077598159 0.16308069720364
0.501162951852496 -0.75805754255204 -0.417354115674513
-0.325062206310529 0.860238069695019 0.392842239933436
-0.461349258416299 0.295734243173827 0.836479598778796
-0.889968699174045 0.131278609788825 0.436716888959395
0.978032198677535 -0.0607575506474617 0.199402954815889
0.19644657917497 -0.0574687430807082 -0.978828935564931
-0.801990477881156 -0.594774610712069 0.0552669507052879
-0.217783463659311 0.81123239995695 0.542653071691888
-0.812486564090254 0.369595639886872 -0.450848806308087
-0.224197093826058 0.852368343913357 -0.472444567557243
0.612346390889576 -0.782457204082556 0.113104470927638
0.00630793056126853 0.66737428520875 0.744695758987618
-0.706313635322329 0.318540289365667 -0.632181249807833
-0.807283894696062 -0.00279275106789236 -0.590156685894373
0.413373049995526 -0.774824470746248 0.478298819850304
0.596217260236933 -0.158778766872557 -0.786965235436735
0.11756102290659 0.319868616736615 0.940140135256527
0.189166188595848 0.940998607014376 0.280602520817481
-0.932491471756742 -0.0574741447431043 0.356589929452577
-0.301119766334145 -0.91550935318833 0.266776143137943
0.369106977428822 0.0465924852381705 0.928218282265917
-0.205136034956985 -0.616994622817583 -0.759761043076252
-0.321232493261669 -0.247130737207205 -0.914186022645454
-0.405076587003544 0.15551383481738 -0.900959713773015
-0.416457200905489 0.357454711653314 -0.835936318705445
0.0612010447256983 0.504683643180366 0.861132308318923
0.374458442164157 0.923785275245573 -0.0800102514147625
0.0582193027519576 0.996331530583683 0.0627215589080189
0.954433587125207 -0.279688570081845 -0.104071281018751
-0.995739955311569 -0.0766489101085147 -0.0512531557593503
0.730911154227735 0.40552315231438 0.548926094809209
-0.702218974657109 0.123180312051165 -0.701224017240208
-0.786956579636161 -0.498795435638801 -0.363183776005004
0.311025005453184 -0.42495495524033 -0.850103953643045
0.246161602654887 0.964669474253456 0.0939003238649322
-0.765131743948891 -0.58681253037865 0.264998997342131
0.519965255017742 0.0129840455941826 -0.854088723807043
0.607668759965935 0.716447365683919 -0.342697899564669
0.298266622303791 -0.712160438874316 0.635503368458287
-0.771604939001386 0.163517413117041 0.614725852487251
0.328121479003839 -0.893954386089213 0.305257023847431
0.918269307340043 -0.0617025920645447 0.391119252057163
-0.246106421161904 0.464481077523714 -0.850699099614717
-0.630324131089039 -0.289032495576032 -0.720521829140477
-0.898906925337477 -0.437206995153574 -0.0285724162279961
0.675178934825943 0.086282116336358 0.732590473844578
-0.62500188666433 -0.155233986770954 0.76503271238374
0.858761028554857 0.229696864360541 -0.458005290731821
-0.215567119547222 -0.650858399352288 0.727952032047917
-0.570052197287276 0.244010778926305 -0.784537591282742
-0.761910182884383 0.538021561396305 -0.360590727404032
-0.537392170249087 0.602797362345554 0.589783854733425
0.882225656845964 0.436611924221223 -0.176204194134385
-0.656203694149271 0.315253744791555 0.685574057399892
-0.961657717971909 -0.262050120888448 0.0808960296146274
-0.110766573612258 -0.348613776607082 0.930698233011081
0.609335983926648 0.346631325040859 -0.713131392656755
-0.961461036044507 0.246444939881151 -0.121891623072302
-0.68064426798557 -0.669240335929488 -0.29806166010303
-0.238003052016338 0.962838604128568 -0.127657234932686
-0.95288563364616 -0.137170409635716 -0.270542506662309
-0.0322825795868626 0.806331903029625 0.590581660070681
0.579826903898811 0.519803022023696 -0.627379932584835
0.528923481057346 -0.846481695985946 -0.0608990110505607
0.384435499593433 -0.718535619232725 -0.579582531263834
0.74897329271582 -0.618582583336172 -0.237475460609241
0.360929562565445 -0.578024222054487 -0.73185917332819
-0.504106086533523 -0.757085167987419 -0.415570814583169
0.29581089321024 0.294442954807054 -0.908734978870436
-0.792626157315357 0.59371193697504 -0.138744047197844
0.65231338243212 0.587676704572051 0.478668300604188
-0.151184543938393 -0.146792435892119 0.977545505047718
0.431556853584908 -0.871538804882352 -0.232763385669088
0.688211304576221 0.565330094523472 -0.454716488022569
0.875097887126395 -0.444877472076209 -0.190493366776906
-0.83856800150537 -0.0318516734964018 0.54386503633417
-0.498033435649135 0.623486379992224 -0.602683524695765
0.673180294472503 0.725126032811866 -0.144984577360628
0.21067717914218 -0.0736269676594685 0.974779049745103
-0.892311840849234 -0.384253981940682 -0.236914448784749
-0.755147216193099 -0.200085174941584 0.624274462591903
0.697370019830996 0.712256698554704 0.0797837753234935
-0.502060125828543 -0.837488875553656 0.215749886157331
-0.695004854021908 0.717352433588598 0.0487210315008076
-0.563634337727526 -0.797175832996189 -0.216395528191515
-0.0785435599251971 0.405344824996662 -0.910783444097828
0.140122224957302 -0.988446500947409 -0.0577864762538772
0.397162650303857 0.544933221953991 0.738450819496098
0.175924173542494 0.978282587621544 -0.109607773081508
0.0175554296822243 0.684212856684253 -0.729071034698709
-0.874012930345773 0.42397047543062 -0.237382462603137
-0.39130579272641 0.123508611092701 0.911934975513445
0.339115443685383 -0.938964536605216 -0.0578473409226252
