# command_history: dirgen -cart 0204 dir0204.txt -force  (version=3.0_RC3-1000-g3151ed7a-dirty)
0.466053987623425 -0.616524912998057 -0.634579161549639
0.522428191975263 0.493159377947683 -0.695602337669816
0.577983626062094 -0.00275084873491924 -0.81604372483057
0.537104082311566 -0.830574072351296 0.147193461478539
-0.997184295617698 0.0338702205454236 0.066905072555374
-0.302392174559227 0.864901951221151 -0.400628989888634
-0.614046563189051 0.366817873619704 0.6988501025462
0.37055633627082 -0.746131742857834 -0.553150453266992
-0.806908364212107 -0.585547848106062 0.0776698741012317
0.139000294222169 -0.696038365278055 0.704421402476673
-0.989414968546824 -0.138880173622437 -0.0420751398107015
-0.503178781189591 -0.732216842901872 0.45898759147865
-0.00618916524494759 0.979230394847001 0.202656181848363
0.522532598156941 0.186652606226499 -0.831937791215313
0.019430870097303 -0.595608621462815 0.803039732097004
-0.907974825800451 -0.285420195734119 -0.306784985909902
0.350440634597698 -0.406553046015306 -0.843745211778081
-0.895714521845663 -0.00696117893688928 0.444575120022032
0.200624408723937 -0.760711502887522 -0.617306938239624
0.665798189556942 0.43203006627897 -0.608327866050608
-0.422966203995352 -0.8874184435848 0.183270554817988
0.617849306299886 -0.179773884965908 -0.765469519307604
0.282723787125799 0.957238906015636 -0.0613264788100081
-0.0808513173678267 -0.701993511831238 0.707579093689696
0.463425263472667 0.755851151118974 0.462521418452606
0.841658844837108 -0.278758872767285 0.462497437572338
-0.651440345998893 -0.664099207554619 0.366875616701587
0.788423489890851 0.357577399827306 -0.500526526490929
0.438895504023224 0.648285639599474 -0.62217076919227
-0.730244385260703 -0.520650838161562 0.442341319025118
-0.345479397532923 0.662328665196123 -0.664804275813423
-0.779930489013641 0.177507285815821 -0.600166306776082
0.58502752052375 0.805531267742858 0.0941391359553406
-0.263787887913431 0.852086692006109 0.452066609579005
0.89679382573741 0.102294043744326 0.430461104786128
-0.143917773864449 0.209654067475198 0.96712607573005
-0.952724164415194 -0.297919751433632 0.0596698269236139
0.419777403959102 0.057261019121358 -0.90581902542094
-0.083784041400628 -0.452095502784231 0.888025839020944
-0.516537385636694 0.624260358843039 -0.586078607028758
-0.390276494298966 -0.847262576607293 0.360319836087995
0.27861571454478 -0.175280724983382 0.944272180601547
-0.848671547849417 0.495031710959995 0.186279921126499
0.18777342012567 -0.970042925095269 -0.154135869176917
0.687587029220033 0.530800706658314 0.495454021135568
0.0671448122523633 0.0179249667071246 0.997582212028735
-0.405332832180707 0.274585559787761 -0.871956458495726
0.249639448394851 -0.776555359158346 0.578482428400005
0.928491274740302 -0.3600266070526 0.0910208489595779
0.678558044973397 -0.538824661072784 0.499226365711669
0.320046141341529 0.444807422041797 0.836490779811068
0.733811738394466 -0.37464589901474 0.56671049306143
-0.914318683215853 0.161997963415706 0.371184597433126
0.110639707839023 0.987094052197425 -0.115776453416759
0.393996905530914 -0.884197002168472 0.250922497573156
0.962674594297853 -0.196387065122569 -0.186251835282253
0.646364162714799 -0.724763368238708 0.238603078809308
0.598600811995016 -0.677209536996225 0.427860153414952
0.359831104337063 0.54039956683772 -0.760585225016351
-0.876081295843199 0.0733913765889567 -0.476545138382588
0.173924586993324 -0.375862087818505 -0.910207629598827
-0.967014178244844 0.0302857979155357 0.252915696464392
0.0883507149090342 -0.858777363714856 -0.504673746836533
0.722722003245011 -0.0546247711960048 -0.688976806864573
0.757526223484429 0.574625171391009 0.309774003327059
-0.136678518138951 -0.494545790130926 -0.858337604991834
0.897831347271056 -0.33460479292774 -0.286249025163798
-0.494179434882015 0.841130522636216 0.219741052216966
0.445245507415797 0.876627437115327 0.182430191094191
0.364991974409497 0.86814508017379 0.336310835963846
0.0476770773532207 -0.516836055086282 -0.854755747835547
0.963202766600981 0.140867056789642 0.228903697487915
0.0408084981825921 0.888606810671484 -0.456850744230909
0.247217746263002 -0.00388785245270096 0.968952150797937
0.175385920895725 0.287015578229981 -0.9417334211999
-0.844949617490502 -0.261206189628619 -0.46672419093331
0.805670261785405 -0.462492978354843 -0.370129266942112
0.670789496570895 0.121953303519164 -0.731552351544937
0.187122690017087 0.732048643515901 0.655049526682752
0.107351595121831 -0.938328665148277 0.328656281220748
0.798771138398008 0.0188732398058046 0.601338897196567
0.890394972461326 0.454201276968844 0.0299665315888431
0.311370640112964 -0.632378369771206 -0.709327795818799
0.79904184321178 0.589446636635884 0.1186793804979
-0.542893833438445 -0.785335363037736 -0.297514122651174
0.43826683599231 0.538594243091949 0.71960990944921
0.386456200800353 -0.919486962432063 0.0720786430256257
-0.290594692528178 0.0713255721354187 0.954184147549103
0.0449111335992414 -0.998706887546294 -0.0238231577761199
0.625319441166385 0.668743864237852 0.402190552529005
0.176414752791476 0.953683807391751 0.243649400812512
-0.217423776154627 -0.167040168475521 -0.961677952163994
-0.954008069392645 0.0142995533589734 -0.299439687261814
0.549282884933271 0.787355130526114 -0.279928938756944
0.238973510203947 -0.947406698221822 0.212866647423285
-0.773269293254937 -0.189415998118246 -0.605124929056702
-0.736673288687692 0.596495011400317 -0.318600325029017
0.926995102714528 0.282427803317508 -0.246808864217898
0.185941102312136 0.334849555143734 0.923743298698828
-0.693578396751988 -0.696143122024196 0.185293716076255
0.515728376892502 -0.368199354939903 0.773597748374221
0.445321535355883 0.895366411526398 -0.00277835538052785
-0.159759348854704 -0.803008418156139 0.574155406509332
0.524257444072743 -0.85061746924969 -0.0400506347211542
-0.922443683865086 0.180466865743698 -0.341363970661897
0.0661435694016068 -0.985683745588903 0.155088948376876
-0.882934101879646 -0.441665051962468 0.159246204391101
0.605123127440056 0.312090897960899 -0.73241058979723
0.501406289587783 -0.792775076025479 0.34655362008585
0.80505526981928 0.0747145074695138 -0.588475789569795
-0.131619271438116 -0.989217606529088 -0.0642253401622889
0.206862915846319 0.892756368499481 0.40024217737662
0.827501016306211 -0.120828285831412 -0.548308848510793
0.00550313536542894 0.359527998845152 0.933118070528886
-0.863214026151535 -0.206948067387607 0.460471543593947
-0.254949800527094 -0.935925818843109 0.242988602271899
-0.849883202528889 -0.398711837452646 0.344568444194147
-0.260019682120891 -0.599050601588784 -0.757316407881057
0.687956886678707 -0.578757642165973 -0.437898291508226
0.10575791331312 -0.158443060253331 0.981687863034485
0.231694965747568 -0.526920410394935 -0.817723867791852
-0.111148416971263 0.469597272944335 -0.875856398417015
0.64572694326132 -0.748898495379567 -0.148955558354205
-0.810923466815109 -0.428129068424022 -0.398884233505092
0.119995403782351 -0.653905520081459 -0.746999781712222
0.433520026076546 -0.526477933653376 0.731355845239964
0.861643787745352 -0.50745666754392 0.00759694708826303
-0.98132724687328 -0.130913115811081 0.140920511824021
-0.741112273599978 0.617622191156094 0.263240245614186
0.324072540229678 -0.432478587721163 0.841391264413764
0.597794868614395 -0.469568861898614 0.649727926899821
0.234082248184294 -0.573405753794704 0.785118680582823
-0.742118366412829 -0.242328639638512 0.624929724564052
-0.199009692578803 0.329128401350849 -0.92307618195029
0.579719158670818 0.809005548306251 -0.0971376336941664
-0.992867571375602 0.0251443442766289 -0.116540755367432
0.546088092869468 -0.681304667956118 -0.48745435093698
0.674857447416057 0.106143836381089 0.730274545404253
-0.558104370531834 -0.013527544527468 -0.829660483048531
-0.945049665867702 -0.302112001113081 -0.124937855859603
-0.529074689288325 -0.19707688235001 -0.825373052381565
0.609123800393746 -0.520448351389374 -0.598416000228907
0.0993934113513781 0.839537073137667 0.534133365937174
-0.0765320243504952 -0.953469481491483 0.291614123651751
-0.93698365225634 -0.130346165057637 0.324147362566992
-0.538567126714735 -0.621723026288232 -0.568687900878186
-0.659278150446688 0.27805725693894 -0.698596079438746
0.706650531100281 0.707524767343676 0.00733010852370214
0.490593945285709 0.374477170509705 0.786819184829683
-0.374862890789467 -0.681363160870508 -0.628666888039695
-0.0107615833247737 0.760219221813087 0.649577495846529
0.112742458401784 -0.0363596892654865 -0.992958766047231
-0.1474776258973 0.932310463296012 0.33022348476217
-0.179653417987918 -0.572737520432106 0.79981021629793
0.733536630977927 -0.411760240897684 -0.540719442067172
0.364065021989707 0.275686245725818 0.889636866188243
0.0276489779061894 0.92630519483471 0.375758193580624
-0.361395054638816 0.92631405129702 0.106470150052998
0.979432756505236 -0.201702474801255 -0.00525234648560689
0.396019471561136 0.0994286260830404 0.912843100680329
-0.802426488945419 0.447276818859589 -0.395038197076654
0.732608781467464 0.371844496545959 0.570101783636256
-0.966285514693783 0.192486943695691 -0.171000235671369
-0.448682214608765 -0.371282926844484 0.812916513873084
-0.836035383965283 0.29129883307002 0.464962177612402
0.68147828551138 0.701722958020247 0.207779297726665
-0.606309136415215 0.725922034318361 0.324694365812728
-0.0328019025617993 0.795511522375873 -0.605049959057554
-0.324251829552858 0.902982593278542 0.281927627712476
-0.219405052710473 0.975213585353794 -0.0286336478031094
-0.0117453016035482 0.314223470137776 -0.949276386888885
0.442659504162397 -0.806357144094751 -0.392225342809536
-0.267319523656564 -0.684965010722275 0.677763385229876
-0.248157186704654 -0.107943128368988 0.962687016493288
0.466806215091725 -0.480806861232012 -0.74223764371255
0.843926546279583 -0.497515954302872 0.200663548505249
0.764857634473932 -0.632823441815504 0.120529210051842
0.78431756935459 0.559528933271554 -0.26790543711113
0.141940567463264 -0.865894225514814 0.47966661915158
-0.768871221901681 0.634815978669393 0.0764572910678684
0.298371682030705 0.800368386232782 0.519985370641618
-0.896975301349376 0.345685176142829 -0.275566811797606
-0.64166254958983 -0.290522102373117 -0.709835248833547
-0.594092835909218 -0.593479069778671 0.542988301951328
-0.491923889067006 0.297055310433826 0.818394177586971
-0.35647086476214 -0.242934326316747 0.90217040279138
-0.927973547375726 0.359761516896267 0.0971429170418885
0.0707603921220437 0.140481796181176 -0.98755143250792
0.733767977525639 -0.246779773751183 -0.632996286264973
0.337793531671452 0.77893286226581 -0.528355113577337
0.0364819578465067 0.191439338025087 0.98082620611819
0.595154241038078 0.466444266972513 0.654386105585123
0.460879315409986 -0.1254219353639 -0.878555402212516
-0.0704306706099777 -0.638807053102637 -0.766136456216354
-0.300993514523274 -0.945390968292858 -0.125055272920499
0.661609628389816 -0.748929045924225 0.0371212040876815
0.687443694405805 -0.080603208768632 0.72175085019548
-0.321876333893644 0.244095117134363 0.914774944710637
0.556859093489432 -0.178252284500102 0.81125462899673
-0.418643870327194 0.755751197672572 -0.50356472975571
-0.219526809909029 -0.883105527624665 0.414647569400723
-0.866975624864701 -0.44774869875937 -0.218802122132654
0.424650936178861 -0.0802447205620049 0.901793971605678
-0.274008722210936 -0.417374725883285 0.866439587245518
