# command_history: dirgen -cart 0095 dir0095.txt -force  (version=3.0_RC3-1000-g3151ed7a-dirty)
0.0587141514925498 -0.754122860002102 0.654103478386073
0.935347898430948 -0.165063953417974 0.312854918744837
-0.102982955876535 -0.609529631427927 0.786045888743314
0.68851581605229 -0.0160205163511332 0.725044353196198
-0.321397489107532 0.676512634123095 -0.662596641907582
-0.179941157998217 -0.406747944453046 0.895643505721714
-0.802784460007769 0.381611761507821 -0.458158896289195
0.161568758698057 0.941372522178329 0.296164330567306
0.805470557259969 0.326652701468182 -0.494484776318599
-0.37609362280828 0.898382253668907 0.226854387605175
0.529599927770175 0.681414651982511 0.505171246776159
0.727326889826114 -0.597388692751291 0.337819989208418
-0.833391037239604 -0.533699115980086 -0.143612787211907
0.0713313743745751 0.891020238261645 -0.448324402679573
0.21572812597707 0.188484211250722 0.958089284864211
-0.91135335834324 0.404165214478051 0.0780098432405178
-0.537679359632232 0.452860924358235 0.711208752346931
0.614448504810372 0.737962105409564 -0.279042946364501
0.72436395444856 -0.308438580290572 -0.616573194101057
-0.834589193806838 -0.531638729038717 0.144295319975913
-0.432160833090867 -0.323299889892868 0.841851646988629
0.474758445974998 0.0529694327135771 -0.878520720969862
0.900456003445997 0.316913085828926 0.297901127705907
-0.819281332650456 0.136851557859176 -0.556821110485234
-0.450555121987105 0.892454609354853 -0.0229096550053053
-0.282872850148159 0.330241607811279 -0.90051287115692
-0.270255301554849 0.847285337503659 0.457241324502509
0.703283890560431 0.710347749006051 -0.028246145935691
0.00575415585059526 0.00307316944163791 -0.999978722433648
-0.452516651754504 0.690699259156214 0.564059583099117
0.107630622300145 -0.958971573845642 -0.262276895092375
0.753362722525638 0.501068159145275 0.425881800737627
-0.613134039545618 -0.461536119060107 0.641132638658653
0.678729762818859 -0.549679955232408 -0.487009092193927
-0.599060917879789 0.773000256040466 -0.208798038377753
0.893795852899734 0.0771900808663893 0.441781240836545
0.344730000156007 -0.902025603821713 0.259828861065344
-0.446475246831334 -0.882216465526141 0.14951241393765
0.112614839871372 0.684230807132061 0.720517938993995
0.564198722605919 -0.753086890923403 -0.338437492203763
0.285171473670242 -0.354943339966427 -0.890332778245427
-0.177602216076946 -0.451782316465178 -0.874271234442673
0.352057355017167 0.849653116006852 -0.392613297327235
-0.0336346937228115 0.282021859413666 -0.958818219576073
-0.993660951006308 -0.0785230450417648 0.0804490263620935
0.45359513140902 0.0722527896894952 0.888274164402027
-0.915094117986806 -0.31731017083135 0.248831289658132
-0.946426805937732 -0.321979877742519 -0.0246020188483711
0.600163837329114 0.469637489358842 0.647490538117058
-0.736580580123025 -0.548610724319323 0.395569617320967
-0.511023960044856 -0.680167375622667 0.525572881148415
0.414107066245998 0.352021024642815 0.83940248742457
0.261956979033945 -0.102438703551168 -0.959627455396189
-0.639312270953621 0.764421325812649 0.0833058032249592
-0.962142268459889 0.169680020430586 0.213286065905712
-0.937776069861715 -0.0785757744532314 0.338233485130894
0.367062845342214 0.595129645505479 0.71490249167967
0.0435038786176472 0.998608564596936 0.0298051549042874
0.0687431331676507 -0.523618856629 -0.849174702063617
-0.209644261693013 0.855621890403466 -0.473244613494533
0.228592166869945 0.158383981515623 -0.960551995284463
-0.143303154746878 0.736348015766802 0.661253208321809
0.785773101352412 0.262879689306167 0.559870433351598
-0.0142926810784741 -0.866286383094634 -0.499343190333468
0.530715887171567 0.841864627150186 0.098003044120956
0.377438400939945 0.560963785536255 -0.736790258359007
-0.501388342846201 0.219965031672337 0.836794547364721
-0.0338072697680876 0.269192451719582 0.962492853193222
-0.500641113486449 0.183909061945529 -0.845893570386585
0.790716019772062 -0.608518771865817 0.0668810912197584
-0.680006147357334 0.0706597377553554 0.729793697572527
0.60002201487809 -0.56003641800423 0.571255452639735
-0.645814528651223 -0.215389333694515 0.732482784448639
0.412492821165158 0.850032224391894 0.327558987027646
-0.317001181342157 0.575062041709777 0.754197520025265
0.852458887261377 -0.38182752069852 -0.357101652147281
0.142857625134497 -0.536026886909163 0.832025766098264
-0.185910345822655 -0.961283346166801 0.20340027457813
0.813785030553914 0.0868790652151548 -0.574635494965031
-0.24446680242184 0.0808974788814483 -0.966277175775288
0.979628874104636 0.0820824981023509 0.183275018826247
-0.476463507559165 0.753927804239429 -0.452300112711827
0.657079343862826 -0.315632043094467 0.684560551916929
-0.0811655071223579 0.967691709355772 -0.238715135878884
-0.442527731959511 0.471465986951015 -0.762816511092332
-0.893966929588061 0.402176332648713 -0.197679858003102
-0.623948313679142 -0.223598128630611 -0.74879394944794
-0.293660443739029 -0.95364555782109 -0.065754800821678
0.86749850404975 -0.14813301117082 -0.474871515752325
0.66454201128136 0.695942317027531 0.272118001265033
-0.77407812941873 0.59193298068097 0.224540410478254
-0.984057282816094 0.169853681578166 -0.0527351020758306
0.272181280485397 0.795932560549537 0.540748286738282
-0.238883003147409 -0.755973325933486 0.609458153841869
-0.208989070074775 0.97791736417738 0.00109427128599258
