# command_history: dirgen -cart 0238 dir0238.txt -force  (version=3.0_RC3-1000-g3151ed7a-dirty)
0.18514732570849 0.479787426368437 0.857627246116718
-0.0558658767364278 -0.930933789059383 -0.360889573421027
-0.275689447674107 -0.696222347510522 0.66277429888921
-0.932943053621626 0.292374122393852 -0.210082439184194
-0.203968858150408 0.753303585818391 -0.62524428225932
0.719837314590614 -0.0344382810575773 0.693287995944523
0.187695490684889 0.875875339470652 -0.444536604211318
0.97852337291928 -0.0797798531962337 -0.190071522524189
-0.487728994909733 0.872730060397998 -0.0215097466756074
-0.0933384689873846 -0.691837653380652 0.71599482649796
-0.854128921205181 0.437767622161283 -0.280754866294654
0.260484135615965 0.320291952117094 -0.910802437689659
-0.479877889237782 0.740728123178048 -0.470147911782896
-0.284632505543476 -0.680713297292006 -0.674991661932122
0.831036645265307 -0.556103532758885 0.0112674344582566
0.349230257882214 -0.835256357612599 -0.424717605059239
-0.67810154453877 0.361973981565534 0.639650789074577
-0.190474785069757 -0.879035612745681 -0.437053483886646
0.958659349336883 0.188218017638625 0.213415626806403
-0.0795214528854288 0.958215355860842 0.27477203337216
0.26497613477867 0.955632980598295 0.128659451229107
-0.316896738684826 0.487409815870838 -0.813638819380981
-0.671646964068562 0.214335225913788 0.70919021890461
-0.346934117643876 -0.84353332000562 -0.409985677865656
0.800057215705472 -0.130568292644121 0.585542801641014
-0.923310881453396 -0.233615496748589 0.304829158494823
0.871180505946156 0.489177844222878 0.0418277752319925
-0.74101817298981 0.665382702148563 0.0903212432394555
0.744813191659285 0.359399183604918 -0.562214848927373
0.679045302160794 0.589382953824574 0.437635934715578
-0.10852049314991 -0.742001500974069 -0.661556554739448
0.492734527505978 0.786740547298658 0.371822533797601
-0.552797489377128 0.346185089866013 0.758004498200904
0.385676511472309 0.0698657074366676 0.919985006085927
0.0122823151720977 0.977589357745185 -0.210162300038258
-0.0923701114018329 -0.330364841530074 0.939322539919288
-0.211625752511242 -0.323749805430688 -0.92217167835368
0.323741844761275 0.925305847780128 -0.197484951362032
-0.209387115688061 0.389988875615244 -0.896697113121366
0.623304614588172 -0.781190497210273 -0.0351107462389669
0.32018794100287 0.552329896278418 0.769682641166744
0.124420782132873 0.991556273497712 0.0365462099372089
-0.452843397640661 -0.887226138996637 0.0881058198666937
-0.980544341021525 -0.190165368926876 -0.0486819037381344
-0.548051810643961 -0.676101916419535 -0.492468690846137
-0.980612327309577 0.13311431608903 -0.143805571452032
-0.745999548196411 -0.610181237693637 -0.266764936334241
0.697695042683176 0.686663439844894 -0.204242375122547
0.910575807714635 -0.40916978289248 -0.0585814575831115
0.802774279541411 -0.568014271684172 0.1814200740543
0.964840713324678 0.0273313843444736 0.261410392564913
-0.496062470751673 -0.330861772609316 -0.802777997043745
-0.80962210738694 -0.184548045222722 0.557184047003145
0.586409479868652 0.796916404301693 -0.145079862403564
0.553787230613716 -0.495505533750484 -0.669174094860103
0.556140891195582 -0.773538203902007 0.303884774617355
0.818974273139878 -0.475834407847389 -0.320722241579116
0.381004746896555 -0.689194130632521 0.616317153050258
-0.032662463984738 -0.574819848543193 0.817627852489888
-0.298812482339493 -0.953740950065553 0.0330045537186476
0.849485535812087 0.00742917688939614 -0.527559600212902
0.0475599063051062 0.392014668209408 0.918728771303543
0.69845465319049 -0.388434792636291 0.601065312013723
0.569989922305738 0.658697713232092 -0.491150497355659
-0.506889680683809 -0.162185922554437 -0.846615956701403
0.965108067799568 0.0782803972780471 -0.249877163562771
-0.711332024341941 0.572493666738405 0.407747167605137
0.0211980898287914 -0.99848638858354 0.0507501014876847
0.241458134097201 0.789883606902895 0.563721435661597
-0.1553054496069 -0.466009005613968 0.871042951873832
-0.687307454233061 0.683530258806366 -0.245753634056085
0.787195622741199 -0.430165924715938 0.441905339128617
-0.0939488612247796 0.290376699940275 -0.952289338177406
-0.792872362216631 -0.481334022677661 -0.373725803024037
0.0618275183061807 0.844236639571163 0.532392575441928
-0.958863743678974 0.280539838094601 -0.043332670120808
-0.884207170465267 0.132776995947438 -0.447825802120624
-0.419171834354772 -0.303747185158483 0.855589049013575
-0.430996479747693 0.559570866244897 -0.707900049509133
0.725114676944636 -0.684301771353414 0.0770700395877399
0.432568086544662 0.684850294888957 -0.586399969384036
0.667105106913662 -0.500772038709341 -0.551541604574489
0.33292163005791 -0.939705617536129 0.0782083154826024
0.881864445744516 -0.2922246493428 0.370026828281675
0.773564537503913 -0.105246185097403 -0.624916911948141
0.833932322809879 0.185706030403915 0.519682740953113
0.150616188248899 0.620172099936187 0.769870982891362
0.565035923854546 0.824406821486317 0.0329817743711099
0.626656997125757 0.709048910500569 0.323342930139636
0.029797387424926 -0.440456618832353 0.897279266800153
0.737109711986802 0.136411126963721 0.661861977254489
0.845294828681281 0.30160313243036 -0.441035376260089
0.622840573026378 -0.662658721863203 0.415876230302718
-0.779827757981508 -0.618435960881354 -0.0969826281881996
-0.220662111792484 -0.00640345073396066 0.975329292207498
-0.732642357593752 -0.300307015409623 -0.610778906278887
-0.412588330136478 0.328469445613689 0.849634446767213
-0.523354771594821 0.0265190785180557 0.851702131923765
-0.493480324047702 0.81003533789316 0.316733201830957
-0.243823932210997 0.20834395448783 -0.947176164559445
0.451317409518564 -0.624096845518002 -0.637821074659604
0.992689528072567 -0.119066545077255 -0.0197650878679897
0.219542670306408 -0.908682125559168 -0.355102535338746
0.362763074905693 -0.895984094742662 -0.256155135519745
-0.924274922478885 -0.337510775349461 0.178332117689599
-0.610332936169435 0.702252638458694 0.366517310375103
0.337911281143327 -0.733614047732078 -0.58959850325983
-0.944061164501119 0.136405694373047 -0.300236580421837
-0.358621964393203 0.929491456966502 0.086231769557689
0.909585512609995 0.0302611550485286 0.414413389920189
-0.777646076740295 0.409579708537265 0.476981175398942
0.024594704192204 -0.67361921648802 -0.738669243778136
-0.73611745289715 0.627726022946987 0.253162271390055
0.026958351544288 0.185165781469932 -0.982337457625761
-0.0552209311895642 -0.0260333540238466 0.998134716978037
0.612872147220551 0.401432696687724 0.680617015061549
-0.259295746325215 0.313756545242791 0.913412582711098
-0.278948049000858 0.464595789160527 0.840439610354559
0.39078928864461 0.886159767242587 0.249007226403582
0.482290699142751 0.435028494604742 -0.760359053607129
0.468854954748603 -0.741891215258767 -0.479345862743755
0.443345584073767 0.622778864931705 0.644663616529325
0.029597410240277 0.928823469218555 -0.369338538925843
-0.396689447547855 0.170271322166086 0.902022815150477
0.541106430406009 -0.189491742262261 -0.819326986366054
-0.314159482148733 0.60482745817439 0.731770159007831
-0.573956159228145 0.479368106311461 -0.663913056006161
0.0336507181886748 -0.77348371080993 0.632922252948249
-0.34311625466775 -0.158290890869419 0.925859184568875
-0.598969006761021 0.789362643392895 -0.13469501162069
-0.254616231106242 0.0187107973480502 -0.966861148728116
0.9020057783823 -0.367032540428757 -0.227316277532768
0.536283640569509 -0.619831660958467 0.572894902168785
0.0905955901700005 0.97583892482549 0.19882361991771
0.071348304111524 0.231830647500066 0.970136057664135
0.89477021877579 -0.43208164584638 0.112657476070644
-0.230419635827059 -0.930109517904303 -0.286012370587622
0.357682931874207 -0.311605444590118 0.880320945535017
0.712616421086681 0.453227666951145 0.535502117930109
-0.660335551768021 -0.520328635076744 0.541493370772344
0.566437270268104 0.277955276767716 -0.775815495442184
-0.296619516473603 0.924966599301451 -0.237599774039614
0.461949801094067 0.775945275129316 -0.429547798590148
-0.367241806893141 -0.245840006311855 -0.897048575366155
-0.0669639959586355 0.787237281772546 0.613003495448945
-0.898540434426673 -0.122688119641643 0.421393774276654
-0.960381199042979 0.247872429461837 0.127386071599119
0.31942774690246 -0.797636214822112 0.511607645870418
-0.870274212578139 0.153449530119263 0.468055591385978
-0.857743056990778 -0.411039631604608 0.308744667054287
0.9944875618071 0.0305442182226074 0.100307228773104
-0.996816615493122 -0.0414068997687392 0.06813298561181
-0.37706568027967 0.00716755876592529 0.926158787064382
0.116266520273875 -0.103771273871992 0.987782171828581
-0.093342884822027 -0.0656981542657567 -0.993464069999099
0.747969219496142 -0.564178582111764 0.349634915551482
-0.656697247998312 0.0549156793812115 0.752152240327411
-0.938936506290099 -0.343773670237637 0.0147614635821419
-0.159713871352384 0.975243722166252 -0.152941693703675
-0.500974480753973 0.852602246618614 0.148640434250506
-0.574656534164091 0.630075019869073 0.522278983953502
-0.820143452072087 -0.338720712357796 -0.461121455847706
0.180338716878379 0.940867371202935 -0.2867865704672
-0.586431570585266 -0.547706011490266 -0.596754671534562
-0.474719563748435 -0.484835992335868 -0.73455795981678
0.84807262468148 0.486975230841578 0.208873042331121
0.027457397484674 0.859597479863502 -0.510233538622938
-0.241023589532273 0.155839675168136 0.957925688627499
-0.785866516652006 0.260834307592583 0.560695355775255
0.867054621481119 0.481173725720324 -0.129182541562926
0.930146826488167 -0.0383317961401181 -0.365181536470102
-0.347552268679655 -0.406662289272708 -0.844886503039967
0.787712723550505 0.611225381401804 -0.0768908205630943
-0.317401711891326 -0.792500772233479 0.520767394618552
0.324916017701114 0.455851115616786 -0.828631004628828
0.804607907629711 -0.284610953709566 0.521155178433708
-0.410892853328722 0.840735019419361 -0.352606991146387
-0.536900690671213 -0.818415631345714 -0.204776714315301
0.592127058889488 -0.320786818924771 0.739243777745211
0.67121785830204 -0.533319638575001 0.514817200379565
-0.468835978338109 -0.844150735595835 0.260004540361817
0.613865330270018 -0.131180867831231 0.778434927407247
-0.154884789990044 -0.789014236646502 0.594531106165924
-0.149961602245157 0.53849103788441 -0.829179666881814
0.334277052384252 0.87081394241272 -0.360474589879663
-0.424071231125846 -0.901794961017457 -0.0832432532697525
-0.425745161571546 0.479589498597942 0.767290668673218
-0.215626039047927 -0.589324710930648 0.778589619999529
-0.154847964301992 0.582867202834375 0.797676583466984
-0.788054658584935 -0.558001101611852 0.260008895391178
-0.0156011379347238 -0.541376155000518 -0.840635749472979
-0.627056140590392 0.75195499721485 0.203382100273102
0.828625372606145 0.0281477434859487 0.559095426926367
0.934535814165179 -0.198155861397044 -0.295596120807803
-0.667222063870893 -0.729062126811258 -0.152588114652849
0.462574274744533 -0.406140214854867 0.788083222903655
-0.0818036868058427 0.888441649056934 0.451641000182631
0.219404366803364 -0.958840220421332 -0.180241936102525
-0.234449905107903 -0.156025289829882 -0.959525586385479
-0.6267252873134 -0.239897990950622 -0.741393531250301
-0.698305389531205 -0.238182144357597 0.675010258485668
-0.626996760948281 -0.111262405483106 0.77103549781218
0.49284855034977 -0.223722477843332 0.840861795615528
-0.1941178203824 0.708172316058895 0.6788300542682
-0.253567949423359 0.884180279999298 -0.392337262423028
-0.05343531506976 0.992422970792447 0.110640472463247
0.686910023941373 0.726425354285268 -0.0214668036834672
-0.704645053181123 0.228947922292144 -0.671608664257306
0.887378521414672 0.344102122119317 0.306843753863254
-0.0963757381690567 0.290194057878788 0.952102476556076
0.53153525030185 0.554646714346245 -0.640185363743552
0.158489280820741 0.979429611742594 -0.124895090002275
-0.973612353975237 -0.192384274054893 0.122748830068439
0.383548494799895 0.576493854048744 -0.721488314791557
-0.0926315927482566 0.665966382141273 -0.740208190904819
-0.589233035916657 -0.7405493096077 0.323096192215259
-0.213163317665428 0.822246249252934 0.52770494179167
0.867003716604307 -0.309038153743247 -0.390896373640489
0.456132209565333 -0.869647696881671 0.188828733791899
0.188221383456369 0.171070580940634 -0.967113006399151
0.122922271463133 -0.939778618122874 0.318914195509396
0.622786749498247 0.0653661942929333 0.779656286637302
-0.118977213588662 0.441739505124853 0.889219113750221
0.0763791635070839 -0.133070958972212 -0.988159067792314
0.623191963524188 0.403882470589769 -0.669709434418518
0.748542282289685 0.0642750168888349 -0.659964524674235
0.909149236140456 0.190230395012256 0.370486252428759
0.490493944447526 0.139581657439709 -0.860193380215572
-0.194850447094211 0.980753372876444 0.0124949933439483
0.688886032227412 0.616391924188085 -0.381440729862037
-0.264935196893888 0.630691919300273 -0.729408695023671
0.50910761315649 -0.0291601229084562 0.860208768531259
0.382264052004381 -0.121226733982563 0.916066740752612
0.927544221560285 0.343396270913179 0.14744734033901
0.836222735820121 -0.525329230707556 -0.157355443063532
-0.134019498892611 0.856660444479066 -0.498168301662703
0.769484196744829 0.472133197963928 -0.430098028756607
-0.40199608330159 -0.742585721348179 -0.535691698143612
