# command_history: dirgen -cart 0284 dir0284.txt -force  (version=3.0_RC3-1000-g3151ed7a-dirty)
-0.475969850484636 0.759543689842135 0.443335183186072
-0.581823389113329 -0.765363730557858 -0.275136155070972
0.167156516106563 0.544902013889028 -0.821669333967624
0.199423323875505 -0.838228779370452 0.507545910563338
-0.408096967220269 -0.884072826322684 0.227754479875675
0.281672441948377 -0.760263646664432 -0.585371525620557
0.972545696871829 0.198260293704058 0.121851234858201
-0.443306910352453 0.383294892903959 0.810286374257586
0.620326897390498 -0.708053508579798 0.337423723768375
-0.290561619241984 0.442812583197514 0.848228130626084
0.297299142686574 -0.933141317094104 0.202139808275634
-0.79580591991739 0.604298276842518 0.0389426556567402
0.256961654030536 -0.896938941650655 0.359821126823447
0.0627922764537377 0.444724888895189 -0.893463431380893
0.472668180277134 0.443845709503023 -0.76130531162554
-0.0230212818373976 0.393136923404403 0.919191699287305
0.254831042912911 0.957413778700413 -0.135720285596937
0.730072729356336 -0.184643640642121 0.65795177317233
-0.0937380756532289 0.436804358089183 -0.894659223351063
0.102865795593032 0.661641518877716 -0.742730858786817
0.59966737162361 0.519972098372156 0.608299318037172
0.922883335763474 0.372921433488418 -0.09599975528628
0.966133766422235 -0.183201864082143 -0.181721276617829
0.710372700287388 0.0721884088547805 0.700113890958764
-0.477150478133764 0.864577565139883 0.157585072495818
0.0228022150408018 0.838369015136542 0.544625975737677
0.830143455292294 0.240063184396175 0.503221135419548
0.413771215843845 0.757820776093632 0.504480973139673
-0.113950223256454 0.155253344181201 -0.9812806661401
-0.658226528616508 0.731877263417665 -0.176333514448421
-0.943302692520143 -0.0124976114444501 -0.331698417229314
-0.867078452196435 0.495383084478111 -0.0526360841019495
-0.691546657381419 0.585311014457048 -0.423289779016513
-0.0207813231732709 0.987894787772983 -0.153727111786245
0.865157850285714 -0.435048242793736 -0.249469277729915
0.078019643580628 -0.620913089185997 -0.779987096619588
-0.00296049562997692 -0.564159843522077 0.82566028511899
0.25902549486082 -0.137439833779118 0.956041884596525
0.0366616925816445 -0.845126299127138 0.533308033711022
-0.143495187099643 -0.035925476576859 0.988998731754477
0.933519627618784 -0.329139874026842 -0.142155014600547
0.951818536716369 0.119681172873178 -0.282343567348029
-0.602515437410997 0.76755282308996 0.21871856676576
-0.284849824234258 0.747326693913151 -0.600302748784771
-0.863831101253428 0.235440693034621 0.445380184304003
0.816430892966263 0.098684799594422 0.568948070863519
-0.570219588690653 -0.693995627200108 0.43956761721104
-0.287035912142884 -0.273037480034849 0.918183489089475
0.847897470627983 0.50363242749052 -0.165602709164661
-0.975457915211748 0.0318164864413849 0.217875117535885
-0.8313308439074 0.382808771902793 0.402922414519825
0.268297826787443 0.77554551138924 0.571441541984076
-0.636231572566796 -0.711919278970089 0.297288288198325
-0.85130052058651 -0.236560022788746 0.468323370404815
-0.578740924898799 0.465169130731941 -0.669833279004092
0.0580003449522964 0.905977654880334 -0.419333338577968
0.750918952152933 0.618310091482424 -0.231977063669099
-0.235479216919762 0.575376003770412 0.783257296604408
-0.645518896528378 -0.347915309358373 -0.679897265576831
0.392642907222767 -0.520274614805851 -0.758383723847154
-0.786024507419621 -0.613764482784208 0.0738825649823846
-0.690776856726066 0.722725429197809 -0.0222550713883323
0.89719358064967 0.129544469582284 0.422210740320125
-0.20176817373132 -0.892989946760712 0.402316491152711
0.203451496293092 0.147582152860095 0.967898236806578
0.928385171499033 -0.249669518035345 0.27525643517402
0.618355644122498 0.182062117435481 -0.764519249448148
0.105238869035033 -0.109249561251715 -0.988427697816353
-0.161478598659828 0.00211637161859352 -0.986873944911928
0.164611974952954 0.856169725997548 0.489771679446017
0.228694197446191 0.415241002227014 -0.880496379392867
-0.58226310692305 0.316149777161888 0.74901201106311
0.561028546121295 0.802879657753102 -0.201571886936865
-0.42767462172093 0.719707262275202 -0.546914869576786
-0.876559241779484 0.0144656085826802 -0.481076544657198
0.183225762591023 -0.291550141787484 0.938843349418121
0.460217224022898 -0.887781123870441 -0.00669199611433436
-0.386542990927717 -0.305074420640108 -0.870352867540377
-0.111072694765981 -0.990553708838849 0.0804127252555417
-0.366721011553821 -0.678302940448082 -0.636726645166062
-0.568272463114858 0.818367573274593 -0.0856791846251257
-0.411525264936175 -0.00794933766236403 0.911363683909964
0.281254335316373 0.808898418522661 -0.516313226033658
-0.59972711613641 -0.790785589228771 -0.122415432192231
-0.107290691540524 0.907476275030622 -0.406171783566145
0.0653603366968498 -0.25298190915385 -0.965260679830971
0.391745109027688 -0.392301173547508 0.832247294249812
0.66719249801051 0.431472977301006 -0.607194565569802
-0.964768851351744 0.23258055149509 -0.122993294645184
-0.485834448433432 0.236125282531209 0.841551982746722
0.0870128190334583 -0.891178923081167 -0.445229038113804
0.681767765549656 0.718466563899753 -0.137835084124149
-0.740138393824908 -0.478431027008317 0.472545141105115
0.931315476717419 -0.149519997268026 -0.33210729176514
-0.356525009613018 0.836394252907506 0.416334686548854
0.677141915540643 -0.592089758719943 -0.436930822713286
0.330186011479977 -0.269858553264829 0.904518412777075
-0.363200327934359 0.635852600671506 -0.681011741460936
0.548820477243672 0.721524398427101 0.422135791224149
0.734528293849462 -0.460506308399666 -0.498399564063524
0.875110004798948 -0.0799528165050026 -0.477273534394798
0.131379850649289 -0.491602303434229 -0.860852199916763
0.353886130922851 -0.89785127004234 -0.261968897435958
-0.24184940420793 -0.2925795318507 -0.925151924402849
-0.211380131188423 -0.959587700598332 -0.185768363827568
-0.947908370908933 -0.164293936128572 -0.272905153692915
0.834560779105431 0.377624463736984 -0.401133481981112
0.398500306566699 -0.865509667528743 0.30346420065723
0.616867095611466 -0.16097729297459 -0.770429294288871
0.625410348353386 0.201818214199237 0.753744853773428
0.742826290533124 0.346695346909115 0.572722828708938
0.995902308727266 -0.0573464202027993 -0.0699283888104432
0.338364881784218 -0.300395256644329 -0.891780183991963
-0.890745911778457 -0.280093235869762 -0.357937843584569
0.594407712070934 0.357913858032789 -0.720123004811457
-0.493029161956576 -0.175112984041467 -0.852207538267815
-0.667420304900447 0.389674613566903 0.63458949892673
-0.181171197980126 0.697746412903046 0.693056231703733
0.730924891939417 -0.629792677148497 0.262887782434789
0.812115652988471 0.388534623691514 0.435326328590406
0.716790635635145 0.087829172247071 -0.691734935627918
0.482712486576751 -0.821344550567779 -0.303943719388152
0.060607423573095 -0.671797286040898 0.738251411563781
-0.35137948709577 -0.162826736124969 -0.921965243407366
0.413732510798165 0.585077185514726 -0.69750275734137
-0.130069431135271 -0.416624245985077 -0.899725614141063
0.276152676535408 0.432302542575237 0.858402126584805
-0.227497777798806 0.846248136147969 0.481776766939517
-0.661656805666807 0.327045413688096 -0.674723327668741
-0.997039591071289 -0.0724046858928416 -0.0258769259603161
0.523141751009606 0.311831763175848 0.793147943214407
0.437913207806172 -0.886617433769499 0.148800364800954
0.58940469851872 0.0566592091281059 0.805848518882447
0.476560244658011 0.873431198372336 -0.100041366051063
0.360028105157343 0.84997081791786 -0.384615876147693
-0.699557928662333 -0.262732933105782 0.664522467872455
-0.263445939506459 -0.631577662212107 0.729181660186438
-0.706519637550725 0.649073564877669 0.282016859659467
-0.0796847442265393 -0.651425390312152 -0.754516601801585
-0.540192568978234 -0.441909157968154 -0.716176154674654
0.0424371085901245 -0.999088264821468 0.00466164247212476
-0.782676491121049 0.0429145349634581 -0.620947544431341
0.766869229902931 0.335600203377555 -0.547068631636863
0.245407827472716 -0.41834724650195 0.874505905960251
0.378090938119515 -0.15054264124464 -0.913446306949124
-0.0683083321545381 -0.967638703730719 -0.24291832125346
0.179712471642251 0.180864049940647 -0.966949648624633
0.79885788748505 -0.161707310799164 -0.57937623461532
0.197613066327677 0.741782968327 -0.640864341274
0.326599514077025 0.504275869036334 -0.799398902496307
0.0323760536479868 0.169892448524626 -0.984930630595115
0.799644408583121 -0.569259212933186 -0.191083145024466
-0.835153698332621 0.15633129554405 -0.527331798960451
0.701664756972759 0.688984506648161 0.181567944365599
-0.509628052701662 -0.276038652993313 0.814912209966908
-0.560790114666214 0.675435327062348 -0.478854431167588
0.516016778067052 -0.0803300558345926 -0.852803474947722
0.537689348331102 -0.459403856194353 -0.70699240562048
-0.195465922978088 -0.919990448836659 -0.339721425588152
0.12691209910109 0.833185676851843 -0.53823317158151
-0.303749504634751 0.534031764967107 -0.78901604067361
-0.472083911357258 -0.856459030784753 -0.208841349413554
0.993318316612421 -0.0829713573967699 0.0802151839367284
-0.496847487905058 -0.648088021352395 0.577169377515795
0.178966605319791 0.550079755051276 0.815710253253592
0.497944238819829 0.7975116653217 -0.340626890749907
0.700832807229809 -0.434364552384963 0.565827546114359
-0.412554663715804 -0.187850163836173 0.891353445830027
0.889769972838736 0.380902804489403 -0.251440746432759
-0.077453052077537 0.951075868071944 0.299091487500183
0.756121051570348 0.530595130585069 0.383079316554111
0.415337281064532 -0.711967536165203 -0.566213007979128
-0.384781052318617 -0.360966679175381 0.849497850675136
0.225163268890633 -0.208507038655247 -0.951749083095804
-0.909164347313827 -0.246728737317353 0.335477450442212
0.309176523148332 0.0152931708179955 0.950881694250258
-0.0214277782120841 0.734888571233881 0.67784927394718
-0.433092946963009 -0.758511169081576 0.48692022515952
-0.881989094616276 -0.0938041135183082 0.461839826417131
0.482990253794213 0.873797601410597 0.0565523342479272
0.446200195725524 -0.504447733751007 0.739214359470903
0.0841896133362138 0.992826872310509 0.0848935252208926
0.787503327483187 -0.512995505397103 0.341575936865112
0.966877906139348 -0.106531318253823 0.231944374475203
-0.4854927209965 0.779216054495546 -0.396382590782958
-0.667101675987473 0.0695461064512198 -0.741713349598199
0.125418898641883 0.764554793690795 0.632238932135537
0.274190445779588 0.92117540935842 -0.27614392015132
-0.861883335114182 0.277010452132197 -0.424761493148767
-0.173833831506477 0.979356181831315 -0.103166216042683
0.181991281897875 -0.353415058883504 -0.917593030415738
0.351070173372451 0.70614714010642 -0.614903203673359
-0.153594497401695 0.554943578779675 -0.817585686481318
-0.472025356939538 0.241243879414662 -0.847934816510719
0.627224958389916 0.573116592298125 -0.527376737451846
-0.935070904134045 -0.349709479782073 -0.0578418878710842
0.908789013031272 -0.29478363216018 -0.29530516420154
0.707049454196127 0.476988474688433 0.522075726629155
-0.0533221331929272 -0.917189372271683 -0.39486757970696
0.482053259527482 -0.591262610713091 -0.646554854712011
-0.706944872016518 0.695190182210033 0.130152059101385
-0.412361823968571 -0.44250841282449 -0.796331608510465
-0.871298533164383 -0.490672487281306 0.00890933952496468
0.85284556209929 0.431727820302358 0.29370995281829
-0.986983142889192 -0.0983147790912749 0.127273248818464
0.606789970322781 -0.214441991593671 0.76538915863567
-0.637719010385843 -0.607407384842869 -0.473677878553399
-0.539734807035643 0.0912794471105275 -0.83687179460739
0.335462766612068 0.900484305371053 0.276753948476602
0.591705544777384 -0.803284168431313 -0.0679639097412205
0.772613263899159 -0.624913517916879 0.112034992622122
0.194859206981372 -0.979634444350663 -0.0484380521528159
-0.705820648304894 -0.707950432052008 -0.0249679431238143
0.951891709801625 0.24641806636157 -0.182154630414835
-0.00424392278376025 0.954741098306649 -0.297407841731887
-0.83686227785963 0.51008411987386 -0.198684973131088
0.702243486116138 -0.240979791406228 -0.669912551264167
-0.121603465046822 -0.316553236744665 0.940747918198644
0.723548867752061 -0.0760971011313172 -0.68606578924628
0.321735314149823 -0.945637036020996 0.0475077228915468
0.5367485673959 -0.80724559124817 0.245470020183405
-0.597842278742799 -0.80080602722075 0.0359766106593818
-0.618991496196487 0.525649304217827 0.583560053989089
-0.334025429527027 0.645696545861066 0.686660748180915
-0.499081842089248 0.60276262785554 -0.622570903076499
-0.877601611816392 0.469585634850245 0.0964610930871253
0.558143513849753 -0.648727334298348 -0.517328390562137
-0.912805501017484 0.375062512849018 -0.161598975144029
0.0326646181602242 -0.308042169894417 0.950811781735579
-0.359555652447979 -0.932302791948643 0.0391310224434947
0.868934679229415 -0.385530208251886 0.310352995406411
-0.0104641341113257 0.0184651901554639 -0.999774743954769
-0.216141401210926 0.659864890085734 -0.71962575100862
0.129463554552593 -0.764300788499305 0.631730553908823
-0.225767704937833 -0.673230501782393 -0.704123309425935
0.598631405649166 -0.712336969923503 -0.366355676154618
0.873403688846721 0.464882553212617 0.145086898193662
-0.934624555495217 0.355474813779732 -0.0107050004032302
0.347068642887068 -0.818016077935629 0.458686225390888
0.401232685974819 -0.116256367762936 0.908568538229231
0.212016589578092 -0.956806779260797 -0.198921474215971
-0.798633334073526 -0.595798064059755 -0.0849085659356746
0.321317229539532 0.565412555523858 0.759647207628002
0.530412846920105 -0.358565687939171 0.768175018634958
-0.308531309833182 -0.848934141265107 -0.429091196189222
0.92434481221786 0.318551327494256 0.210027902616713
0.264888758747029 -0.0582791142896806 -0.96251622860452
-0.452686099932208 -0.0321875440049268 -0.891088804182332
-0.0908335118233707 -0.27579491605887 -0.956915062796022
0.982931002293268 0.0441158050328398 0.178606944089687
0.736302163705322 0.211152908142422 0.642863572700974
-0.775073919837394 0.295488842680538 -0.558521944635314
0.624579781569597 -0.555906720007777 0.548514188608344
0.511994003888077 0.64918928200611 0.562508147595256
-0.973747027010045 -0.22562131865267 0.0301951644892027
-0.0635125966455783 0.986874288696922 0.148476558339288
-0.153277486743918 0.954727504222325 -0.254953730584352
-0.30071113874951 -0.0966935988939292 0.94880090586219
-0.697124006236777 -0.603365862064177 0.387256706105833
-0.787443939221292 -0.568818078093259 -0.23744059597707
0.677615539631079 0.656655344091554 0.331120732553075
0.457504460121069 0.566881624188795 0.685080209264874
0.79250646963003 0.165257538023512 -0.58704637101421
-0.350775331485809 -0.928517070645193 -0.121707503225933
0.0339224087146446 0.76224824297622 -0.646395301859986
-0.913374042587782 0.134039947913452 -0.384423140159657
-0.447038616829507 -0.819418566622302 -0.358761324194531
0.340891229889033 -0.933889313305822 -0.107906996427118
0.551067824398139 0.51765864670258 -0.654487416538436
0.222956668218848 -0.912002028452119 -0.344300194882272
0.977344384629057 -0.209567754171454 -0.0296531658610618
0.802534957348949 0.503650945887749 -0.31980207463257
-0.811233237581801 -0.00886102428537695 0.584655553716172
-0.225045676543524 -0.973959468449589 -0.0275208518483932
-0.625450513562097 -0.00428256792492878 0.780252084070832
0.776015748804622 -0.316939632420498 -0.545297008068411
-0.931862720463594 0.00026825463876775 0.362810967653459
0.121665195431769 -0.801119774068107 -0.58600741276678
0.78767937827699 -0.418420802525406 0.45220043017579
0.0509711507878863 0.130434607373964 0.990145825111917
-0.523260343763006 -0.0957405986904414 0.846777627483991
-0.779627403840304 0.521022438985144 0.34744313096563
0.0262749188098274 0.528072097440269 0.848792959764966
-0.131517469189404 -0.960578541744259 0.244932685524996
