# command_history: dirgen -cart 0700 dir0700.txt  (version=3.0_RC3-1000-g3151ed7a-dirty)
0.612100477450089 0.568785209299991 -0.549378185940194
-0.781494936123255 -0.331326034300669 -0.528666930882102
-0.789394045865853 0.195371089776894 -0.581968364802528
-0.393494097599584 0.915512935824016 0.0836567958577177
-0.715896393443226 -0.361409995576697 -0.597390298676028
-0.933222730945346 0.0548364681578858 0.355089138396092
0.404857397477155 0.0318989272869337 0.913823257608367
-0.593506191049767 0.478247648620331 -0.647324947591796
-0.920196289052574 -0.25663758135555 -0.295594217551435
-0.00790994935857459 0.26511481355946 -0.96418440577126
-0.521297702055013 0.463960555942311 -0.716232719415879
0.745243580477499 0.524613856351589 -0.41157296738366
0.839003057421384 -0.224568768030129 0.495623585055231
-0.884674001655399 0.154807281905024 -0.439757451630103
0.0329411548665826 -0.891215487213019 0.452382399820901
-0.0677127570527274 -0.308699763856093 -0.948746245487965
0.649979733039712 -0.432866278959347 -0.624622390871087
-0.358249340354363 0.887336870263414 -0.290328587649914
0.0986786657611053 0.85275626296393 0.512902794786109
0.914844231084503 -0.362147580906423 -0.17863135921509
0.308083844794243 0.599466426171015 -0.738731580799513
0.0691947799841472 0.932506867652046 0.354461597644533
0.335845988369281 0.24455590514794 -0.909615238083407
0.362474022997497 -0.848179429118412 0.386269645031
0.56991687089287 -0.818819183203696 0.0687743083521112
-0.217685449042239 0.967280455229492 0.130313338558665
-0.508377548963541 0.828700217208758 0.234111549710775
-0.352044187248843 0.821949474898215 0.447732007945434
0.0916689119145049 0.108409994976672 0.989870740843252
0.140722305672404 -0.774002029578359 -0.617347625649296
-0.538677902685655 -0.560587582798782 -0.628941713650798
0.00726480697005168 0.997772827549397 -0.0663069165605596
-0.00109267897776484 -0.845839208450351 -0.53343681865872
-0.534659306178705 0.343109713425084 0.772279192306683
-0.55532951747831 -0.708408407197648 0.435622147771436
-0.850054567977787 -0.460238018907674 0.256101927778838
-0.124679102848151 0.808077879752036 -0.575730198589959
-0.914775032392269 -0.116221614486609 0.386883931480552
-0.727511836016173 -0.645850621729786 -0.231524302974063
-0.348476833038664 -0.899473370725564 -0.26365043559785
-0.698586091304793 -0.503862387668161 -0.50803559651744
0.486974518584569 0.41647685621755 -0.767725762550973
0.981087880251374 0.173234515660972 -0.0863502970902472
0.272590844006841 -0.925366938506366 0.263420312206546
-0.259567918136339 -0.613304894494499 -0.745976944860535
-0.387669038536231 -0.90152615389384 0.192258446903576
0.338819598498731 -0.0433368548838182 0.939852752659659
-0.447785596543913 0.741465341791846 -0.499717126431858
0.796163740590759 0.60306829172177 -0.0493146396957083
0.83720803548888 -0.434528463776029 0.332065836064619
0.244138298659222 0.395357956776628 -0.885487762276358
-0.291195673871704 0.786013352961879 -0.545333006963662
-0.0907097385775171 0.975873391719483 -0.198602282618077
-0.434159328626292 -0.900390504358156 0.0283304964381769
0.812645938505504 0.386590526650932 0.436066902360478
-0.448956029359516 -0.581496655844914 -0.678454215804515
-0.39340187125611 0.848433334520869 0.354112756852943
-0.303926281460592 0.876211561230409 0.374008175584045
0.678472149455814 0.726695172533858 -0.107655323271976
0.293409775521642 0.675465406320077 0.676503650022077
0.171364312512317 0.0548267552610615 -0.983680994685129
0.180341783203672 -0.70924543385279 -0.681504039452362
-0.300454944923801 -0.669328318873022 0.679504545698886
-0.515113030474333 0.822061837266899 -0.242637386947931
-0.844119429791368 -0.134602767288663 -0.518984087701087
0.465129298401599 -0.613230239391202 -0.638438257989483
0.558905088744052 0.822337110274183 0.106708850813373
0.427025824762905 0.365219937427342 0.827202116952761
-0.120827236613182 -0.980096758753569 -0.157515467091871
0.883689006109382 0.274232665556257 0.379328598478051
0.217691065152041 -0.636982382319107 -0.739502565761637
0.854427845063901 0.494116962969485 -0.160628404976429
-0.937002674248908 -0.0831386379513095 -0.339284475521643
0.116791637235838 -0.442720828482425 -0.889020799250281
0.366313600783004 0.925649770562295 -0.0947989880713954
-0.329205529760049 0.90079778105215 0.283173227595633
0.250060542589624 0.30051763740087 -0.920412339471165
-0.228917105870189 0.972883247347842 0.0330929852073637
-0.699638189959741 0.137763300123089 0.701090348164238
-0.349293588562808 0.140258100012832 -0.926456504305359
0.638211178159983 0.110895578336558 -0.761832437467089
0.160055311328152 0.620202910943363 0.767939220624281
0.296035611677541 0.941788160324736 -0.159367429830734
0.121946367301412 0.55075303335816 0.825711922978453
-0.766785361162683 0.389809265363978 -0.509989163162327
-0.997444907859293 0.0698337111571258 -0.0150634847093889
0.284365269124932 -0.482370786487883 0.828525689437911
-0.551796911856854 -0.755115998335971 -0.354005645607961
-0.249434464292803 0.111539618433178 0.961946652129287
-0.862837115940293 0.344104258396673 -0.370276073638458
0.222310739153377 0.545713400430114 0.807944812377728
0.592228581118116 -0.760129640234104 0.267335440494512
-0.639252756415646 0.718323942464042 0.274529829158716
-0.279801847187854 -0.464380308383478 -0.840274869013665
0.0801312157510446 -0.991878869665879 0.0987689028621777
0.503522540452203 -0.852010665093997 0.143327868269382
-0.152666174665889 -0.448409296614619 0.880694125007353
-0.92194710364773 0.0843904791955558 -0.3780102976067
-0.255835356427296 -0.0992402344368799 0.961613043937441
-0.167596929350527 0.0584782463755724 -0.984119689861509
-0.687257941986059 -0.708165855556798 -0.161795062349238
-0.837866785137473 -0.299813484914268 -0.456170061081345
0.517532252146078 -0.741192450683706 0.427544288978453
0.498573164678965 0.865971067767248 0.0389731863215524
0.219028060938558 0.967078133475659 0.129563082221485
0.750200054648866 -0.587689828917619 -0.303019047242279
-0.595399579249472 0.209220077802226 -0.775710190776157
-0.400278527548368 -0.869097940651525 0.290595715623937
-0.312516681824554 -0.0550547630274853 -0.948315504802783
-0.291268771184353 0.721548592404462 -0.628116336144744
0.889446113182154 0.456998462072937 0.00616582582700992
0.378111011397855 0.911052617456515 0.164362986360444
-0.253585255882059 -0.201186220036668 0.9461599351413
0.338072534879486 0.0393220863785493 -0.940298215824638
0.278922382817461 -0.391652005723776 0.876818687515254
-0.700161699802391 -0.0480175511236959 0.712367818555772
-0.778397164108757 0.593555957543467 0.204424020536001
-0.234814191328606 -0.880595038566852 0.41160013800063
0.0188760513183857 -0.466809226981579 -0.884156570009795
0.37283650919346 -0.734876259650526 0.566524333470759
0.387524665492092 0.659461282817154 0.644154833949413
-0.869552476394945 -0.20180760941314 -0.450724061459306
0.092014444441988 -0.213501448384386 0.972599852740993
0.866242922848158 -0.161316557588797 -0.472863793140456
-0.518422115132499 0.786050010087715 -0.336695548207353
0.122564445716413 -0.912389065944621 -0.390543402185892
0.445060920649038 -0.444958159357554 0.777131271621576
-0.941102198202719 -0.222849680888359 0.254292493530514
-0.403724425464895 -0.474640775358622 0.782127050197094
0.548353936386652 0.655387412859183 -0.519398979123958
0.388145800846413 -0.332957151890652 -0.859349970786153
-0.263339047650269 0.950493133290837 -0.164970753618988
0.675778208976226 -0.550451244233552 -0.490231822706992
-0.87301922218556 -0.103023455872249 0.476679772210505
-0.202672646243826 0.812219895360626 0.547012467906261
0.804419418679075 -0.517269234333534 0.292133425105752
0.0855898996247559 -0.0919444862964657 -0.992078918494846
-0.228696932049171 -0.743353799865247 -0.628587974349809
-0.129219615951636 -0.698249055895764 0.704095552317998
-0.132829848389436 -0.619773089466368 0.773458175307594
0.0871866839538827 -0.110403337217984 0.990055344550121
0.00317787212924745 -0.164536934395793 0.986365803517318
-0.350785232904194 0.916518591118797 -0.19220664012975
0.247809319478705 -0.00773620414144861 0.968777937571342
0.890562304379934 -0.43859031425023 -0.120570801869217
0.452932659469297 -0.876964230518787 -0.160579402093364
-0.0646696266162505 -0.800338619496368 -0.596050277691373
0.56166730420706 -0.769406816970798 -0.30420879241672
0.744265470513348 -0.477550956343343 0.466919686345631
-0.612368737396797 0.537437935571118 -0.579797373974829
-0.131952955244589 -0.767380280826503 0.627467865472692
0.910096076540631 0.334145240528514 0.245096082582914
-0.131509995748828 0.989774679503795 0.0552377120389962
0.765629732743492 0.0677804584713533 -0.639700650139222
0.037865218807105 -0.62933375859583 0.77621211372687
0.45390139077628 -0.675687989184775 0.580878015355026
-0.897800703650378 -0.405468323998123 -0.17189919941361
-0.0820402089565277 -0.212872816190514 0.973629584719717
-0.37795563798171 -0.292158527321542 -0.878517461767918
0.149346062742102 -0.988135652134235 0.0358285713458081
0.712821904341557 -0.664761938959972 0.223554237716609
0.258654878986933 0.795885760059848 0.547415299850318
-0.495619955349854 -0.229113568353325 0.837775526412305
-0.727282072120956 0.599584258413682 -0.334005246416825
-0.592705943047743 -0.475953264947374 -0.649744684212053
0.991901543937334 -0.0513379682363095 0.116171167473263
-0.0357939633811978 -0.894435986269693 -0.445761212591705
-0.484481528028809 0.084023371923652 0.870756982153718
0.00686238572972381 -0.966262492032687 0.257467870136989
-0.360353962826453 0.329307194460588 -0.872755288240506
0.440131132656979 -0.840931251249031 0.314832045285776
0.368714562633277 -0.430089008676885 -0.82405886677924
0.867282594472364 -0.447238277396194 -0.21862942289859
0.950604439225804 -0.271837681720774 -0.149851509571542
0.746832679985496 -0.488926299762918 -0.450768256985586
0.834902236459626 -0.248933887325691 -0.490887130912632
0.375978513855449 -0.650545606865327 -0.659871631840066
-0.695715760784618 0.455959244568917 -0.555050220690005
-0.325574451163721 -0.21569435279154 -0.920585261083014
-0.771170746902377 0.511320606683775 -0.379271560102476
0.744994651253993 0.654797454722942 -0.127370573097944
0.0673665486373268 -0.972675156385058 -0.222181881070437
0.605702684305129 -0.703432528349475 -0.371896405313934
0.663811330285316 0.629794583399733 0.403377367368568
-0.323775754395814 -0.731683394763605 -0.599840537720342
0.873199617975674 0.477039010946317 0.0997808057819552
0.197186261275956 -0.447675930365641 0.872183375062417
-0.120586383594749 0.585764429043386 -0.801460515408598
-0.0990437119658174 0.312170793636771 -0.94484905605087
0.864919848661011 0.292348480689356 -0.407977966599716
0.406171867443305 -0.129529263527935 -0.904569833670972
0.617413453483986 0.765451243239476 -0.181342277696401
0.749992819034147 0.622315146996469 -0.224130830578876
-0.98579536683669 0.145658683555445 -0.0836124549825559
0.482051033029372 -0.723921744876713 -0.493522146260906
0.0966624104280941 0.989267356715057 -0.109574063300742
0.406043584032337 0.911442931689704 0.0663354365256712
-0.439209964794484 -0.868348954419692 -0.230357765624378
-0.516871758982628 0.438534189233723 0.735208371578647
0.793345914812049 0.443232425123244 -0.417309569468999
0.947159780703202 -0.201422936980774 0.249634032688456
-0.837639931774846 0.5215625169521 0.162271025161064
0.228673991256773 0.229003709459037 0.946184710707533
-0.42205925494875 0.89888331535894 -0.117791216486743
-0.0688326626590164 -0.407455216076062 0.910627427350879
0.337934144716143 0.143508142170702 -0.930164462321413
0.871475479636496 -0.471990582990608 0.133249307542382
-0.182764527457392 0.259092296929309 -0.948403030981645
-0.0152032153759371 0.362161250139404 -0.931991465164621
0.695856994657336 0.4127334856036 -0.587736431445222
-0.319855046491416 -0.534974582187679 -0.781981422827354
0.989302591533642 0.0794281464485325 -0.12235829328889
0.994788816404582 0.0999539908850209 -0.0201099592870794
-0.826776121751983 0.322775808178674 -0.460713601009731
-0.739588266367392 0.280398843000726 0.611870644087074
0.914716321233158 0.177801941057126 0.362878108220923
0.815013751593852 0.233446717084158 0.53033500261207
0.535947549254716 0.599011979871124 -0.594932662087686
-0.426243711232445 0.0676281466372594 -0.902076899392287
-0.931065672245074 -0.364315661862706 0.0197689779292451
0.710360641229647 0.626745049853111 0.320278631626318
-0.640656822835439 -0.388644902719057 -0.662203877174467
0.0259660204519492 0.982044050746046 0.186856223273902
-0.66314645241333 -0.748393946265346 0.0119701230151342
-0.368604532602651 0.796155269588369 -0.479861943949979
0.464594363624236 0.795627589350779 0.388752898834798
-0.822618860539819 -0.272280220480599 0.499160987877866
0.340555227624866 -0.723622075562187 -0.600327601144948
-0.415444023655168 -0.712664696946208 -0.56525683802655
0.933944922500214 -0.347726791426009 -0.0826617218586807
-0.491167499970233 -0.00868575562205419 -0.871021839348627
0.323645267067867 -0.173705712836262 -0.930096804871738
-0.301300599710571 0.788808177464003 0.535723443373509
0.643611935894787 0.206883853690099 -0.736860059343766
0.687026538294773 -0.722699531505718 -0.0754978333471683
-0.967597210450762 -0.0638570887919802 -0.244290627202349
0.763509786922383 0.549598838721206 0.339107537147198
-0.551937344312473 -0.795050810362632 0.251514168378277
0.456764193610761 0.880714635651456 -0.125332366068918
-0.0237413365216369 0.455348211105093 -0.889996828973878
-0.942780217450302 0.313024314212039 -0.114809582772714
-0.980428787252777 -0.196409789521947 -0.0135125018406152
0.138394148504467 0.825814591042797 -0.546696735750764
0.461150128911139 0.590324618875414 -0.66246313327976
-0.673890088486907 0.535858606598215 -0.508652830891295
0.765421614029743 -0.592733973731648 0.250591678154711
0.97274352925958 0.0578956841204934 -0.22453978721785
-0.478562900260952 -0.637736646130186 -0.603547446914033
0.518315315014441 -0.650322107432534 -0.555365096856102
-0.177131760384373 0.956743199430681 0.230795991746557
0.480652842640817 0.816334343779189 -0.320267207231559
-0.317802335089589 -0.876086643870481 -0.36259325454752
-0.769056507835035 0.000933764211209429 -0.63918011220702
0.566106966005208 0.615723512292718 0.548094389179727
-0.85734925741335 0.510795589507593 0.0635619111761834
-0.416301729734814 -0.287136160045074 0.862696757507742
0.880368824173037 -0.0585893784074922 0.470657006919061
0.643132051307976 -0.630508312134939 -0.434557744044615
-0.267184740985914 -0.133976826031191 -0.954286395308504
0.469632263017822 0.872669224977687 0.13376831205335
0.525683994694166 -0.75034514916471 -0.400797323902459
0.811984993488286 -0.419370576208978 -0.405966365798914
-0.469321789937959 -0.435089959081265 -0.768396892885502
-0.00338082206463227 -0.133650956978356 -0.991022699912034
0.701809780805276 0.0294117930188948 0.711756965541936
-0.350686293366532 -0.781401417969916 -0.516169495068672
0.623164347518711 -0.0973462405711919 -0.776008959631417
0.687556444640325 0.696977320136271 -0.203687875557719
0.66204552403025 -0.138646582258258 0.736527561832968
-0.235927704164809 -0.917736744321127 0.319526816606025
0.0322307347781 -0.5444083901408 0.838200861655467
0.908425930857825 0.0234371771757458 -0.417388340602762
0.160617394655739 0.355402904636771 -0.920809876092643
0.906206445447255 -0.384648606664213 0.175599907805016
-0.584459118503041 -0.811341030937627 -0.0115442763184949
-0.171813406508779 0.0485203625204621 0.983933904164671
0.93403476872981 0.337784968158876 -0.116104978746643
-0.377362097306241 -0.822617671497817 -0.425321071728341
0.744327937229102 0.445742683956155 -0.497281994003236
0.986423876638325 -0.163260281281087 -0.0177205009477276
0.520808302988333 -0.374432343810431 0.76717607590894
-0.563648059808754 -0.0699083984738399 0.823051444623391
-0.101323643468444 0.949849136041054 -0.295838026690863
0.392953453145643 0.56525326268864 -0.72531119712904
-0.44104040196243 0.789911062561624 0.426056190049603
-0.596931706469775 0.301914650879874 -0.743316945451377
0.711250985486351 0.23487236990079 -0.662538304931784
-0.614061490200773 0.608941505433574 -0.502114259121068
0.314956805403514 0.913548561598256 -0.25735430117208
0.478060790257446 -0.189240129855267 -0.857698113598712
0.64325567527018 -0.759508461942705 0.0967937625579828
0.192091846886584 -0.92405311726763 0.33049441572843
-0.784642761049162 -0.166644698945391 -0.597130874973441
-0.215046143685304 -0.649048608882262 0.729719849938372
-0.184727663182104 0.502195877747018 0.844792868595126
-0.724905304283331 0.35528463274944 -0.5901568685985
-0.2456765878686 0.967191379393425 -0.0646826854752201
0.181791617361483 0.0544591669086403 0.981827890720524
0.947790534731011 -0.131503848585812 -0.290516505695327
-0.604187358003902 -0.79234434311466 0.0845463089819032
0.640881820982087 0.763177968428071 0.0826430882813993
-0.0503973525082391 -0.584892138026275 0.809543880055438
-0.987562599954687 0.0140582292127331 0.156596543263706
-0.493515156329725 -0.129334819895803 0.860067029268863
0.589011634531095 -0.675787421235222 0.443144057488371
-0.0846328078751143 -0.00951364957961957 0.996366789040487
-0.642577744031209 -0.300601679990005 0.70479250341001
0.682280164835471 0.296103402295804 0.668443379667217
0.911865193521911 -0.403555203191023 0.075133659705222
0.0468207415833914 -0.376272426955609 -0.925325282736032
0.769490218193195 -0.40229530484884 -0.496027511133776
0.895635944376333 0.106039934341432 0.43196271536555
0.746262418696196 -0.190591103575799 -0.637783218405331
-0.0394050972223181 0.289196800531982 0.956458283917791
0.766859582229828 -0.639390621844394 0.0557316233366067
0.236050543226283 0.485276862800166 -0.84189459403978
0.477056917999362 -0.876922288001554 -0.0585149365125624
0.714284432585547 0.696785545035107 0.0654801771230982
0.540695887989969 -0.609798694649727 0.579476926817822
-0.285223269561006 -0.937954276623932 -0.197204111173692
-0.173076327975772 -0.308335461388521 -0.935400357036895
0.819952396118268 0.446646868211091 0.358028830147986
-0.970196608778125 -0.151391457474178 0.189206677787203
0.589719482416185 -0.780852293675477 -0.206156803236115
-0.571713921570154 -0.265249174264013 0.776392985178984
-0.748089656632869 -0.419863780122799 -0.513883519661713
-0.553028910002019 0.143686057103696 0.820678586107846
0.206473693047246 -0.620830733952169 0.756265703215373
-0.632036266964174 0.77492768234566 0.00415263487142579
0.761886254067186 0.35268107452642 -0.543272855510343
-0.224674565282599 -0.782259574355761 0.581026073462989
0.906097078154206 -0.422420666194758 -0.0234278836429703
-0.945540287361566 -0.0391074244795064 0.323147295094337
0.318275713227003 0.519870257169942 -0.792739229557804
0.848181507355495 0.385248182411554 -0.363554629359543
0.186055204248019 0.972297555019194 -0.14149531962551
-0.0771265313119746 -0.997007463729209 0.00525503910853582
0.753574160448061 0.573971764354656 -0.320440943745652
-0.731749878270625 0.261368771786184 -0.629466822625233
0.878274191270324 -0.251194897387889 0.406860625367885
-0.557819948913692 -0.413673408307974 -0.719521518686405
-0.421747805372276 0.86871742103161 0.259728379388656
-0.669827182015852 0.337938999866668 0.661157151214308
0.0311106055503083 0.22060596818162 0.974866727827421
0.831186417773125 -0.335019645398976 -0.443723986399456
-0.243174618002556 0.751262576604071 0.613572038275477
0.746896727526648 0.0986577932333922 0.657580351169575
-0.183188085603802 0.954879221596115 -0.233768683652903
-0.320715948009692 0.947138688912821 0.00834174182929157
0.25625550016206 0.920187246571949 0.295953627926789
-0.673861551953985 -0.448685522645384 -0.587019514638657
-0.658333950568486 -0.705465995345338 -0.262515026122891
0.142845506523175 0.536501893267905 -0.83172163599734
-0.525835728363568 0.546807391687562 -0.651535465782333
-0.441207425338426 0.260420502299405 -0.858788198456618
-0.336158542920129 0.93733994125216 -0.0916038675778086
0.279270966425794 -0.89012825629043 0.360110281254177
-0.227853741940136 0.314261423859324 0.92158690841276
-0.290230417145027 0.648628704522889 -0.703595841824539
-0.547963674487316 -0.0842384114943817 -0.83224978310076
0.627878957352841 0.0111799971445151 -0.7782307000995
-0.867226945736557 -0.358401307703688 -0.345638434241231
-0.891409022154561 0.0701265627966942 0.447741242696907
-0.988106334018659 -0.0443688820677563 -0.147232044665091
-0.998552808201557 -0.0247204999576567 -0.047761764149045
0.207631176000685 -0.829308334585135 0.518784137132393
-0.210336993316946 0.410254835794628 0.887383411468521
-0.0830846510775336 -0.110652716128775 0.99038018819474
-0.0422969657297732 0.99902522796664 0.012631728949649
0.949259105450333 0.160020311100398 0.270740929220106
0.678070175022354 0.495673824738617 -0.542704613223571
-0.0606640838199285 0.88318403046274 0.465086913673002
0.172550373019941 -0.975619772969066 0.135618683677682
0.22617230503368 0.890786064270701 0.394139919491626
0.163007814756522 0.802452439824923 0.574019628712583
-0.82468740775843 0.558011839458438 -0.092268448068077
0.278736976085338 -0.468163457781667 -0.838527682882751
0.0295644995495956 -0.92700401117526 -0.373884345261152
-0.634999224498629 -0.392276787553183 0.665503498738433
-0.00511099538492574 -0.0373115944956373 -0.999290609703888
0.643456017483894 0.227815224102992 0.730797220322211
0.73596481290674 -0.661885677985312 -0.142348668560934
-0.315387769060904 -0.78735687392633 0.529716630103061
0.540274600423765 0.827169946399353 -0.154574370160878
0.799812596793581 -0.59118031870731 -0.10395018414333
-0.493069337945484 0.529221859582176 0.690512021125184
-0.572635574892515 0.0151438089525076 -0.819670155256325
-0.676238231779434 -0.129260206648083 -0.725254198786274
0.398655455101319 -0.233171152691807 -0.886963946093827
0.320452994095658 0.836543135948814 -0.44441586410934
0.432039952367771 -0.69034984040851 -0.580309036122994
0.171769327251994 0.984290823538713 -0.0408273549581687
0.883389952867673 0.377229720609924 -0.278064613104596
-0.556680331992411 -0.755413265336547 0.345626686652513
-0.770763611370492 -0.259205125318701 0.582010445263342
-0.925038244223551 0.286788323991432 0.249111830200809
-0.00540254805232233 0.0607883214549724 -0.998136059086751
0.16321752295577 0.931134568745082 0.326111108501525
-0.143370990237667 -0.875675484625894 0.461126018332815
-0.70205304793599 0.711684982486456 -0.0250200636897659
0.435980127231139 -0.165076203735428 0.884687049537756
0.0377823803584762 -0.839796241050938 0.541585418240892
-0.434716616431959 0.87377475154679 -0.218034737960022
-0.0945209977855897 -0.685333137453675 -0.722069436886453
-0.822750473448477 0.535356310235276 -0.190985024364682
-0.782089758769855 0.508766194506822 0.359850758724164
0.976018303113429 -0.0321229926315358 0.215305330477387
0.752623922675667 0.265972386422333 0.602342029645202
0.386977326867661 0.652595503800608 -0.651435074976464
-0.315058232774748 0.605839110013988 0.730545879968064
0.364196884287033 -0.42139973462083 0.83053169303592
0.509367344161557 -0.0906488236385105 0.855761473469539
0.441823224073562 -0.798476437992564 0.40893473396124
0.225581516357814 0.569814565923323 -0.790205251779134
-0.810313777317928 0.0106532757672722 0.585899385563919
-0.0437259958731699 -0.392880667640262 -0.918549300952018
-0.620016134398697 -0.482604426569522 0.618605658348515
-0.258908760763182 0.846033401645954 0.466040488476537
-0.0762793971852296 0.729190423405035 0.680046160182854
0.693346401138676 0.655880572137578 -0.298481897475423
0.614078096787564 -0.782135240961913 -0.105700311689292
-0.826937865185221 -0.180527104114201 0.532525803884703
-0.00475439425896115 -0.986423199361115 0.16415440139519
0.372252589727464 -0.667959421086982 0.644405323707323
-0.862722239297579 -0.00545402453118249 0.505648683809009
0.31519459157267 -0.275108370194475 -0.908277355267805
-0.25609121705937 0.00486349884884912 0.966640385522971
-0.413531875602606 0.0224814727509632 0.910212047406283
-0.749733713242027 0.0316545640458784 0.66098210853501
0.462430870608608 0.107963459758035 0.880057714735369
-0.496469905328037 -0.816699736440651 -0.294141417691118
0.521487742293362 -0.282236245652187 0.805228685702347
0.706851295857384 0.325375382017138 -0.628086066014792
0.106994686725663 -0.407269780568307 0.907018998063613
0.433174290017912 -0.48200500252108 -0.761597802000591
0.804030492214058 0.543720578297565 -0.240630214906154
0.976366506875163 -0.180327521177319 -0.11912358858948
0.490404414221228 0.0233289498554415 -0.871182684981156
-0.643823999685668 -0.585558582089313 -0.492556397146867
0.78406342430283 -0.311810609789326 -0.536673727970104
-0.216094238811376 -0.721445809985683 0.657889978040883
-0.958063875906925 -0.243571756226366 0.15095167852993
-0.18208177195911 -0.472540376325334 -0.862294509470252
-0.518390007853576 -0.346555522486425 -0.78177430860302
-0.719782341086043 0.0696483641564116 -0.690697102086748
0.62617234936109 -0.192088788138476 -0.755652093471
-0.785906953586366 -0.57450351469283 -0.228683125547521
-0.39412126960312 0.760084232273939 0.516662737861906
0.333133664269686 -0.0675254711240633 -0.940458543732644
0.702984133407713 -0.56877888850636 0.426970589346007
-0.909782101128844 0.273471022117365 -0.3122661181231
-0.43955543002207 -0.759002161656895 -0.480319417198882
0.123948484667212 -0.667532710937445 0.734191291815156
0.0567198948912443 0.618667087872669 0.783603144395604
0.588133239065917 -0.113549836786041 0.800753225202182
-0.624202044774054 -0.696675401325864 -0.353574875362117
0.493883845978854 0.324521521410625 -0.806699776138849
0.288454631303661 -0.568618247977751 0.770368232565558
-0.686264665846037 0.0491583736371433 0.725688819476074
0.0719668544688383 -0.196945818812917 -0.977769459693833
0.25861433679668 -0.106626013064672 0.96007787087358
0.949965051862657 -0.0119597391837331 0.312127161391374
0.473387307505661 0.276357873201766 0.836379568743724
-0.230330483047538 -0.835600859893848 0.498717426529042
-0.590542941823621 -0.664908630503938 -0.457335267548525
-0.715838296536681 0.572989926920566 0.39907151847636
-0.558371162850722 -0.444596826664608 0.700396534983215
-0.710776817487753 0.692394545335085 -0.124040756657651
-0.322002107383509 -0.878221042676947 0.353613409021768
-0.0943895053239876 -0.961708072500798 -0.257309550097724
0.212695649229509 -0.89563066031152 -0.390648539110015
0.574160408119845 -0.483578670901872 -0.660675029645007
0.68078637200808 -0.649087181380769 -0.339434451190867
0.144114025222502 -0.257177248989815 -0.955557957601839
-0.287485823933948 -0.841000992114324 -0.45833310190269
0.408174679589992 -0.912743768552258 0.0170951428958467
0.569936916396581 0.169905085036478 -0.803930453091002
-0.720237279606427 0.377143270590457 0.582255282941655
0.913434629308533 0.0109789422476151 0.406837364074525
-0.757955495383473 -0.637144659100163 -0.13982185236268
0.0765670766144237 0.312092557418485 -0.94696130775376
0.709130620135598 0.142203413789861 -0.690588120874239
-0.897313969721448 -0.43259967434407 0.0876650529010344
0.279589488540232 0.305420202387954 0.910246240240031
0.974159163355147 0.141294826043477 0.176209240916999
-0.780870020288073 -0.623012790328849 -0.0457938260245405
-0.0596655370152269 -0.498410836912573 0.864885345777574
0.963634183693586 -0.220844503295616 0.150455526257127
0.11575587974099 -0.945344083888793 -0.304836250078381
-0.234177883773137 -0.388224391450764 -0.891315062497105
-0.273078308673342 0.29832810554436 -0.914564693597134
-0.00236734747063406 0.957796193370587 0.287438424068124
-0.810470608444353 -0.0671890681478581 -0.581913242648131
-0.658583893925305 0.642485383772978 -0.391764963084082
0.479551776940806 -0.812783007890338 -0.330777682617268
-0.136617830926974 0.34804740955689 0.92746890458578
-0.873386955615713 -0.198473406672179 0.444751090616153
-0.424178184900618 -0.203764466219045 -0.882356452779082
0.169333501141969 0.156886506574794 -0.972991669772028
-0.189698243726449 -0.955074313983286 -0.227700749002844
0.603861334661605 0.322908946945794 0.728753250752999
-0.114906290155986 0.498555670766044 -0.859208232985234
0.911487464842929 -0.149149848979682 -0.383333958818611
-0.301225382829944 0.373663432564908 0.877290663293965
0.0101258639985102 -0.677560891826701 -0.735396970856754
0.332201371469997 0.379949868434289 0.863296210040459
0.550439819600466 -0.242351493656335 -0.798925377316774
0.273563245198701 -0.938626299708636 -0.21010430831287
0.528712708085625 0.824826928914613 0.200308286513698
0.665223196916969 -0.683478875325053 0.300557357700603
0.78041241337955 -0.107080019366316 -0.616027868278389
0.783535874943387 -0.0988921713028657 0.61342633716829
-0.0935230244476941 -0.973976076708078 0.206455917567157
-0.614014567595262 -0.769277454733382 -0.176630428917937
-0.729793707332354 0.166591000952984 -0.663060014734398
-0.931337780188908 0.29427292332665 -0.214507309408291
-0.920557077948231 0.179876843819672 -0.34672609837866
0.443077726484825 -0.353790590409038 0.823719822774142
0.889408326786352 -0.365108477838099 0.275042956015688
-0.175583124208434 -0.14812752965934 -0.973256801389144
-0.474795004493028 -0.50531506341567 0.72057365369106
-0.580245312851915 0.796683994718018 -0.169144877171985
-0.771830924732647 0.617257625424493 -0.15254523093713
0.627903072970112 0.0582238017086058 0.776110636358817
0.937542751714644 0.315678201017973 0.146153556608759
0.7720902775663 0.164408630515361 -0.613878168287207
0.115206548897623 -0.661286040000535 -0.741234257432501
-0.138236360513884 -0.392624687225565 -0.90925055051559
0.522600768113047 0.850650936925285 -0.0572836859479851
0.82903220437726 -0.030716292736646 0.558356618538634
0.625876818787951 0.728883666850249 -0.277501005228468
0.666104627601136 -0.325113598907346 0.671271757855092
0.406752287738194 -0.569839923885059 -0.714027336708067
-0.11459207011832 0.911910782877958 -0.394065199601421
-0.96543309341761 0.255720615490826 0.0504570009720968
-0.34450960613548 0.521273240660039 0.780760744307856
0.558599102498724 -0.0374899928960835 -0.828590093544614
0.598691984510003 0.157250861837906 0.785391669254716
-0.506597916111545 -0.50033419305083 -0.702156853313855
-0.823241160631986 -0.0861634740257426 0.561114825312178
-0.896530134639128 -0.404170490680946 0.181328244205558
-0.525194733768838 0.677966963096171 -0.514326052783284
0.806826632201475 0.487432026256719 -0.333827508377748
0.848692613289262 0.492763611412255 0.192106406494409
-0.454033790184543 0.388299528849586 0.801920690134535
-0.0996516584938988 0.8316839077137 0.546233855239206
-0.925588555952532 -0.311556617150483 0.214984416643286
0.943599747252254 -0.330743065307577 0.0151175969131895
-0.338028113833898 -0.941133670860812 0.00209948325793525
-0.0637288064076223 -0.946493065169109 0.316369272876878
-0.472473880402266 -0.852542635265252 0.223471446481659
-0.244811996715627 -0.969158985081327 -0.0282479716128479
-0.658174660522486 0.415446583096113 -0.627861651034585
-0.838392903226259 -0.544174695836526 -0.0311647273543342
-0.0486409437495959 0.607153315724289 0.793094515046063
0.224526282120898 0.948866442950109 -0.221901829826105
0.049267465027918 0.995237459258238 0.0841137121932593
-0.476003119683727 -0.721753144184851 0.502487242535212
0.0404975042468219 -0.778660711784491 0.626136924380801
0.0856947218526332 -0.529637063332638 -0.843884468272155
0.954664464932754 0.293776146496422 0.0480763470364826
0.549041628046013 -0.570049551600209 -0.61122565341532
0.251021603661662 -0.556491274883674 -0.792026271959126
0.595743820970134 -0.390660227301436 -0.701764837093378
-0.811159473155209 -0.360519642574586 0.460484414968039
0.149121916904192 0.949734518733616 -0.275258056784258
0.969798879604834 -0.238724396260882 0.0500079568377428
-0.208372275774043 0.698568362001628 -0.684531400520903
-0.463266932855109 -0.664176128873745 0.586731470740496
0.961833852184845 0.268959912433666 -0.0503607614610436
-0.880837893147518 0.24476197183216 0.405235959831151
-0.610444651673829 0.294453666507211 0.735292027376387
-0.121562588849776 0.864609328318878 -0.487517431868973
-0.0470466633163729 -0.807206584779319 0.588391146228174
-0.860450648730451 0.45244084676989 -0.234354349807062
-0.281032330759561 0.682561844455708 0.674633350466066
0.717760797501332 0.198508861914509 0.667393189440571
-0.491331277772236 0.86992937000276 -0.0426200268571453
0.412015378358599 0.382349774534222 -0.827074348477602
-0.649108134313639 0.0410929169724026 -0.759585414645757
-0.286858933544863 0.842836147286457 -0.45534512303617
-0.690502348340451 -0.610290459091181 0.388268029173918
-0.683293730726273 -0.555899015888984 0.473377187540582
0.62123415826404 0.533188801607281 0.574262851355163
-0.313172637142381 -0.944731880240812 -0.0969771818622609
-0.869483319317885 0.492775482778588 -0.0342210607708674
-0.974699292242273 0.127103437750829 -0.183864096044694
-0.417273570984067 -0.0843358763086965 0.904859230447173
-0.0827731729616825 -0.475542577438013 -0.875789848583247
0.544711185797752 0.527397762969865 -0.652028621826672
-0.266831839107041 0.203305551485025 -0.942054999654545
0.817415363974653 0.502349633112521 0.281916599103176
-0.125299459522565 0.742111218211473 -0.658461073449324
0.306819047258037 -0.945606721678789 -0.108120304085601
-0.0453021694900781 -0.666959925386708 0.743715114386987
0.701367791310406 -0.465994873240982 -0.539381126315599
0.969514451652602 0.218797273814966 0.110315370678312
-0.208951214170606 0.768408355642173 -0.604886757233055
-0.817218428563629 -0.561769558291476 -0.128720640897225
0.368145717484763 -0.510217115420077 0.77726908199802
-0.264583656063388 -0.961740782370127 0.0710644529299023
0.593501722779225 -0.391884562661638 0.702980934738339
0.0941480935394269 0.00258543831996539 0.995554846300085
-0.989470344593157 -0.12099322983363 -0.0794296890660294
0.754329713137292 -0.655122533703342 -0.0424399541979572
-0.355732007661946 -0.600061080731758 -0.716506411775802
0.626945552773675 0.685171186400501 -0.370782576699393
0.97609798161293 -0.106690957079958 -0.189340354833637
-0.622231170608407 -0.632138910952771 0.461767005732044
0.236770132140733 -0.216490141734086 -0.947138808759316
-0.66566038081819 0.725271068625381 0.175721752848019
0.998526062169342 0.00553828091166041 -0.0539910234495581
-0.785631611285286 0.291288914591964 -0.545833069339995
0.150711846606582 0.986706694747451 0.0607934028739555
0.365495959164325 -0.912072059046279 -0.185842037606218
-0.401073837301388 -0.781702786115559 0.477577775039326
-0.448350306237665 0.531586687836069 -0.718608096400305
-0.766658564331588 -0.476294584572071 -0.430555588100244
-0.504371161413219 -0.687160683019181 -0.522895713548403
0.850668903074397 0.521648719050746 -0.0651539043720229
0.202116555121525 -0.881474512931767 0.426792199082307
-0.19591269372775 -0.684467768728439 -0.702226523287357
-0.309829782043881 -0.730115535082512 0.609045820599582
0.326453704477982 0.433189031083035 -0.840104304346755
-0.650947767011424 0.732960499539801 -0.197575076204482
-0.803690568553708 -0.577155580397925 0.144820254223473
-0.535891837580185 0.833568363243702 0.13410340120276
0.147485870969174 0.91681423604468 -0.371078932910874
0.561837723488367 0.253874192639377 0.787328563420072
0.22879484784698 -0.924729023515339 -0.304186046141246
-0.126825385714677 0.980482238009094 0.150232827594376
0.840789005365343 -0.436832309966111 -0.319767699160544
-0.813035394572695 0.519128321856072 0.263589136003215
-0.393452442191902 -0.725154293713094 0.565107446458364
0.868074041568693 0.418321013483049 0.267310658285653
0.680945127526276 -0.242068433371897 -0.691170461509387
0.514658551509107 0.182183202093578 0.837816123163954
0.0570131124504379 0.908976199433142 -0.412930713162385
0.0520806119099964 0.862591671069291 -0.503212896163212
-0.806273235369877 0.416028772843942 -0.420527680530253
0.874222987517619 -0.329352158104326 -0.356737051689044
0.955184801436411 -0.197985284128479 -0.220054135097366
-0.992318520371689 0.0878873491418207 0.0870618629950287
0.48159726506267 0.772586675760335 -0.413731679620682
0.175542264025833 -0.160711683314792 0.971265498402373
0.0368035761049409 -0.790442073314365 -0.611430147703215
0.453146458634682 -0.609333536981905 0.650669599517272
0.888028044526729 -0.368216328644755 -0.275359632941017
0.71171452848309 -0.659681199267217 -0.241419024269959
0.376186718837992 0.45206779785708 0.808775777771908
-0.130219930030958 -0.746722694337139 -0.652263740817023
0.838937276571186 -0.127678304307714 0.529039220274289
-0.160122806392668 0.865583526254821 0.474474283759622
0.953325105667629 -0.107229228750988 0.282264300621373
0.567940084541479 0.356886365669643 -0.741671209074567
0.189953668176199 -0.354847806538578 0.915423747857333
-0.526210764439678 -0.728631911810521 -0.438403659290334
-0.838471418253432 0.094639485183657 0.536664745084164
0.162613048302045 -0.154748597488323 -0.974479280486411
0.0399140182225798 -0.992930726225652 -0.11178302226334
-0.471195104539755 0.289177483294017 0.833277598770966
-0.565099828510726 0.680685695268944 0.466185765627162
-0.203004293313262 0.536815535042805 -0.818912900272728
0.028240335998955 0.741731944448066 0.670101638565342
0.556801913616849 -0.83001830056885 -0.0322684011598593
0.947860629243979 0.131944551864824 -0.290087681162782
0.593587803263626 -0.721703713016181 0.356086043584021
-0.599570786600255 0.603731740438028 0.525378775211963
0.356108932355601 -0.235547719043046 0.904269705536005
0.58408304063685 0.7668134982449 0.266165475878879
0.16656645278292 0.257919059331979 -0.95170025514372
-0.407579480406147 -0.852132548923328 -0.328251559352407
0.417354235167566 0.188150770184427 -0.889052715010029
-0.414908615966568 -0.519457636194158 -0.747003751393716
0.132687784832826 0.8963151699827 0.423099359270422
-0.816017229779609 0.578002860299219 0.00534548302163905
-0.404169674876301 -0.829106876504449 0.38630125710826
0.370662274772844 0.129318907693831 0.919720663121741
-0.123163355545977 -0.224495614096122 -0.96666049215961
0.0254267147093446 -0.933484337771345 0.357715631912673
0.667374133852517 -0.233255211380918 0.707250854950523
0.91949758887412 -0.228456276369477 -0.319893597688471
0.912083608844424 0.206675203603365 -0.354102881508805
0.866488834103554 0.0376113742999298 0.497777545593546
0.152354654692252 -0.586051469625211 -0.795821421013367
0.716848118688834 0.555117662577351 0.421868647124835
0.044243433947098 0.741837220262073 -0.669118866261003
-0.332536973252809 -0.341258235404253 0.879182562491225
0.518024535341572 -0.187681591467753 0.834521540170342
0.965333882028813 -0.0365235507246707 -0.258450239794131
-0.804601730622211 0.194498181505498 0.561058385973152
0.627817978815138 -0.521021400131507 -0.578257110705506
0.918917400419195 0.387021044878008 0.0761939763259835
0.0405202907992374 -0.708050341141827 0.704998454212836
-0.949308744616482 -0.238668700518762 -0.204573113549569
-0.371411077077682 0.593151601013889 -0.714300350019973
-0.901329890636014 -0.293915521480035 0.3181479128946
-0.0183549153502661 -0.546179135129449 -0.837467282603763
-0.194803013117957 -0.85077756468325 -0.488087411753062
0.733444537125103 0.679049479758588 -0.0308369097176652
