# command_history: dirgen -cart 0177 dir0177.txt -force  (version=3.0_RC3-1000-g3151ed7a-dirty)
0.619575920347591 -0.546141838431075 -0.563786104157029
-0.442980541721273 0.187712360770416 0.876659745437376
-0.782404121649292 0.301654261146502 -0.544838046724307
0.234945591037108 -0.131103091488998 0.963126444790221
0.994621317848311 0.0662391991258701 -0.0796291566001599
-0.869624377707287 -0.153540518820153 0.469232086261853
0.595879209775976 -0.686825363628243 -0.416171704028145
0.73047572624694 0.59575325134765 0.333891115294657
-0.157358146144097 0.664929879808409 -0.730141540237281
-0.938493320714034 0.343145601592483 -0.0384887396894122
0.891620267702433 0.311382873994228 -0.328715688711896
-0.450530242049508 -0.866961974803032 -0.213071432257913
0.177097213191947 0.627044802069201 0.758585125926974
0.527008500152905 -0.0115513045883515 -0.849781506111361
0.868359779255164 -0.460846582453639 0.183225874845022
-0.824778582114636 -0.419973955377205 -0.378631968129735
0.588407058215032 -0.778727067845606 -0.217626486548208
-0.173409438925539 -0.479032068497875 0.860498369459337
-0.95783657603701 0.0771880792750367 -0.276750960293777
-0.279245246696088 -0.170378697027082 0.944983170113095
-0.124008629099473 0.0695794023974971 0.989838656888524
-0.689645061753658 -0.199530386651218 -0.696115876561948
0.488672992789815 -0.80381077354063 0.339244670492935
0.697490095089801 0.506732893122279 0.50668465763189
-0.775748470472001 0.620429119654939 -0.115247637913097
-0.737944752740457 0.200834439869754 0.644284928944507
0.703806766572954 0.708780095558926 -0.0478206175786451
0.233176112440436 0.882090239826785 -0.409323477691532
-0.387686523704706 -0.783473193847835 0.48566337504452
-0.00531487005825765 0.988388498440842 -0.151854958121627
0.712691023563793 -0.646891933900364 -0.271297494987034
-0.901245731528457 -0.0213814713709837 -0.43278050335447
-0.0667993702305889 0.0236010405815297 -0.997487260580438
0.140698057611421 -0.463060632708616 -0.87508794244914
-0.456316777022773 -0.170391153947873 0.873350933854119
-0.253960705483683 -0.848198963430886 -0.464825212854252
0.845040080866724 0.499301624080332 0.191324723753892
-0.342955398264635 0.913729023062032 -0.217901049137565
0.400139385019429 0.160299719208248 0.902326145347695
0.0873162785001601 -0.79114697467801 0.605361323481038
0.23200956097714 0.767994988047108 -0.596954991561104
0.143165274261137 -0.782279043403176 -0.60625341442168
0.143066436976787 0.989324836765766 -0.0277193428702346
-0.350287826067962 0.620741997886756 -0.701411299430042
0.317424125027584 -0.856066941474875 0.407910917437037
-0.104970978077236 0.286415602565954 0.952337753304094
0.829078729380162 0.559087325418715 -0.00705854415046973
-0.980813035579396 0.167513589407912 -0.0997245536525871
-0.508869858891843 -0.344277895782695 0.789002026098055
0.408100909303132 0.720390642786281 0.560794944353036
0.793703161751452 0.328167614363505 -0.512192647261473
0.690910774598269 -0.20436375283392 0.693453501016223
-0.0565198192910556 -0.838055808484682 -0.542649031964853
-0.0745210350500327 -0.852749708094921 0.516976354081209
0.737622264015324 0.659041461393857 0.146893661513209
-0.0846359420696269 -0.92508736086601 -0.370202825591524
-0.328467177238458 -0.34555158068632 0.879035504722184
0.220379321048828 0.626304257817032 -0.747780670714558
0.30360694529205 -0.354071667826282 -0.884565473446225
0.836580049664911 -0.39588065301982 0.378698203147646
-0.211995149114609 0.327942771351025 -0.920603929749642
0.887371120853257 0.430016932210813 -0.166306740355391
-0.196477603523299 0.517078005005654 -0.833082761826887
0.0624578576957789 0.71944411563352 -0.69173635186562
-0.601489980276659 -0.794917419986343 -0.0794738889764488
0.358201711237484 -0.422424940555561 0.832615579762455
-0.678901625932865 -0.622892197571136 0.388713123666687
0.451838389566581 -0.8124837120187 -0.368391486625564
0.600225069170382 -0.200198970287948 -0.774370866339285
0.562385379509678 -0.116417844984732 0.818638852170398
0.90948155469852 -0.0301409011495131 -0.414650247487034
0.784827209272186 0.585539480822185 -0.202952624975679
-0.273416967163266 -0.917135303186725 -0.29001034070501
0.0435798193897161 -0.997581927813405 -0.0541396032683164
0.384603654823086 0.87801988549215 -0.284887889137246
0.881738362980116 0.226624461398109 0.413737613403909
0.653594394080129 -0.755962888688274 0.0365305208436785
-0.926749646178953 0.283077196529665 -0.246986627395271
0.228511930123975 -0.965008594635203 -0.128610691900818
-0.527237209643069 -0.769712970526429 0.359948423765365
0.107757218498622 -0.889474741135691 -0.444098037310498
0.032367526164386 -0.419660323580198 0.90710393895218
0.810808999315863 0.11461613080832 0.573979014587589
0.221485540719888 0.751050360325592 0.621986745443034
0.835194183267537 -0.505054724670556 -0.217647424345017
-0.556069283601004 0.589026212998219 -0.586374515336779
-0.541325608805258 -0.273479160984671 -0.79509479545444
0.704142057152716 -0.00263567162200357 0.710054234959445
-0.812309219792432 0.0220861305397716 0.582808660091792
-0.508605803721627 0.84844394955932 -0.146502562697243
0.162580756784866 -0.948689488781102 0.271211635811431
0.106974079834709 0.977931268327173 0.17946303427593
0.368257178489957 0.348264913365276 0.862031438295201
-0.741700144528221 0.525906008386123 0.41629768910023
0.545413961271779 0.650629770258252 -0.528398062925594
0.956580898397657 0.126673588705103 0.262501022370014
0.232075243548949 0.472299339001985 0.85033782446154
-0.983438554916158 0.160238823814023 0.0846884174318842
0.886630540064678 -0.192077685769984 0.420704704102373
-0.214357817692467 -0.266548541716619 -0.939682180794585
0.635349827781414 0.39713321725841 0.662280759261593
-0.958382226858253 -0.257140395605656 0.124025498144463
0.30325916502602 -0.812584450249037 -0.497735260998447
0.403124603060524 -0.893874350948426 -0.196161156001452
0.132563451192148 -0.883622875185805 0.449040695100565
-0.00827877934137034 -0.581867107866095 0.813241741794015
0.541297790367022 0.576663115339787 0.611928389233897
0.477427216509637 -0.545489154119615 -0.688843113977143
0.683901633807906 0.492267079826806 -0.538471612430652
-0.147604710692499 0.634605839261122 0.758609437165839
0.0303887455046847 0.93772451107404 -0.346048068160485
-0.341632232721969 0.00421129438628285 0.939824282813013
-0.485731371392738 0.491488805177314 -0.722844235800706
-0.974591925152725 -0.211856638135592 -0.072714127272419
-0.326321181908499 -0.93884530698254 0.109927138572333
0.757489822782382 0.161075421252693 -0.632664110764459
0.373258018712318 0.503004299716012 -0.779528784544971
0.0787459725829778 -0.963117835735087 -0.257299643005821
-0.262954003875787 0.907459971451607 0.327676047429074
0.564419613845707 0.0791908710092517 0.821680780750687
0.603626958541212 0.748893737302007 0.273482476864823
0.526251391248626 -0.848391347422856 -0.0573724221810142
-0.918326847451572 -0.320805198815843 -0.231861651987527
-0.0620536110826434 -0.384358366169996 -0.921096083862447
0.860355201038543 -0.509080505265514 -0.025019336612653
-0.4451052525685 0.726399235227336 -0.523665413405424
0.540190247487618 0.506167073216548 -0.672301562180738
-0.537423322704369 0.307965144194271 -0.785069195787733
-0.0531483238449648 0.226154966010576 -0.972640317394476
0.236991243922779 0.0706949623422675 0.968936206673772
0.463472730636184 -0.695256046659206 -0.549374241788283
0.919069550978354 0.39268846255867 0.0332705851730135
-0.286990228660259 -0.952806013886515 -0.0989813545836911
0.948951913071277 0.138618833070328 -0.283328582738461
-0.994986566246942 -0.0177210769143678 -0.0984260962403544
-0.930673325267582 0.21239810493681 0.297882874053937
-0.274932129887401 0.76391052229027 -0.583826205209893
0.0499016023484416 0.173278536946473 0.983607837868705
0.617926944221753 0.165913393142653 -0.768530440243363
0.615722037743866 -0.667824338327273 0.418206916937395
-0.683252297005289 0.0179034070099003 0.72996285292776
-0.311241459882034 0.682409251848566 0.661397283515725
-0.473901795872732 0.374384200046898 0.797027953477068
-0.110605847123531 -0.112637122104957 0.987460999384785
0.437732785653889 0.808540673168115 0.393258169904375
0.130277066599833 0.3105980056678 -0.941571433717765
-0.92641858737786 0.343305757800303 0.15456311856963
0.850681341228935 -0.205801561967531 -0.483721999475592
0.664029339689997 0.337836232826081 -0.667032020086554
0.0218647591610815 0.552696329025239 0.833095852941817
0.651072154049888 0.724914044096168 -0.224954837451827
0.526839579326904 0.837785651393308 -0.143371056961094
0.366304231851084 -0.930382833448653 0.014456588534072
-0.46851603874193 -0.461002797363486 -0.753637274996806
-0.623991936192809 0.38172255025582 0.681851859418556
0.972093498655729 -0.0422449348702326 -0.230758738402415
-0.753205530590042 0.373973082468733 0.541133590047234
-0.26656699823482 0.177453301176589 0.947339623025243
-0.744369308522397 0.661553936389745 0.0908885128997131
0.392895450344925 -0.230673400951793 0.890181412517467
-0.316023039462405 0.526143602802714 0.789494995398149
-0.853676373026887 0.374059297657146 0.362375898718308
-0.646788685913203 0.725908826516616 -0.233924713016691
-0.357345032488366 -0.602721380692209 -0.713464410473547
0.454107588595418 0.890718935518151 0.0201513247571117
-0.648101014280217 0.401152859139314 -0.647334116892743
0.583180566435869 0.675477086322112 0.451255063999651
-0.183506396092305 -0.955351611804845 0.231578713216693
-0.191593086399598 0.97847769637895 -0.076638677786222
0.0186707501894419 0.719796056274089 0.693934464095589
0.392802545526003 0.653260651014799 -0.647268632071734
-0.712573932418445 0.499819897450724 -0.49236009276754
-0.773666670232736 -0.317614039500636 -0.548234626125603
0.407649515790169 -0.0347540440000029 0.912476864748738
-0.801189394776071 -0.47283645509946 0.366771373511251
-0.812981952826602 0.0942675068429458 -0.574607676185987
0.758823676690248 -0.57213737041615 0.311200027422214
