# command_history: dirgen -cart 0233 dir0233.txt -force  (version=3.0_RC3-1000-g3151ed7a-dirty)
0.146881639726385 0.905090329302108 -0.399045460712298
0.966372297045693 -0.256183492251688 -0.0222396447894275
-0.638733737445431 0.549095045209946 0.538993361716894
-0.39614383361602 0.624782781063622 0.672842135700797
-0.707131511798475 -0.0637810747016074 0.704199545250855
-0.907733176087323 0.297160477269239 0.29616909322132
-0.68737836692126 0.395804207229965 -0.608974556305697
0.693971391726277 -0.673359854589909 -0.254931782428461
0.864325291264149 -0.464765088183838 0.192185336814789
-0.520600742144723 0.0933842932653066 -0.848677937176231
0.347650013953976 0.937195377679808 0.0283600397284914
0.247669570311764 -0.124586854116379 0.960800655559191
0.814921707327769 0.45616508654524 -0.357513670708082
-0.173503831567368 -0.812563255927895 0.556450694623792
0.680768585197304 0.691998746304547 0.240191316498736
0.576573944232555 -0.815574335629458 0.0489998968844061
0.165283669982549 0.668460286917427 0.725149745398404
0.674231100218176 -0.643738283541842 0.361957795607707
-0.706728004576531 -0.607695292398289 0.362273321049498
0.570270825784795 -0.650860091058023 0.501170955988743
0.808825968745835 0.335877678348451 -0.482686997410967
-0.460717326920727 -0.520484460827907 0.718912700341079
-0.258345812097031 0.305271505823356 -0.916551552889561
0.0552806287427482 -0.031682678815981 -0.997968065595713
0.74241029219973 0.370224697707506 0.55835529122889
-0.876572713704227 0.219848293753405 -0.428120316409913
0.790259686244947 -0.507508925516495 0.343401104857177
-0.798857957704199 -0.584400193447754 -0.14248641096927
0.527099797713331 0.240868541027701 0.814952850902279
-0.323708395109479 -0.740280914648824 0.589234284764852
0.467378912629266 0.644729467304647 -0.604880869278035
0.818670661737941 -0.570682319860212 0.0640315344852004
-0.305367284277952 -0.842264646196588 0.444230894310655
-0.710116644110801 -0.70005744433121 -0.075192595335373
0.907276891803386 0.28798644297022 0.3064513831996
0.435982061734821 0.840003666208761 -0.322975978365723
0.969463043600102 0.156972980318227 0.188416800056789
0.192360636117296 0.232306147541715 -0.953431297727779
-0.0283639412573499 -0.487330118072741 0.872757035408801
-0.530283200108701 0.519465379083691 0.670041377540158
-0.365702658541359 0.174056583375888 0.914311692651524
-0.510785649104965 0.661830641106107 0.548705953276889
-0.327186041490539 -0.618701261298993 -0.714253486880384
-0.023151578279515 0.98267638131718 -0.183878041170066
-0.0877029335833742 -0.13509626727592 -0.986943359068282
0.288100069758629 -0.605412396891952 0.741939471584181
0.235814664144001 0.227058714206585 0.944899880663293
-0.0206295714628239 -0.620467791496185 -0.78396054779377
-0.381033549026279 -0.318015595557746 -0.868147173870013
-0.954192958905409 -0.244455777045304 0.172502667354789
-0.7063669351147 0.705320323825858 -0.0597410560239181
0.179245306759618 0.403281989362625 -0.897348737704787
0.757673319632507 -0.616726892553609 0.213492577665421
0.637425838431673 -0.763319837026216 -0.105029171671253
0.648403654400875 0.223528167810057 -0.727741615654258
-0.429030218991796 0.510406396036651 -0.745263968052078
-0.843433343283472 0.0827502855958926 -0.53082255572975
0.0225533667529415 -0.940492050790671 0.339066436038228
-0.994886736769248 0.0793959865334205 0.0624232194221103
0.869673289456476 0.174978641924876 -0.461574310892708
-0.223238293701173 -0.388635136304986 -0.893939256915476
0.844500024595739 -0.280905885506239 -0.455973235997193
0.199807393182492 0.0730960797591363 -0.977104891377309
-0.912390900191059 0.407902621128809 -0.0340337615434412
0.543772410381091 0.816577169229547 -0.193683485102368
-0.320410659759722 -0.620695142860496 0.715593843420783
-0.882504949002707 -0.463264789311161 -0.0810601626584548
0.934852254107948 0.352391882251522 -0.0432576503351524
-0.438773651479299 0.639075889494054 -0.631711714498715
0.969421649276131 -0.0295055918019202 -0.243620783118282
-0.833422252472986 0.42903793769128 0.348330011776862
0.487567307279142 0.751999815593611 0.443592603883046
0.242938479992121 -0.93078457704423 -0.27316838410715
-0.0941800119820916 0.708759210259296 0.699135542806738
-0.267773259322518 0.963030931727283 -0.0294772137129258
-0.795475785678978 -0.563306881455981 0.223391207756145
-0.392250407129625 0.489018691939585 0.779102263531778
0.170903361864116 -0.977340144282129 -0.1248930873913
-0.527695448508568 0.370065877139167 0.76458404390921
0.964503001943329 -0.191738591604179 -0.181577178444737
0.907542885265415 0.0142925957797544 -0.419716133964376
0.481265025726906 -0.0328284027277773 -0.875960199430558
0.410764086665254 -0.36391476886713 0.835965852237065
0.22112904561489 0.903305594146726 0.36761521835838
0.0654663129048592 -0.214613129248639 -0.97450262525493
0.109938736234414 -0.228229362747539 0.967380396873449
-0.693912301543577 0.525500727197141 -0.492275028293912
0.579155793459477 0.376496716411702 -0.723069007380022
0.309121386966481 0.479927750389457 -0.821044044205933
-0.813997376489002 -0.413576395680392 -0.407876005674566
0.348789940133552 -0.918303608210065 0.187254000785053
0.133538543639693 0.962260709790531 -0.237111331985657
0.457665104638944 0.753919921733235 -0.471325156987803
-0.248783087206963 -0.752563074365328 -0.609717799167433
-0.246044739561021 -0.963473420623612 0.105740029724726
0.233390563438257 -0.916495528312058 0.324907358306909
0.387609925430735 -0.334251755604155 -0.859089232608069
-0.58485210601058 -0.802452551126385 -0.118397285803964
0.248766653222666 -0.709017658181612 -0.659855372510565
0.619890405280402 0.467205117273327 0.630440531561
-0.0215920655407342 -0.861889786848479 0.506635744921308
0.287438041366211 -0.829088442235347 0.479574527396235
0.882990270154433 -0.348178330753299 0.314801576880499
0.997467193009029 0.0362337106628147 0.06120716528554
0.819057531123643 0.0414354252030707 -0.572213130090426
-0.580932514615144 -0.736196689879894 0.347176968234952
0.287421250694705 0.914739126877609 -0.283974214336937
-0.0993847680350909 0.0450449676027287 -0.994028982865329
0.434087751689153 -0.751250592281817 0.497182432744436
0.0556450959875802 0.761242523858539 0.646075416001889
0.857389774725491 -0.507269116905573 -0.0869529598691865
-0.24115523246861 -0.0561966689800048 -0.968858136286506
-0.807965492777699 0.539828594947553 0.236171231434826
0.44370370181488 0.88167518144506 0.160548744683954
-0.12860592982579 0.552910220270533 -0.823256219614547
0.511338215302082 0.400773719435339 0.760206324218397
0.430294568856558 -0.901959392646476 0.0362744817929896
0.0773879452162097 0.309172940030954 0.947851886682634
0.172731561722128 0.701450588840019 -0.691470085398512
-0.116315481072438 0.399658300152275 -0.909254613396205
0.570426056686983 0.0875991350064197 -0.816664255002425
-0.14537246269609 -0.845644247586178 -0.513568548116102
0.017847194124545 0.636928469718316 -0.770716291591248
-0.702817511607776 -0.36314229510315 0.611698634038584
-0.856391463238148 -0.511715048275206 0.0688576144048534
0.167953301129192 0.567579383381072 -0.806005789185517
-0.182020667272755 0.966243443762753 -0.182324118182641
0.0366505278028175 0.320908295974864 -0.946400868758205
-0.781884212683052 0.256895999150397 -0.56803303035785
0.75733792534843 -0.64618549293732 -0.0942527216916832
0.631318336019554 0.665150355747162 0.398763291759567
-0.763259357011403 -0.209831524356174 -0.611069460307831
0.189617379592625 -0.81317661036955 -0.550262709716291
-0.335127561926965 0.00845245912872132 0.942134848719421
-0.408565563280113 0.871036625201659 0.272707495421208
0.501620704831847 0.23012296195481 -0.833918515722697
0.682850088452623 0.699291231932264 -0.211441551363257
0.861063982442319 0.444035608166897 0.247792648842591
-0.20311825574232 0.113165682268971 0.972592670412848
0.413976889775183 0.696157204645253 0.58650514162501
0.497789934810678 -0.859416334925968 -0.11665652173624
-0.985036018257713 0.136768073115644 -0.104873909583007
-0.0635551031742739 0.96295815092764 0.262054094458622
0.18818534725543 0.979121512882465 0.0768592095269447
0.019034028778709 0.760832037771501 -0.648669650938686
-0.939394966147971 -0.314117028771294 -0.137359345556635
-0.889181692449204 -0.408430671137094 0.206253011342069
-0.46799258957798 0.782194270008995 0.411284646036284
-0.622532435355716 0.0761301985325182 0.778882250280157
0.761202241617388 0.563532838291262 0.32093907135788
-0.973498976031077 0.0101405009189955 -0.228466439346258
0.287308452920664 0.935138899061735 0.207289875155399
-0.396802789251203 0.850392404483901 -0.345514550834773
-0.197083249279368 -0.537042642425972 -0.820209359291648
-0.497246576185401 -0.867425312244877 0.0178653337157112
-0.858147743288724 -0.0878784943424963 -0.505825880042298
-0.915243320858296 0.372454377213287 0.153646999706929
-0.921108214419981 0.142650917026065 0.362229724345831
0.643974015484927 -0.241392094260752 -0.725966475953695
-0.727890375312174 0.562006120090307 0.392841854324283
-0.51333253459125 0.205203368136818 0.83329543778628
-0.326797297798533 -0.816311526082709 -0.476276199842167
0.76476392074301 0.641163618405116 -0.0636031442889249
0.980213659037448 0.197698675204822 0.0098191882900437
-0.753081014961731 0.421635427971949 0.505066877535165
0.770231490858982 0.203725004886205 -0.604350538076426
-0.0411219994789156 -0.147127821335082 0.988262305943138
0.104712631354893 -0.537883325507986 -0.836490760842703
-0.70049064201778 -0.525822190759123 -0.482518273385367
-0.596088077039311 -0.636149788650182 0.489890243638211
0.38597529327408 -0.0187181709999185 0.922319198030924
-0.294102456646694 0.727317072995624 -0.620091622523203
0.844789807161335 -0.121183614037055 -0.521195465641474
-0.798101916843514 0.386339209936959 -0.462358459634941
-0.246687017705602 0.438815017268291 0.864052600201716
-0.38275770396943 -0.141216295695961 0.912992057951197
0.0863561323268023 -0.380999974707786 -0.920533344144699
0.529388610576078 0.0752169952841436 0.845038521378023
-0.115911026335802 -0.96320432279347 -0.242491374126491
-0.273935348587666 0.464842660355508 -0.84195054837429
-0.399218528613088 -0.904129612253906 0.152230780913726
0.440871081558593 0.380502202871851 -0.812927280299428
-0.94474387633163 0.177617689152737 -0.275519445110372
0.920694360355965 -0.0443802672847764 0.38775286805445
0.646527191002367 0.306532594399442 0.698598854755243
-0.636491087847807 0.741434579687903 -0.212494374356916
0.138129083973293 -0.797271677503177 0.587603802244309
-0.389149999013028 0.198780040617795 -0.899471385715048
0.544665651564819 0.788227762527889 0.28641983588039
-0.365262741331677 0.755219699988984 0.544266786184329
-0.989176347539274 -0.0848132648553358 0.119736642567926
0.645560132647597 -0.0436620545240113 0.762460320364777
-0.633977754563297 -0.771030484547905 0.0598681769949753
-0.392614287255577 -0.85976551347058 -0.32658426675127
-0.561734169391767 0.784064982347563 0.264001565135619
-0.0123544902095613 -0.993999134929895 -0.108688022938513
-0.742510528213712 0.119766875204821 -0.659040219634179
-0.927577196854034 -0.123961180483502 -0.352468678905729
0.572582005743813 -0.531057342787465 0.62460222971897
-0.716175374432362 -0.493942107921206 0.493065945973783
0.0424362012071212 0.917698808536006 0.39500388053626
-0.660151815826591 0.248580676954181 -0.708806903963171
0.598283271270977 0.514436355507741 -0.614338964619055
-0.134142529423958 0.903000855203856 0.408160798339144
-0.755991411378292 0.26403691929175 0.598967020104764
-0.848724710805238 -0.253135907531567 -0.464315170532619
0.388381985906753 0.153319507826961 0.908654258528966
0.0854631446833301 0.994835559800004 -0.0547563681981286
-0.535370304048214 0.246742424613145 -0.807772748636242
0.228616230931487 -0.280997231601248 -0.932081098825159
-0.557813549937374 0.39751625525223 -0.728577291930313
0.652506295456609 -0.399536566594514 -0.643899111929315
0.478592121187923 0.55165998302726 0.683096511968263
0.360336938862182 0.474068935440345 0.80337782826133
-0.341372528332974 0.931854776520501 0.122928728845137
-0.0553415297060111 -0.470128806810954 -0.880861067420003
0.941426856029573 -0.2985557029639 0.156779995452246
-0.304143791744663 0.856104348074293 0.417829988334334
-0.762841025462492 -0.0458568071606246 -0.644957923517781
0.499906058330582 -0.842317813756732 0.201481099541519
-0.13098607024429 0.885863706756912 -0.445070940921626
-0.744444763810723 0.101006277903394 0.659999792014285
-0.542867005696534 0.75943859348704 -0.358536520941041
-0.242082427653912 0.589836620883185 0.770382281004888
0.32622488753046 0.298658967562989 -0.896872423396967
-0.0947938223959454 0.995166399072854 -0.0256509140565145
0.0320025261584873 -0.841555166374372 -0.539222347708325
0.60735718109915 -0.6817303898573 -0.40787366930498
-0.894874075324829 -0.29455572908743 0.335316733512219
-0.564253340963318 -0.617460765552311 -0.548051430264795
-0.138708879263218 0.686392060382985 -0.713880792749561
0.65550426429406 0.137047360759223 0.742652126100259
0.94518238652497 0.130798989732903 -0.299202073000531
