# command_history: dirgen -cart 0249 dir0249.txt -force  (version=3.0_RC3-1000-g3151ed7a-dirty)
0.0779630769125318 0.00298062486859892 0.996951791469238
-0.782113816782785 0.357837112898822 -0.510147604355543
-0.224037513899029 0.933049011910053 0.281472438685595
0.477668481032752 0.849356531546895 -0.224558020445703
0.757353065204359 -0.598740885126109 -0.260625568783966
-0.689205779836338 -0.206923863334528 0.694390313745014
-0.687474685158223 -0.475049239516387 -0.549278415106132
-0.975835549905155 0.104043047762215 -0.192145839803141
-0.289169690684243 -0.634368600184414 -0.716908201298916
0.291365344879189 0.230174113223425 0.92850746545477
-0.313026331338244 0.369329935113042 -0.874991379910863
-0.867725318351793 0.239070383199743 -0.435773018632416
0.465259009239774 0.88348206922223 -0.0547127744135717
0.714258279525698 0.682108461480802 -0.15672637590809
0.712294260270208 -0.0762741305675306 -0.697724260573104
0.757109406993453 -0.222446266644505 -0.614249952623478
-0.400212720065069 -0.696485481187096 -0.595598651101308
-0.620410572535592 -0.495264777972536 0.608114726993084
0.926127040030057 0.251382694697717 -0.281239126957254
-0.113480144848684 0.588001804990414 -0.800859621939536
0.948458008774632 0.291195124123801 -0.125031217213076
-0.991121214305339 0.130948862515382 -0.0230463437412176
-0.681776740145133 0.338558745724983 -0.648504782010281
-0.677141836061816 -0.307375928937669 -0.668579817347591
0.866724038856612 0.213149035622128 0.45095113824165
-0.668527050253601 0.482727868497704 -0.565725541278527
-0.516482919337789 -0.0323876144064961 -0.855684776343117
-0.371244520959917 -0.898692164446901 -0.233516378909461
0.428422702992234 -0.0650434933097107 -0.901234337749566
-0.242700255780035 0.651765073094276 -0.718539404165644
0.86061172875188 -0.0861822679918986 0.501916396443147
0.644694739861355 0.0644496488267291 -0.761718409362155
0.844105282695831 -0.532331510715723 0.0641048705178373
0.444921848188772 0.387333699030282 -0.807475791958995
0.810632610988104 -0.576522854099681 -0.102450811140603
-0.565837630906701 0.305999044598385 -0.765632000477231
0.283861141689666 -0.952094366088988 -0.113750473846255
0.139094310182246 0.988284606641471 0.0628196557650458
-0.021415987482033 0.324204853525484 -0.945744451969288
-0.722573023329332 -0.107747104963926 -0.682846093441707
-0.537809513655063 0.350195142204074 0.76689261921
0.470224232419041 -0.81059494121881 -0.34903440019058
-0.457661465164976 -0.883395720685975 -0.100786824420426
-0.124844621435647 0.940242360214277 -0.316793504600831
0.446706316030814 0.818716299449485 0.360772903963033
-0.0757530859484367 0.712205464629808 -0.697871654475756
-0.996637192527256 0.00385867930961678 0.0818499668013096
-0.32586925992455 -0.891276904082322 0.315332690480479
0.337110874273821 0.52997387622365 -0.778128491296148
0.231999135259145 0.970468719742102 -0.0660822611684496
0.593696742830243 0.448773751093728 0.667926865668708
0.237680236689317 0.755142857198945 0.610956111606002
0.759919210303768 -0.629435532869245 0.162276627315542
0.492330689025839 -0.867203532235858 0.0746225590622166
0.147716564948519 -0.450305360339851 0.880570780169889
0.969107388328553 -0.0468741350714958 -0.242143935187959
-0.559554578761662 0.707244743122038 0.432092058146296
-0.216970796617757 0.330957025332863 0.918363283672577
0.576638746859527 -0.0766936635664462 -0.81339156473929
-0.139243804578111 -0.391595009290355 0.909540824584306
0.827255830665197 -0.505193621068503 0.245819437518941
-0.925722264308382 0.255631434199914 -0.278730800617114
-0.460485784759578 -0.188286138311189 -0.867468254263068
0.63015405626498 -0.612495584167895 0.477236864405529
-0.275936833206783 -0.245691161334247 0.929244164534833
-0.317925965450376 -0.9460506398134 -0.0625401263278442
-0.651954568448396 0.718823654297327 -0.241345799014408
-0.275015701741745 -0.890980494364894 -0.361275687608209
-0.857713425557874 0.216368539616084 0.466382176634336
0.159651684686563 -0.184666050683996 -0.969747281151908
0.183450419051028 -0.982888005290213 0.016646705578817
-0.43808557238738 0.257715222547897 -0.861199103188751
-0.409788443247833 0.567001824425557 -0.714550462093901
-0.329802513555039 0.204048926024497 0.921734418279489
0.953309758238286 -0.301122099126608 -0.0229343904485334
0.0474155832351377 -0.312311980311659 -0.948795546690794
0.363948316973959 -0.695202204965136 0.61986733805181
0.50836818013408 0.0786734745440022 -0.857538499328361
0.937165541069323 0.0786123958035471 -0.339912988657788
-0.487861883882185 0.213443083148084 0.846423553849469
-0.567309106152913 -0.701193151049906 0.431843192601998
0.9306879312174 0.206771235450458 0.301770825091772
-0.65521091691027 -0.608889103565217 -0.447160724931373
-0.187511226044119 -0.118730549248273 -0.975060304177457
-0.474091414054795 0.720628339179033 -0.505897349164426
-0.995917432666353 -0.0298272463595266 -0.0851986073000486
0.762710325187158 -0.0548836149953568 0.6444072847648
-0.177720323802534 -0.528168308220545 0.830333502093568
-0.218054113262386 -0.650174737230096 0.727822241180586
-0.251496516848541 0.805435482964105 0.536677915322991
0.74913034889652 0.432783445110538 -0.50149996012007
0.558494402967674 0.594257129963361 0.578742140630428
-0.986585670659453 -0.161869312900807 0.0211433202326174
0.931311684892037 -0.0996937950463409 0.350313706287398
0.571120734644937 -0.72799007304733 0.379277681920742
0.966796309110565 0.0508530902689063 0.250437337272804
0.0255380111271694 0.125435975120517 -0.99177297106406
-0.879687629051178 -0.407128503791345 0.245756091877572
0.012228497873256 0.575466699515746 0.817733784057023
-0.034266073844541 -0.960133807151935 0.277432709944614
-0.917166508796892 -0.344915461785184 -0.199596892167272
-0.00187702043525017 0.90142758373948 -0.432925845922703
0.028055328749419 -0.702748015587808 -0.710885451473133
0.415057329327883 0.740252173592712 -0.528917888582407
-0.975103174262113 0.174518729584901 0.136810133279751
-0.147584951582179 0.592250453808707 0.792122517057726
0.81252394771124 0.581867329764134 -0.0351460516829176
-0.633801610138616 0.717307678840604 0.289422205198569
0.0506781586009652 0.625368091925045 -0.778682524423686
0.16181972712535 0.907919249229307 -0.386648435651781
0.124662046921426 -0.98001763339954 -0.154999394461155
-0.526197629627822 0.59849965008298 -0.604081305309652
0.569865662901262 -0.481003710949433 -0.666249620111696
0.11776934568249 0.244917379996308 -0.962364722022406
-0.0107032758569878 -0.486723533548218 0.873490493237486
-0.456047623048745 0.605563204864271 0.652160847050866
0.592348977674415 0.803954731940949 0.0527207514915366
-0.123197277907107 -0.277996758422592 -0.952649060789339
-0.359563022755141 -0.0898085815606647 0.928788916463395
-0.859358922611213 0.382900634336848 -0.338953309989643
0.175107148262123 0.855382827004767 0.487501493221138
0.20314701359402 -0.770272128061448 0.604493291608368
-0.685637013145561 0.599883931207412 0.412360467654181
0.08986330680108 0.742336673800442 -0.663973530211612
0.926020371464793 -0.326512917306103 -0.189408517402109
-0.234942244383596 0.954156152043342 -0.185440500759251
-0.593297659783852 0.803130515952329 0.0545826093289035
0.384269007189953 -0.898474650995507 0.212321999876956
0.537668394689509 0.813076167058074 0.223203592968746
-0.711087830360358 -0.703063462327783 -0.00747431957225079
-0.471400289676394 -0.435957017824552 -0.766631101314403
0.672739263338588 -0.355772184912769 -0.648728013889525
0.0953175803020727 -0.0322133335377968 -0.994925555017932
-0.383790171036183 0.346441005792164 0.855969470321069
-0.194047792621813 -0.953395377521394 0.231046982883225
0.305743575430944 -0.592719786265484 -0.745120205773606
0.843266771305998 0.352085493180847 -0.40612431336077
0.013218407289524 0.159562274186528 0.987099363977686
-0.0750561188982088 -0.99113319445781 0.109642919788716
-0.216720261988923 -0.954310217537503 -0.205728794161089
0.451683078380921 0.806075306433989 -0.382393772257978
-0.671825716329924 -0.719324297043839 -0.17669963938891
0.266575770274196 -0.467820646616809 -0.842663160047804
0.596772134724804 0.753283880667867 -0.276453276960066
0.268389884461016 -0.0551408003529008 -0.961730919777171
0.126452329735603 -0.162254734793395 0.978612900661729
0.860823460098037 0.0631171264558909 -0.50497445370315
0.878589623113352 0.470297885267517 0.0830672815881239
0.0733997950490305 0.792207379751171 0.60582170442676
-0.772223649549825 -0.492306076464064 -0.401628388130756
0.609532248900461 0.154149015292853 0.777630065413234
0.323020897299002 -0.857557600080276 -0.400315453677104
-0.428150184826971 0.479214318121495 0.766186045644255
0.440728635774635 -0.422417912749429 0.792036221770599
0.832147849400312 0.0681675132904525 0.550348205112211
-0.781981538096607 -0.357705311030195 -0.510442733846665
0.689399518084914 -0.485809111238516 -0.53732468015338
-0.786105613334791 -0.604093977917077 -0.130799199263051
-0.892564859152285 -0.443264150485833 0.0827336999084029
0.324572763334351 0.496667821991192 0.804968071354404
-0.909096815707009 0.0700514140405496 0.410652869297532
-0.781358117028257 0.210888814423555 -0.587371603761268
0.444039427730685 0.572281904159429 0.689436297849384
-0.880078163086791 -0.201616786080563 0.429898939785066
-0.32230201198216 0.80709944313034 -0.49468363826889
-0.297438546501154 -0.395076147348965 0.86916347648252
-0.548590785762215 0.140277490727258 -0.824239270704848
-0.29190702150515 -0.835119782804226 0.466224451487708
-0.95783269360669 0.257829941555799 -0.126807934670849
0.350206317809218 0.924227513777233 -0.152180937517363
0.634638161603832 -0.217352258101603 -0.741614724593736
-0.19973828464948 -0.0961638728601611 0.975119032324679
-0.425975018345064 0.748848555145019 0.507711655571487
0.837838508020145 0.487380996339671 0.245939827774045
0.784018254160432 -0.355980227732436 -0.508520849726726
-0.101812953465499 0.457696296641704 0.883259997139632
-0.412181483295973 0.0836598960618337 -0.907252691712102
0.78695274981789 0.504728098268522 -0.354901276938113
0.154246791722103 -0.88809094030434 -0.433015483548557
0.0417542400183148 0.980706930247057 0.190972512173576
0.580290716420757 0.371277698527649 -0.724855540788574
0.777142361457592 0.220745318454987 0.589339676594342
-0.183909679428881 0.71207334969075 0.677590417931482
-0.299837515575369 0.19672293487375 -0.933486770740886
-0.485230656183398 -0.518399866935975 0.704139750518739
0.280650993392789 -0.894579131970353 0.347797637356567
-0.8094263058138 -0.553066117592069 0.197349753048391
-0.246085525812646 0.0418592630612445 -0.968343800559225
-0.673087907237667 0.182757686577616 -0.716625632479899
-0.526135806053763 -0.626524461405204 0.575020184731872
0.227745740508302 0.390722837899977 0.891889870793313
-0.256092928000748 -0.753685134745522 0.605289294380487
-0.130822194778323 -0.676782296240239 -0.724466201315957
-0.701099051385471 -0.63816479779818 0.318128607637856
-0.931624970651569 0.198391659503146 0.304492468704976
0.862734650309739 0.356601435932292 0.358502913580853
0.524419159293392 -0.819569693010812 0.230846407085262
-0.971426672825492 -0.189756567384439 -0.142557582953938
0.870586133769114 -0.343253046616893 -0.352501247766824
-0.719091908415087 0.608751739885915 -0.335153914549448
0.387488672777257 0.335957277690726 0.858478442382776
-0.767647144134514 -0.073879011238159 0.636600152215342
-0.693335448927641 0.706556876773008 0.14164510279243
0.0805290131068836 -0.98530470287567 0.150631074281238
-0.0385650853042197 0.817880754233071 -0.5740939000291
0.912528906992605 0.0571481044900083 0.405000108711196
-0.509902773609192 -0.71689009833635 -0.475465822507729
0.429949766924505 -0.823805321218075 0.369442811074121
0.336939374852401 -0.702925819118118 -0.62639216988337
0.945836874678754 0.322546141443654 0.0368319581034972
0.572697312518433 -0.607563010323018 -0.550349867558262
-0.896183457496504 0.440354685421959 0.0542490694532031
-0.341032840589641 0.938733614112091 -0.049757445426911
0.820605475579684 -0.081669099510983 -0.56562957103895
0.0122696548999918 0.884952334014146 0.465519948113452
-0.0640351104600503 -0.431958304881594 -0.899617433953005
-0.380044544171751 0.894040849403994 0.237185800675906
0.357826079013767 0.0742716229989504 0.930829857275075
-0.282961428024894 0.518334662029638 -0.807008059680158
-0.603784824311007 -0.721499312234508 -0.338943399960612
0.126678766995055 0.837097452657103 -0.532184502543621
-0.056730878488093 0.947130736631018 0.31579261415485
0.170798381035378 0.54337491480422 0.821931636449894
-0.633443738321573 0.76823661325554 -0.0925285709110919
-0.177234004502593 0.304443902386618 -0.935896371372163
0.738470137349123 -0.674227912926672 0.00886440489322991
-0.554247825088444 -0.299657125661525 -0.776540375914223
-0.424740704107674 -0.2387951907444 0.873253795383372
0.762521521313146 -0.489222491243717 0.423346528975469
0.442571555504265 -0.893035115448657 -0.0813553983097617
-0.732146408239627 -0.61486141790152 -0.293099085085481
-0.377589488068705 -0.646420223613253 0.662998546758442
0.164342542445387 -0.867700913607793 0.469133939580998
0.975094458033087 0.124566047439163 -0.183505034640861
0.788908555786734 -0.477710358950931 -0.386543792548092
-0.702087203240215 -0.347654560823165 0.621457854874476
0.563100797054124 0.225055305149471 -0.795152565223234
-0.904105714571783 0.402422857556806 -0.143696557350761
-0.599351439194972 -0.792685549727443 0.111478570085094
-0.667630719233108 -0.57726499028028 0.470142907776978
-0.113549336519913 -0.933581413885089 -0.339900414569041
-0.560304656790729 0.460412658999069 -0.688533859016411
0.796182387691962 0.234800566474848 -0.557639937156779
0.538368704302639 -0.818098689576238 -0.202172382735973
0.645883879704236 -0.019420360483718 0.763188615963896
-0.854761723426474 0.467256957167152 0.225949844310411
0.088257992997998 -0.810837156585804 -0.578578976607182
-0.0244922926086039 0.999411962765282 0.0239970057386447
-0.34327266934118 -0.803592632644354 -0.486212664626393
