# command_history: dirgen -cart 0042 dir0042.txt -force  (version=3.0_RC3-1000-g3151ed7a-dirty)
-0.0659212984833681 0.997709938480186 0.0151413692951256
-0.124522574304173 0.139898549968728 0.982304700286682
0.904444106536848 -0.0624323525888138 -0.421998885663209
0.736217859751388 -0.387731412252581 -0.554659909255847
0.247020296477689 -0.652848196612548 0.716079747868782
-0.467977484150207 -0.524237821876605 0.711457504312461
-0.770048826830071 -0.634920601846019 0.0624550530311185
0.30210175471993 0.0964639101536784 0.948382435430456
-0.0632678573262362 0.209353352098398 -0.975791141686842
0.277307748546143 -0.903167422227403 -0.327702639634436
-0.0963847403526865 -0.518064439984944 0.849893650905942
0.461054883704483 -0.665675501544239 -0.586774676392968
-0.415160825064605 0.327722688480204 -0.848669151546693
-0.901269270591212 0.349306272791995 -0.256317829415257
0.708348217985476 -0.376686479331743 0.596950666609442
0.0431286416118307 -0.770726817459329 -0.635704407033436
-0.651458220417441 -0.000494366117619146 -0.758684349813994
-0.901851089833079 0.395036155012791 0.174960132600538
0.758210199648384 0.462047871103551 -0.460031583652508
-0.464936670098987 -0.882680206338555 -0.0686261330353859
0.21231470265715 0.951241447163125 -0.223745784842104
-0.900680805479678 0.00350142817315191 -0.434467290645944
0.998700884593049 -0.0476889211992449 0.0179529916146204
0.741618768178117 -0.658020866808178 0.13042293330157
-0.277380827069623 0.467736212814681 0.839215533695577
0.655245708364798 -0.711828133892743 -0.252890825195952
0.487276606116499 0.401562752680009 0.775441077575621
-0.171906999254408 -0.931617332001419 -0.32021419444163
0.658481625674443 0.674110561985239 0.334629494918018
0.439382284539855 -0.895514234568415 0.0706927416209349
-0.765515660398462 -0.355097853925651 -0.536555018448344
-0.365041585668015 -0.183450733685788 0.9127378972318
-0.365450806066146 -0.723046111890829 -0.586216707732865
0.542778449609202 -0.179267977940702 -0.820520899627111
-0.159195171223369 -0.795544890383895 0.584606897704123
-0.526647804515251 -0.768899770558598 0.362539974118995
-0.941887072499409 -0.264108317854173 0.207594650939596
-0.711003306912358 -0.146031538502926 0.687858333759328
0.921794541275093 0.343077045704231 0.180535216471187
-0.540208912744637 0.701813249521566 -0.464362459063216
0.184870687770403 -0.901746623163277 0.390737579990619
-0.117835994540515 -0.477342752496806 -0.870780440196851
