# command_history: dirgen -cart 0195 dir0195.txt -force  (version=3.0_RC3-1000-g3151ed7a-dirty)
0.0908021823109781 -0.195173861235294 0.976556259300031
0.499476404061462 0.434587523803158 0.749437793242688
-0.643563406175042 0.0698740739665045 0.762196664922972
-0.224730689645498 -0.0743993336660178 0.971576479893123
0.124243407461528 -0.88607830284078 -0.446574536821291
0.225132040497377 0.973142148606027 0.0480616577734612
-0.153415065139129 -0.96464927621051 -0.214279237666405
0.551773161234883 0.562406428669836 -0.615829024593437
-0.565591845273729 -0.0961941870315823 0.819055885114802
0.531394163860796 -0.34277266288282 0.774678736118984
0.410966890737037 -0.238762364401581 0.879828817477184
0.177935473921758 -0.473796638578432 0.862470702338357
0.0911460345514515 0.992785886642446 -0.0779011146846989
-0.312259310522541 0.427160131868896 0.848544839554007
-0.776632150426726 0.048689083650467 0.628069961116464
-0.66331864938803 -0.415520748597679 0.622375189784157
0.426802004651238 0.17600500072485 0.887052584994559
0.294572755230135 0.948498020416929 -0.116526379594038
0.568528654970849 -0.604111411568661 0.55841254542637
-0.41927325589551 0.260628031249759 0.869645310582224
0.852914477448913 0.0662291587929883 -0.517832591368697
0.720060534195892 0.498223947078986 0.482996610392415
-0.891629704714961 0.0272353225959528 -0.451945468915229
0.213587094990447 0.542342704852039 -0.812554578688297
0.214425431458486 0.889216006928714 -0.404124519629279
0.104179147507821 0.755055364653914 0.647331523666111
-0.0489472352504099 0.749894387869157 -0.659744325632047
0.340265412466034 0.536890026951046 0.771989992188905
-0.287562069342806 -0.246914462244538 0.925387110678431
-0.234878129219977 -0.260117851489628 -0.936574058871237
0.557693729187095 0.692826773060591 -0.457131017276054
-0.0232373142153816 -0.521438442513657 0.852972436774476
0.925695453082114 -0.0440220624934775 -0.375699329460301
-0.246906046948967 -0.685093488236198 0.685335185406669
-0.0194787067411981 -0.944097528668786 -0.329090316395333
0.712354704867701 0.103499383579896 -0.694145987564167
0.0949356911020552 0.813850149020752 -0.573267083909302
0.298474659067461 -0.884648229887342 -0.358204393121798
-0.441426004275965 0.784904055860559 0.434820314431836
-0.0319185560552384 -0.90872883961093 0.416164753239292
-0.953274576232962 -0.245888821364451 0.175517149691613
0.0300111871101299 -0.967479072082525 0.251164435640433
0.156487456491433 0.956271649225183 -0.247095545991811
-0.58338324896637 -0.81177378969873 -0.0262163915061572
-0.472577673072288 0.753924006133537 -0.45636491526972
-0.931963395653759 -0.139523064322331 0.334630458391974
0.171269450717624 -0.912721694129265 0.37095267126237
-0.702622435448753 -0.625591517150581 -0.339053044335687
-0.590968666445771 0.739826827935375 0.321577828754391
-0.389179712624328 -0.843903065353147 -0.369278712586048
-0.94072594532915 0.326797278514847 -0.0907647207887837
-0.989319158951729 -0.143234683839895 0.0270449085102627
-0.324072984387737 0.0915395890917234 0.941592908012238
0.0750733587726653 0.359297191921997 0.930198644741841
-0.810644029130684 -0.348847236859696 -0.470278495542935
-0.0352939760435107 0.364528780445935 -0.930523026841163
0.481050796751386 0.867099757741578 -0.129337315069369
0.711863127011843 -0.510438923141077 0.482392987245357
-0.451166738821096 0.891354130105975 0.0440044148303067
0.779153741526562 0.608488971018492 -0.150534445274221
-0.715833932851731 0.596079642665286 0.363690583020853
0.629559302069173 -0.670974821270891 0.391724232590571
-0.720798611245253 0.221374320500872 0.656843034712017
0.0921594631475168 -0.992531012963875 0.0799301048245597
0.364863791790123 -0.419536247361455 0.831182140442395
-0.0991498503612496 -0.222811932272214 0.96980624354067
-0.139919909010668 0.012006340378212 -0.99009002967062
0.575099833400793 -0.65489861110296 -0.490273383733805
0.80433927786035 -0.591351003567467 -0.0578127725579787
-0.492400201268163 0.0829791646642685 0.866404351341043
0.478991050563071 -0.519096893565688 0.707888401212322
0.76346488454612 -0.566832389097815 0.309551954822841
-0.884054334946277 -0.345925781341074 0.314298085686604
0.529975880241739 -0.7999431891509 0.281454188977676
-0.833249818194602 0.399465683529089 -0.382258954324553
0.554446273591048 0.754970793933309 0.35015486575044
0.795532971963875 0.516814879900503 -0.316274675609278
-0.873935556954676 0.214389861133814 -0.436203656258569
-0.420902984272855 -0.689197760837399 0.589785659614507
0.903440872375079 0.295588917465836 0.310518569482617
-0.981786062943464 0.149994578185062 -0.116609404102151
-0.776634729917432 -0.221786624969826 -0.589617833236556
-0.406861406134541 0.676213685554126 -0.614165163182942
-0.673350392095576 0.248951979104368 -0.696148088817855
-0.980084710116779 -0.0420183543331203 0.194083535866505
0.333123174230416 0.919441485305668 0.20894091482895
-0.126623816828245 0.419658968311285 0.898806296889243
0.821589904584687 0.47180223921219 0.319988555668617
0.181672017818228 -0.567471493583651 -0.803101103169329
0.22976017952467 -0.95136773243649 0.205206475491012
0.693486804297252 -0.720364121973117 0.0123119470225505
0.427289120786407 -0.03500230560353 0.903437239580048
0.577339071844173 -0.247884636089842 -0.777967096548894
-0.0618642519105084 -0.864455222567359 -0.498888747629741
-0.7836751724045 0.331542236989306 0.52529322216159
-0.248389217765539 0.265128854410542 0.931670267346113
0.268220592798816 0.793684558503483 -0.546005984575062
-0.143578355274703 0.953282617643276 0.265777175084309
0.564606334086946 -0.820499268965457 0.08944628072788
0.457184426878508 0.610942267889761 0.646321858771221
-0.883323591878082 -0.441805610623621 0.156675570696564
-0.249926673437042 -0.811228490976165 -0.528625570071321
0.679444317549052 0.665776073963477 -0.308379050339161
-0.019301352474344 -0.994365428558353 -0.10423460212724
-0.461936706287398 -0.258839243606103 0.848302260608665
0.0171672866263185 0.524978289615213 0.850942465565431
0.755532169067531 0.249441655449176 -0.605763982117529
0.690842234087435 -0.50185508714165 -0.520459872719433
0.819252246312857 -0.430038411749768 -0.379331940826335
-0.871021549423773 0.448882848734788 -0.19956364536446
-0.799425575846871 -0.0380775355057634 -0.599557211591776
0.374835627017606 0.353022139805689 0.857247701382355
0.50243549095036 0.842375254506214 0.194839698288264
-0.92408823239839 0.270698999134892 -0.26978322892683
-0.688128976170389 0.0532097001035798 -0.723634742096854
0.402550346705655 0.0856488330469845 -0.911382189734278
0.079803088046713 0.153933458290997 0.984853267018383
0.678436949793277 0.143787665378902 0.720450145700645
-0.388552588590472 -0.562104262260059 0.73011347354279
-0.233109886683586 0.309541809116319 -0.921869648670224
0.138625099680564 -0.0985182707137845 -0.985432510156895
0.588170248984071 -0.799430980515783 -0.122335054671956
-0.633665671539523 0.434466366576994 -0.640083426613867
0.766443659859341 -0.334535047724308 0.548315983813634
-0.676558744657701 0.706908403270022 -0.206273542688886
0.0370284821920418 -0.670069930275028 -0.741373846347289
0.640647555513398 -0.391465339495861 -0.660549466420266
-0.967396523859028 0.243609121670114 0.06927164978969
-0.731803984067147 -0.681297628988938 -0.0172182936872809
-0.277543640651818 0.12771491479969 -0.952186131001414
-0.800148722058212 0.587735432520998 -0.119704151757428
-0.645396404334083 -0.750938442510216 0.139838967505366
-0.425623557062489 -0.74273615046395 -0.51690192345112
-0.793716486987051 0.148148747808197 -0.589971259306585
-0.585518292306978 -0.644209847098583 -0.492099585729494
-0.232254417421128 0.724906569179111 -0.648512414337107
0.681015122302699 0.558405597610381 -0.47371045138611
-0.366292736905969 0.570077120432598 0.735419409350346
0.671785405312412 0.347577562384947 0.654136229951971
0.940798534545542 0.338801227587171 -0.0105757071813496
-0.0843768453667355 0.791839339546116 0.604872720754646
-0.0656754081628243 0.257260995033661 0.964107629467238
-0.895842092737975 0.443212031492554 0.0320942365400616
-0.483575207543951 0.417632560121506 0.769245125675283
-0.536208965645912 0.5497911128861 0.640476133319895
0.0350574408417381 0.0431823777314549 -0.998451930788401
-0.896387045021762 -0.414657045225624 -0.156683759087881
0.230664151041396 -0.6967159581589 -0.679250265418482
0.408513480271941 0.806187726346472 -0.427993091444724
-0.953310609637422 0.0846065889340582 -0.289897579606436
0.555739951588105 0.264471358621922 0.788167499125361
-0.962852878318054 0.147669149182533 0.226071132819619
0.781055899012899 0.406548885843536 -0.47399333965419
-0.210611168854263 -0.454325481621433 -0.865581476409526
-0.117732983162096 0.621252887593864 -0.774715298888591
-0.356328978876008 -0.892746138103909 0.275742618602452
0.412175103889969 -0.897144213687474 0.158883427645482
-0.155618946522192 -0.616745535115645 -0.771626650912369
0.950267007080422 0.104274524456191 0.293461136786205
-0.288597587839127 -0.691013458913439 -0.662730587715643
-0.617266425941945 -0.266283919014094 0.740320899258797
-0.0815179404564601 -0.66525640153831 0.74215143036717
-0.855131400509812 -0.236701711247632 0.461218589992391
0.210150118464932 0.901797334777591 0.377622158641688
-0.827034535103238 0.516719124877614 0.221393820447372
0.603672210544037 0.504607761829909 0.617212174959215
0.157990185856966 0.389688742342854 -0.907293659883131
-0.345179765806358 -0.40997575998435 0.844257546903267
-0.9912173386763 -0.036834364126095 -0.127009515891131
-0.561190450554378 -0.0561652464428664 -0.825778870702434
0.271759905203342 -0.802940390171491 -0.530502859327944
0.912599882463118 -0.353544920846606 -0.205347129202895
0.154976965383667 -0.983717368283727 -0.0910070301537641
0.359056726908882 -0.870563485943613 0.336448337495055
-0.297737709308625 0.813103608011827 -0.500214732983547
-0.291109656735483 0.956259450558449 -0.0286885163959842
-0.109249081642028 0.845196849350646 -0.523170071781745
0.535727669044977 0.792988610594792 -0.290111923378853
0.852323376797749 0.522963886900623 0.00732354844835186
0.512541983189695 0.422326230902659 -0.747623749060668
-0.317361885177432 0.932649964115856 0.171596848080958
0.709959031760737 -0.677538329158159 -0.192093690013304
0.558999426491663 -0.147458089405918 0.815950827593642
0.305446998645445 -0.581529688301438 0.75400620199208
0.411821070231204 0.910545837503981 0.0361895553689059
-0.962616853582684 -0.229879734710959 -0.143262349442531
0.411576523614146 -0.689373178666993 -0.596128665427407
0.286719558877671 0.0845231728261453 0.954278642647102
-0.878794067741494 -0.160651461484593 -0.449346296774796
0.791404704626996 0.586375056733142 0.172750937292568
0.460447915266175 -0.851444789216548 -0.251056743074195
0.658497896824631 0.72933461549217 0.185611256453983
-0.850584599327291 0.153630910654486 0.502895001644185
-0.896007238185599 0.256857096609512 0.362209139918289
0.997368744040551 -0.0569931362058465 -0.044803692218337
