# command_history: dirgen -cart 0283 dir0283.txt -force  (version=3.0_RC3-1000-g3151ed7a-dirty)
0.583333221747398 0.199087642728281 -0.787455689495414
-0.22084504112679 -0.631962898958315 0.742866315126692
-0.529476489692888 -0.836054751055991 -0.143760565174188
0.181024164496993 -0.0349216467251934 0.982858448841015
0.851090189300901 0.395241916419049 -0.345585470153411
0.243415656748922 -0.93972300223931 -0.240144742003295
0.0743064767793994 -0.0370344725432385 -0.996547537928862
-0.053078895659773 0.470731781584857 -0.880678273060875
0.941321391494554 -0.141401418573438 -0.306463173546474
-0.872021613053106 0.326798346586587 -0.364391474977849
-0.944439709356159 0.26112253617603 0.199621282663579
0.922232376430529 0.340837496758553 0.182530119888918
-0.328504407517713 -0.00147470403812164 -0.94450128612376
0.497037134161835 -0.495788523134678 -0.712143122969059
-0.239307880468175 -0.00147086227887425 0.970942621842293
0.89595812046676 -0.174654516706749 0.408356273569542
0.614079449179648 0.741287985119502 -0.270921673575018
-0.986781244985194 -0.160223133897149 0.0243171114576968
0.897808595860372 0.391899524354067 -0.200884265213291
0.103890564880936 -0.785574043880948 -0.609983747414023
0.0513160149003528 0.992092294690051 0.114540584210905
0.482701807065234 0.315263673524163 -0.81707269053127
-0.544438778139831 -0.34925353876658 -0.762632534394271
0.697171497335034 0.2240654542254 -0.680989409261547
0.832349107295168 -0.133853836207761 0.537845808868493
0.462332327771268 0.046838327992628 0.885468796586563
0.128781497632823 0.232338443016996 0.964071664226205
-0.918633375362752 -0.112546031881831 -0.378742805050196
-0.0818400396242518 -0.675711097559939 0.732609528022018
-0.658171237616684 0.0292723305884222 -0.752298978223448
0.000534367416913204 -0.958896554194606 0.283755374936186
0.994372990079076 -0.104714644199358 0.0160374527715803
-0.867967864267196 -0.255693860635865 0.425737520348595
0.847608297074367 0.16683354919773 0.503712955553835
0.455239689859278 -0.717023039577309 0.527858679470315
-0.523537317852092 0.233383800212449 -0.819414839147201
-0.0213227005835692 -0.778165838541904 0.62769679795758
0.150943316290167 -0.3079844706361 -0.939341088803385
-0.0569615880235176 0.988570146133835 -0.13958668870192
-0.269005276785479 -0.947428900060875 0.173247338770348
0.950623261562988 0.309451399475497 0.0235636571440875
-0.0855341659230679 0.432417726401785 0.897607272894642
0.944761618182537 -0.0486591769919293 0.324126162633598
0.252633126556076 -0.883058949977019 -0.395453403363767
-0.865657099774802 0.500501295537934 -0.0116721366651095
0.221621797634984 -0.465336932113068 -0.856939506864187
0.129200573880485 0.110648412327842 -0.985425867611705
0.245896813194905 -0.309458102179205 0.918569779742527
-0.0452988846253326 -0.735898786803382 -0.675574560380282
0.642651379375164 -0.692300008698698 0.328207103126946
0.42962458066792 -0.2340935939686 -0.872136978317499
-0.727277517766077 0.637587018353924 0.254067326074343
-0.282609139316959 0.243710693026174 0.927759221177149
-0.913696876904379 0.0191866033829332 0.405943212020858
0.510471689451965 -0.710963666674373 -0.483683076959477
-0.66031341670778 0.525985558354862 -0.536027409856829
-0.0286849160940422 -0.905627895968862 -0.423101984906348
-0.346191961151853 0.104658693524105 0.932307719534522
-0.856181647838601 0.489290139923751 -0.165976338306924
-0.418654431891383 0.122010002753676 -0.899912232323659
-0.880463733348808 -0.467740469520102 0.0774755924830085
-0.56148575475093 -0.773263281467076 -0.294614400100451
-0.709277164320082 0.386727421509053 -0.589379169658228
0.862962632423182 0.396991253630732 0.312559497667168
0.207471213537281 -0.450207838580148 0.868486383102441
0.335986525727922 0.892457378416646 -0.3010529558715
-0.773887268795392 -0.547483508458782 -0.318371329051583
-0.845644574275805 -0.497143891026362 -0.19425036837304
-0.188040256392346 -0.76704853682968 -0.613414545086231
0.420519479204472 0.892852040591428 -0.161178786511508
-0.623749875465788 0.0745279731708624 0.778062770007316
-0.204227800677028 0.975197822657349 -0.0853241590347722
-0.452228939683116 0.517794282368546 -0.726208005504984
0.972362463848696 0.141250201137028 -0.185902177439756
0.302627814861886 0.4367972387882 0.847127250098192
-0.674579155826714 -0.670155511889001 -0.309571562661865
-0.2330307757161 0.96906568573014 0.0812917850064042
-0.0434327187676743 0.85746706049917 -0.51270248595005
-0.300712560163323 -0.921030808571526 -0.247536271730228
-0.313360034371117 0.929982186303423 -0.192194229927014
0.346135745629378 0.937714624842012 -0.0296871681876203
-0.325177281053527 -0.786066687429395 -0.525698486587524
-0.446596901597778 -0.176111455135939 0.877231989187106
-0.502999244184216 -0.212068264808544 -0.837865628493735
0.495808102967509 0.460485431284331 -0.736293075213018
0.544019148595733 -0.0771912670104657 0.835514616424209
0.44017804708032 0.465311598682082 0.767937759848075
0.339296984589974 0.682473651528349 -0.647384948247728
0.388364446255388 -0.646659992424066 0.656508881191148
0.239764987350596 -0.679852310614808 0.693046597706442
-0.817319370661482 0.41528333766323 0.399410560452283
-0.777445774964532 -0.334308145047545 -0.532743963968309
0.0501849900194046 0.623359822548215 0.780323009022168
0.381830362276181 -0.72254902571788 -0.576305890893181
0.354331757414246 -0.42080576409955 0.835087728677847
-0.164753009751544 0.955510334840923 -0.244655769991215
-0.786018473460025 -0.38841180067156 0.480948263827461
0.238702198126517 0.872718004941617 -0.425892644289958
0.669244088470485 0.351930512150329 0.654413680071647
0.511824510479535 -0.766479219168413 0.388001645686412
0.720252684589488 -0.562093771307089 -0.406554624373416
0.681474426859855 -0.204944976350219 -0.702559721450668
0.232349981599936 0.12079946755206 0.965101535948238
-0.0503192809647302 -0.998286464003695 0.0298681393828321
-0.836282169495293 0.0331631954184393 0.547295473628172
0.65020310104097 0.742101157938878 0.162855146625713
-0.148600196210032 0.783587369118468 -0.603248552956688
0.669929421898411 0.0746600560261214 -0.738661252340366
-0.681019395072196 -0.722009095184848 0.122128825450245
0.590486870896142 -0.803308639031544 -0.0775917892342456
0.19162785577106 0.662213154878233 0.724398027605544
-0.107937189043587 -0.978556514215114 0.175432926523312
-0.791955462685692 -0.24396401648169 0.559721451960181
0.0337424613019234 -0.196996996669763 -0.979823264475988
0.60235264983763 0.347075519043671 -0.718825339922121
0.840711928195526 -0.520890452119943 -0.147907371959758
-0.242823432855502 0.712239871769617 0.658597863280674
-0.213193103538074 0.850336855977886 -0.481119457068042
0.0905603525979991 -0.565925669998308 -0.8194674847572
-0.662135258809667 -0.63821394019024 0.392759297264755
0.491686288816871 -0.849459513164107 -0.191476183596006
0.930203012738035 0.121354592437325 -0.3464035478852
-0.87446479964223 0.160643617350645 0.457717098644102
-0.576846729993892 -0.59343732455388 -0.561319865960298
-0.472474283899688 0.881014906265342 0.024099501898365
-0.910106699393244 0.352419805811437 -0.217958886470283
-0.307130893719577 0.759246418973337 -0.573773029515311
-0.0209404293341019 -0.336211391267876 -0.941553715303074
-0.886829579328921 0.0102002850990222 -0.461984038048055
0.625051682263991 -0.683295990701816 -0.377381747822784
-0.951144642320386 -0.285088854121716 0.118525164588753
-0.0929740390980297 0.995346545258148 0.0253196148562288
0.343167992309349 -0.938785789124577 0.0302815321956468
0.315798456006264 0.863951585145504 0.392248637612205
0.78622791150309 -0.179856521418538 -0.591182969034725
-0.368773266461717 0.81866025654799 -0.44022910205021
0.394982656735928 0.910717705207597 0.120755796131018
-0.164786903394247 0.580662610881023 -0.797293050762747
-0.683558050763802 -0.471313144505061 -0.557326036582486
-0.107393271167734 -0.51904694890128 0.847972257885932
-0.756303311791539 -0.629510035410298 -0.178107877116304
0.585433614615146 -0.465589772607324 0.663696953829159
-0.401050447865712 -0.0354760900390724 0.915368770115221
0.186612596325667 0.747128013280939 -0.637946291362738
0.0645904221641996 0.90894392329844 -0.411884718900192
0.622456826557747 -0.326420762337023 0.71133465048947
0.927184011642533 -0.368972303263151 0.0647244001837395
0.60709987821831 -0.756782805467178 -0.242300481255281
0.374464165712306 0.560283775965861 -0.738822494911209
0.376565732964995 -0.877647429063955 -0.2965353925149
-0.50287445384412 0.612688333342629 0.60969688358791
-0.111572974739138 0.86942768877309 0.48129716943126
0.169823701532091 0.919070705420699 0.355624730348491
-0.727746466440308 -0.638477823767332 0.250461871631149
0.389173011082339 -0.276127892395932 0.878804730577895
0.996110474700308 0.0180140615529511 -0.0862520479681133
-0.568625343256574 -0.476796644839013 -0.670320951840687
0.180529351067316 0.852967200712489 0.489751067290225
0.759712641047352 -0.598872635819516 0.25335403904308
-0.738530571912976 0.0527811764689972 0.672150832596703
0.372276946233109 0.167728135200877 0.912840154663119
-0.968431123081242 0.000450048050318136 0.249280880342549
-0.618390908770506 0.479343254799136 0.622754147339509
0.372970878606774 -0.618164747978569 -0.691928513697682
0.101091471316214 -0.978467960227638 -0.17994711788492
0.156451406978069 0.964680214825541 0.211931688000475
-0.493169755473233 0.380024823422736 -0.782537363880467
-0.941430136861632 0.205657911165163 -0.267234206238405
0.128401270886867 0.838421831635796 -0.529680985000514
-0.683443448746145 -0.579729134842538 -0.443643080167716
0.215606903675076 0.388674753456571 -0.895793279229712
0.967563248186866 -0.24914425684014 -0.0418150695522073
-0.397675134645847 -0.814869134414921 0.421714098723631
0.188050246473979 0.53822758607916 0.82155229315271
0.407968956722239 0.327620405389604 0.852189063719618
0.981648744873688 -0.122954864356541 -0.145766398799511
0.675673769667457 -0.714863031619404 0.180099425338573
0.311407556655847 -0.555656605272898 0.770889791522909
-0.784657299293392 0.617382425328305 0.056141460270819
-0.553068309911033 0.798060979786448 -0.239194726351665
-0.0218887930667736 -0.230830568525522 0.972747721340053
0.602271635317346 0.492005918837184 -0.628648592714044
0.329376387150156 0.688199535507586 0.646446126846664
-0.0292239984284174 0.0781417472435991 -0.996513835956919
0.820298791665988 0.57014639999305 0.0451992805947705
-0.297637178797956 -0.788107037747607 0.538794401279269
-0.646892394615823 0.180496701780011 -0.74091239052586
-0.446565012312152 -0.715695771780753 0.536990923604673
0.916698203135108 -0.38846151046675 -0.0936058719031823
0.108394980861428 -0.915993687593762 0.386272044565009
0.725540573569881 -0.452716602623869 -0.518303534439608
0.483964539997836 0.597952651113437 -0.638929535278419
0.0129909975451389 -0.593249124149776 0.804914101428411
-0.325192270756136 -0.571528482017858 -0.753395766700896
0.690733033758614 -0.722577586283943 0.0277400049512021
0.382359889035393 -0.809125181580004 -0.446225678093458
0.234671306099219 -0.597858742927777 -0.766481768601514
-0.754398730698514 0.0809161310646955 -0.651410112643327
0.471600809424283 -0.368771963052938 -0.800999323230952
-0.436259933043885 -0.857197759311379 -0.273659043797379
0.0979277991880683 -0.683820465074667 -0.723048904079972
0.194048517416247 0.980267164144799 -0.0377022517639176
-0.0937464892248564 0.336556278583449 -0.936985307837894
0.724250222508783 0.688969379296729 0.0279787345578511
0.24460570726768 0.964845029354548 0.0961359313779194
0.739874662168442 -0.239193785987653 0.6287859866648
0.270827809401974 -0.898996184937128 0.344177508159697
-0.248275855775749 0.807257004810334 0.535439284721871
0.538283938240444 0.735802787144848 -0.41090711877775
0.76598050302108 0.523752952004421 -0.372768982425078
0.493118869620763 -0.0902100126480116 -0.865272173389383
-0.280733629003262 0.158032490102062 -0.94668598892072
0.71832392226772 -0.570184491168301 0.398623116149909
0.251520591163356 0.512830325077021 -0.820818158852637
-0.930398996039355 -0.230217485702422 -0.285232567295209
0.586418328725293 0.0923952438825626 0.804721481410131
-0.544385730693656 -0.0546328286080538 0.837054018720069
0.885543714287383 -0.393117962630634 -0.247528983238822
0.77623939327343 -0.434867359570085 0.456445817059418
-0.366730658161545 0.920184318054689 0.137001624700682
0.822686610126298 0.520905205907056 -0.227693890954124
-0.0770090238668487 -0.0824986019943694 -0.993611388276146
0.969530972140329 0.0755022437646813 0.233043140313391
-0.180087940637655 0.143515812556671 0.973124629830674
0.811971561121513 0.0437450775634365 0.582055454504862
-0.971948464352562 -0.194245337152602 -0.132608188424277
0.501155972529853 -0.792281776873166 -0.348040625836059
-0.611906274143746 -0.790863948415012 -0.0102433764421529
-0.63704204230332 -0.225383871512927 -0.737142826594589
0.924177211013239 0.259404631230211 -0.280367116367288
0.456435699965579 0.590320347586548 0.665723921022994
0.716178358465729 0.094077004458355 0.69154759496182
0.811128819429009 -0.30247259967388 -0.500580028305393
0.702958722192331 0.372086453568594 -0.606135880776309
-0.996067253214123 -0.0422220810921772 -0.0778930224263822
0.485390587605376 0.874243218042616 -0.00973515128794487
0.864571625707989 0.285148148268075 0.413770996518525
0.891059194982024 -0.279910352001749 -0.357300581975799
0.0193745724582876 0.960468893160112 0.277712317360695
-0.0840325068706844 0.697364050681556 -0.711773783309023
0.451028274091566 -0.881670530778438 0.138674334780629
-0.77646120851001 -0.0962544752405774 0.622770477523892
-0.451008856211399 -0.788815052298513 -0.417566551445611
-0.118064940682285 0.933626908832909 0.338232856010168
-0.863679966969681 -0.112097985497817 0.491417293450874
-0.56199257146007 0.22391067888769 0.796258976403878
0.755387161529751 0.216039468189474 0.618641402090448
0.0519745165202754 0.491338370098789 0.869416618026795
0.692674835010668 0.513110941972252 -0.506871516433201
-0.713083506609304 0.332765883953551 0.6170727502316
0.483640365382828 0.826404980350463 -0.28835187778878
-0.363239708188352 0.497637949781044 0.787663243609197
-0.164747400980301 -0.390188523882512 -0.905875935048847
-0.98132544835449 0.0794118131678883 -0.175197398214832
-0.558034090426216 -0.817608866317913 0.141822761362634
-0.329119974921026 0.36780849244502 0.869710845622443
-0.528654522665947 0.597493599467981 -0.602931002901356
0.291862083673649 0.144155916902174 -0.94553455554822
0.0382662698897597 0.830365755078361 0.555903233829295
-0.457936404858257 -0.699384664871437 -0.548776220009724
-0.593096718315791 0.653710362624669 -0.46999898353099
0.372036602690732 0.41888524449444 -0.828325973396447
-0.0651410145845615 -0.377370705637775 0.923768368556394
0.825549464076079 -0.46844945460135 0.31467950496878
-0.58090458403404 -0.623662946057374 0.523062514393143
0.134238572757542 -0.191600002357726 0.972249682273302
0.788979190719695 0.605994234617715 -0.101404261357129
-0.61943447686777 0.592744675528846 0.51473748503461
-0.696510731775689 0.705742804306848 0.12961440772692
-0.577222630466741 0.812265421002559 -0.0838982760287215
0.804660442862312 -0.51863931075501 -0.289023938510632
0.782743502470779 -0.613949527407192 0.101875350974925
0.417917110791842 -0.859583145747105 0.29404439129987
-0.174425190549853 -0.936329330592515 0.304734700311304
-0.335220757062007 -0.284379089735169 0.898195734434411
0.896559363114412 0.438295898322216 0.0638593291994368
0.177119047693257 0.253141963364202 -0.951077278315675
-0.782394200166556 -0.44650949152218 -0.43415272603813
-0.966738416193112 0.227861977945247 -0.116171225625421
-0.599475296839534 0.355527231524967 0.717098149574621
0.814984635577414 -0.289410941788729 0.502037200360402
0.573927633780547 0.693686190006377 0.435208617765664
0.272449343338045 0.282645129818308 0.919719025520653
