# command_history: dirgen -cart 0049 dir0049.txt -force  (version=3.0_RC3-1000-g3151ed7a-dirty)
-0.330905838566382 0.196716154637746 0.922932327154715
0.549273170541372 -0.708501794621055 -0.443084857721602
0.854471924676145 -0.49735524855554 0.150051613368537
0.417355345042554 0.176866319534507 -0.891365705520876
0.262311060435792 -0.295913744106827 0.918492222951142
0.457390340357687 -0.493322957626692 -0.739882785328819
0.512808645813362 0.624151187237415 0.589459573040588
0.170271258920035 0.754864028803153 0.633394029341025
-0.399404925054984 -0.832911449440341 0.383059033613637
-0.726147835909786 -0.637259375865747 -0.258088760457974
0.158215359611883 0.439813130548707 -0.884043160812767
-0.335930937522358 0.914586807269617 0.225125247770474
0.149689102640268 0.751450011037701 -0.642585444483604
-0.061042622941691 -0.938944262809099 -0.338611088894438
0.619163922232184 -0.785203911285781 -0.00953179456182112
-0.617876780672635 0.693589220540757 -0.370354258859386
0.754084464699187 -0.383755993419684 -0.532999022150896
-0.883784263172216 0.0459211094608719 0.465635724440282
0.990840313054232 0.0986014512702185 -0.0922671546867999
0.10204527332498 -0.55959294018652 -0.822461247406488
0.276276415889656 -0.806273621351275 0.523062318979553
0.508586147763455 -0.518609378068483 0.687302293959907
0.152444292919231 -0.602707383460057 0.783265311040319
-0.940873428007439 -0.247501090868959 -0.231301540176901
-0.0537148242460119 0.998544199238399 0.00491933161762421
-0.954579000837268 0.253375142130315 0.156780000353893
-0.299431166932648 -0.953592180338249 0.0316690679859134
0.840646506176803 0.00790015346198151 0.541526582198891
0.965591238778652 -0.142258434349167 0.217706447884372
-0.0194046085872081 -0.255399473435657 -0.966640869265503
0.298394975100022 0.457253753550865 0.837782456070013
-0.685426241659426 -0.607979534048642 0.400689098207863
-0.60339943525854 0.164514756085933 -0.78028457408798
-0.790380383914701 0.361552271213232 -0.494549091499928
0.46539978631846 0.550023947044208 -0.693452735644357
-0.86905683889559 -0.492318683004631 0.048605813781789
-0.797104296711924 0.563093982550236 0.218059411581119
-0.323344998123522 -0.0575852354426349 -0.944527370089145
0.643847955248566 -0.111659907913935 -0.756962268205551
-0.420507376477233 -0.854653383086892 -0.304534302019271
0.877822313758791 0.30814524902169 -0.366707636916009
0.771336514310538 0.378598176494317 0.511569548005399
-0.0325339011316479 -0.937227317643327 0.347198070761129
0.0553432014932954 0.103626197069013 -0.993075395591637
-0.619383271553378 -0.78245987810535 0.0641942526648183
0.694954494807606 0.259750417827224 -0.670498300210588
-0.591493426912751 -0.226032034900978 -0.773980003047581
0.350025336563377 -0.917464495399205 0.189053334923182
-0.212687084451992 0.795301069936001 0.56767985014968
