# command_history: dirgen -cart 0273 dir0273.txt -force  (version=3.0_RC3-1000-g3151ed7a-dirty)
0.648646888605054 -0.677047371095009 -0.347655103797312
0.442317986316724 -0.861391256342587 0.249719647759758
0.0338908888068699 -0.989682473653859 -0.139212100760887
-0.581153812757958 -0.730758282441414 0.358123691704644
0.108639088086943 0.679431535181557 0.725651664051334
-0.915342759780924 -0.402558263268124 0.0097199172421296
0.885816443205555 -0.147423445824721 -0.439994950616282
0.840393673395005 0.135243384236373 0.524831116396448
0.564471271666873 0.326353455464106 -0.758198922163188
-0.462838989522568 -0.826106531921811 0.321446834941404
-0.312734549386971 0.20010370757689 0.928523348028315
0.694593047027979 -0.715562396568418 -0.0742358110190027
0.60764066217138 -0.526051065546312 0.595015211665649
0.319192856049241 0.850979629818517 -0.417072643889608
0.196498243539571 -0.0414673804932711 0.979626917066334
-0.234114967838677 0.606430233692963 -0.759889829841796
-0.33047929543069 -0.901575716189892 0.279185714656603
0.343692764021039 0.194140675443762 0.918795234041741
-0.206009499849324 -0.585191013616628 0.784290484166533
0.198500634200859 -0.967421696372647 -0.15713930001539
0.760434814713034 -0.555687801152187 -0.336080288358305
0.039618487944354 -0.345992440884537 -0.937400451388713
0.603254121991708 0.730218781231221 0.320725733044923
0.347280669445581 -0.920080201368661 -0.181241716166101
0.573828112648168 -0.786923675273218 0.226875354388995
0.300727088182985 -0.312306173172493 0.901126002638552
-0.226704071416586 -0.206541713854947 0.951811842982112
0.184942201903798 0.935926057875322 -0.299731206491641
-0.839270391101791 0.501840476043285 0.209239927414668
0.884008223699854 0.186353079456183 -0.42872134330848
0.995993933162911 0.0804403014574465 -0.0390569200540655
0.632794087581593 0.630798351524631 0.449071355616887
-0.391258784375091 0.857212732591946 0.334817703730814
0.948089566889187 0.103308739641479 -0.300754846128143
0.944754629788321 0.305028160929122 0.11998545967629
-0.380062602390129 0.546903789445835 -0.745954866834602
0.878838401120893 -0.436934556451672 0.191654006202986
-0.547573612171132 0.684127662057658 0.481801288148321
-0.56275113185763 -0.659156400641617 0.498822616855074
-0.948192665368194 0.0728153224437728 0.309238739745476
-0.968688681501634 0.167647086880748 0.183130261265104
-0.157329471761375 0.374329307149193 -0.913851742420231
0.514983978008878 0.630495891511173 0.580746444829138
-0.0339279379715213 -0.999379025537942 0.00951095893346253
-0.424994002420841 -0.362061172220971 0.829633536856057
0.285014411026158 -0.792210019419187 0.539601770418948
0.969842154563104 0.178695643462548 -0.165753015779207
0.380734383941742 0.490547155073743 0.783839790731218
0.803119233945286 -0.564262082001562 0.191331646317067
-0.638984736065468 0.766089641785946 -0.0693193178243014
0.146711375950405 0.892088221597391 0.427380833746604
-0.854227149152093 0.402825735027247 0.328675227011783
0.37697031581676 0.588400690017083 -0.715316719349151
0.968916957739037 0.246197546603076 -0.0242218300785954
0.37858837529346 0.807539961616261 0.452272100052022
-0.0792067118538872 -0.912819942219868 0.400607101638265
-0.00330851419231302 -0.917682727846052 -0.39730021991797
-0.453800773941107 -0.0802455434625182 -0.887482681704188
-0.568852820904876 0.819864023881312 0.0650342255563112
-0.423109037168591 -0.679909844826211 0.598916810228821
0.434736438548976 0.885225707255487 -0.165468051936847
0.482711399768603 0.471669247667679 -0.737914510860195
0.685915025678137 0.68630417123498 -0.241882537803845
0.571810193580177 -0.126126576855572 -0.810632585780078
0.897385353749358 -0.434347242690857 -0.0777303006747605
0.63296278743152 0.525094127939195 0.568888624012377
0.0386275588940197 -0.273194353451058 0.96118299867213
-0.685607275646358 -0.615062895916505 0.389410192018109
-0.109288919168732 -0.982009767343206 0.153989444409262
0.438017364257178 -0.245095687662053 0.86490975974298
0.63374190475279 0.393167358758899 0.666176122483279
0.20859718746189 0.0581001734648435 -0.9762743380968
-0.127545201420137 -0.98420721439438 -0.122753332862092
-0.24156317172806 -0.816727006239342 -0.524026937612945
-0.83433853105771 0.0568041940660961 0.548317881460165
-0.931380847135002 0.359190234406439 -0.0592629150239294
-0.827932305855029 -0.0978502214476335 0.552225887734561
0.663947757049493 -0.464838662412324 -0.585746014784283
0.618912669084222 0.2654601842396 0.739241502237612
-0.86174260217204 -0.419155304001469 0.285847019801146
-0.577893003719854 0.0153527777971208 -0.815968117309467
0.731108827485343 0.400277450712326 0.552501443277978
0.668846550949 -0.313694650459778 -0.673973261751937
0.000198457556751342 0.847892399505269 0.530168312402576
-0.929546710580431 0.059857811337294 -0.363813077377668
0.441465836280233 -0.542465254357409 -0.714730273048754
0.133777464684074 -0.82878612663074 0.543338887111088
0.299966687224666 -0.916458174295145 0.264810123150661
-0.737097709334526 0.595431371627227 -0.319606709216051
-0.0682593687355203 -0.960455961881955 -0.269935184563326
-0.362897107965674 -0.238580518262672 0.900769129874945
-0.459339562842264 -0.883951419942661 -0.0873902350908343
0.838915123352555 0.340163385351274 -0.42486502218555
-0.497687544832625 -0.203092349412315 0.843244095934659
-0.80577722025244 0.586505966990247 0.082059868432057
-0.94188715649334 0.275463483927808 -0.192271821792081
-0.0981872524578019 -0.407765252423561 -0.907792246260529
-0.737809546190422 -0.674281649239409 -0.031326203875771
-0.531595491390217 -0.569563375852363 0.626900147089832
0.780410402241312 0.0380835793860637 0.624106757738369
-0.381871748646349 -0.721564214246177 -0.57751108414045
-0.289624737170946 -0.885540999397187 -0.363228096387507
0.30951637773339 -0.630367900734235 -0.711924098228677
0.664747574292514 -0.578507631077573 -0.472693963635282
-0.117622466333493 -0.7905287720254 -0.601023473762581
0.549904271228534 -0.324456811110165 0.769631775727093
-0.84550947576074 0.294504605977345 0.445399554845903
0.267079648079231 0.951905935879047 -0.150145099221088
-0.864525773862559 0.0220349397338935 -0.5021052158246
-0.767998841519034 0.454456553531785 0.451272667438916
0.915035858092104 -0.210910684365426 0.343840168721101
0.427601348069576 -0.735626273080811 0.525367560363521
-0.99562737551836 0.018560805653963 -0.0915512185167329
0.837655171878566 0.546135983080498 0.00832472280551701
-0.44486512540076 0.244668550052283 0.86152905976379
-0.36819278713195 0.838906474858661 -0.400836622508749
0.734564478249197 -0.644820915144335 -0.211236868673314
-0.672168018265931 0.225905988725645 -0.705093355151175
0.248646389973394 0.711409365591815 0.657321601121894
-0.917233261262589 -0.266906539902972 0.295709390095444
-0.380863533621524 -0.896668350269693 -0.225674186343841
-0.361571212552087 -0.354968836426578 -0.862127243172129
-0.793840537568857 -0.250664699250846 0.554061737951531
-0.321609303554938 -0.483607001375625 0.814058796455996
-0.680543229715408 -0.709963011804265 -0.181144788383045
0.246337572398837 0.592973948657719 0.766615742492887
-0.970019747990657 -0.0432208907125421 -0.239151924755282
-0.0922601388524362 -0.246065971743757 -0.964852115263645
0.319158774201356 -0.148816663353691 0.935944056853059
-0.0784988416564623 0.649643966126564 -0.756175012238531
-0.378182862992358 -0.0894809423683168 0.921396159690164
0.0426311544427167 -0.181306890746213 -0.982502109941155
0.186626052270738 -0.728157385470618 0.659513107222619
0.177435818882055 -0.571943915436316 -0.800872454123021
-0.517344365278666 0.47199347314028 -0.71384660048738
0.879050818356334 -0.357627298467407 0.315233840407347
0.688850264601857 0.101945951101427 0.717699335384935
-0.272717551154489 0.466515656172598 -0.841420394237119
0.661991628539961 0.743975821868245 -0.0909233755339059
0.772297356391844 0.483742101976199 -0.411764947616742
-0.89707543724983 -0.354785349907915 -0.263406559094007
-0.694248264894969 0.691936859391774 -0.198097777133853
-0.0388749903930799 0.496580775168805 0.867119523972726
0.316549019638308 -0.0453336571296957 -0.947492257328403
-0.68441526945467 0.162049500284879 0.710855610088795
0.825783589717937 0.392829828942517 0.404680353421747
-0.546267113077887 -0.814934697464052 -0.193581197534072
0.518429603091724 0.0472376455619701 -0.853814588467496
0.0757142771311807 0.0703596177752666 0.994644093344459
-0.466487734443689 -0.822210739641112 -0.32612680544906
-0.758132687128864 0.281448233699791 -0.588236109444189
-0.216382882726393 -0.94336258962032 -0.25148652561889
-0.445336086628431 0.39926904438047 0.80141125531526
0.857007500784078 -0.512942073123017 0.0492805562071823
0.28423206988335 -0.840364462032733 -0.461518906874097
0.780334187222142 -0.124766853902949 0.612790166712489
0.0265530529570319 -0.757061352139769 0.652803986258484
-0.476878024824552 0.61191101376229 -0.630993074982476
-0.737718600511888 -0.516032671462791 -0.435294783384499
0.00558254928318572 -0.426547124269211 0.904448111237548
0.289829066616341 -0.956762066957174 -0.0246060841284513
-0.640789560709424 -0.00898338653248069 0.767664013519086
0.368140542764932 0.929297945554068 -0.0296288569089196
-0.434582576768215 0.899485953640479 0.0454202947257677
0.826869788462444 -0.328281130545988 0.456637550203137
0.386639460278098 0.613041225423698 0.688977781707706
-0.198935044770588 -0.97989152447136 0.0154093553180474
-0.917548936194346 -0.093692534984304 -0.386426782944504
-0.61618396604565 0.758861204450118 0.210824553524418
-0.746135231055912 0.0268009891076847 0.665254781237979
0.819441856481694 0.497533090044546 0.284562590929588
0.889216766488895 0.244216187701651 0.386848802323991
0.856374567486089 -0.176964407500103 0.485083702716501
0.994730940655784 -0.0885720446175551 -0.05162701438515
0.517013174215938 0.511513155052445 0.686332040557232
-0.0258699229757653 0.749369171286491 0.661646878788547
0.294434015407197 0.94949038375632 0.108520144330307
-0.772446205696738 -0.623738308981334 0.119487996107637
0.660354014147268 0.534984391612028 -0.526995518701154
0.568789698419574 0.796546688601393 -0.204918646906344
-0.861360924825452 -0.488177942973427 0.140497876062508
0.784691332370507 -0.194303576188106 -0.588647290984263
0.919036123305408 -0.341305874074274 -0.197187485358889
-0.625698262682986 0.694472450168382 -0.355260045646309
0.178541780507988 -0.43100388718812 -0.884510306238298
0.732506000100984 0.132005096002881 -0.667839512491831
-0.303772313755375 -0.77222230907029 0.558027854833301
-0.918677936715433 0.240372241710643 0.313451804919473
0.429711313985465 -0.670084002066928 -0.605256653665909
0.682388500276647 -0.566639335544285 0.461807100534542
0.177818574957571 -0.113297396592525 -0.977519439359348
0.961412091797392 -0.267572649979473 -0.0639661373597397
0.225070160528649 -0.883518452766944 0.410778001431326
-0.0627859536332706 0.00404664077317279 0.998018811809083
-0.315156632437174 0.352455014414178 0.88116500148676
-0.879262712022554 -0.456111674572661 -0.137328888312937
0.186804721434744 0.854912127872018 -0.483972364569535
0.259408970037327 0.685848577780726 -0.67994022871156
0.294622447356051 -0.747895949861607 -0.594852302420135
0.170071964311819 -0.698143291908664 -0.695464931479693
0.620176601943556 0.436221931494585 -0.651990344165371
0.799270957561514 -0.472063610145748 0.371916501885657
0.32753254063206 0.0206165583158654 0.944614943958816
-0.315292618059705 0.497291329363247 0.8082647454499
0.0612569006728539 -0.10445719315448 0.992641066508053
0.983900520169358 0.00726318215051758 -0.178569349541052
0.211058401457783 0.134594875768863 0.96816247117457
-0.573794747986675 -0.136765993955758 -0.807499009336979
-0.13185511414603 0.991209285558358 0.0108803077358576
-0.502419027528316 0.775361119638308 -0.382609794608985
0.563726827641176 -0.282699247277893 -0.776075511394432
0.485939325182563 -0.850497050556903 -0.201290186633936
0.721408929543016 0.619702546484901 0.309092074074584
0.176551860408187 -0.277549792881699 -0.944349274928368
0.0354232507799902 -0.631546596487481 -0.774528301464354
-0.757368750005346 0.340768689489635 0.557018201478961
-0.734063457993523 -0.230876989876743 -0.638628730315232
0.512187181492152 0.727389166207158 0.456693871208692
0.567283813630186 -0.170095485439232 0.805764606213492
-0.448716038961208 0.0864499480513544 0.889483177390602
-0.687833758456052 0.0655113305361213 -0.72290593184702
-0.099935669059035 0.954542050964183 0.280824384608629
0.336519415877273 -0.679218376125021 0.65224004804344
0.0108476900607292 0.962413322025185 -0.27137230000277
0.143213272354741 -0.889393803437414 -0.434129728340017
0.510755957105207 -0.85481325631686 0.0917749917271012
0.226593828348287 0.305557947599791 0.924818672828934
-0.237028160395625 -0.459690086064292 -0.855863701738583
-0.927802020546037 -0.339330136876526 0.155043441905966
-0.142414637722429 -0.774166872449224 0.616752563484398
-0.979998788038616 0.186669443298343 -0.0689702427248983
-0.122590321331725 0.520797135573331 -0.844832502153177
0.731245843500685 -0.43374969884853 0.526441559065943
0.561977537510789 -0.436245496047541 -0.702759642062308
0.15110405966282 -0.806830599743091 -0.571132162000722
-0.111929587413553 -0.321913686622656 0.94012943035863
0.904101011668895 0.0227818248489517 -0.426711083938338
0.181686295144786 -0.2128242179926 0.960049968695588
0.969243856657321 -0.117238493289668 0.216382721175263
-0.560447378099213 0.659963745420379 -0.500346471070221
-0.737524637231341 -0.397520011808217 0.545926047820375
-0.758675468993063 0.648939096311097 -0.0573548779712098
-0.102758130374911 -0.552565680716632 -0.827110594259328
-0.37189049435771 0.921443437399639 -0.112425316897553
0.249949395384812 -0.916639260809706 -0.311925897111801
0.808769688406731 0.279741259576642 0.517335885866188
-0.553733447731116 0.574869983700481 0.602414948938039
-0.94790602116462 -0.199311924397086 -0.248493323517934
-0.474429686137923 -0.247847909052661 -0.844682121800441
0.648651932458581 -0.382844579768097 0.657784689894754
-0.0243008850932302 -0.844956432846056 0.534282784277909
0.0791373484694633 0.163123121443692 -0.983426726974455
0.0624214184351213 -0.988970857435935 0.134313847621827
-0.784165346212927 -0.55960667806736 0.268188507697804
0.983945824168337 0.144422331854318 0.104846579169054
0.528620824385876 0.847324821723334 -0.0509967696733488
-0.414208369698974 0.399906088073513 -0.817622496750828
0.447224437581355 0.76356270388557 -0.465792120655769
0.621745020313587 0.167876860994592 -0.765016659464263
0.0363409879289438 0.563658168857175 -0.825208338104339
0.451026967101165 -0.0832304830199163 0.888621045015138
0.687878281968422 0.288874246473436 -0.665864204564697
0.790258077207447 0.591911797658147 0.15853263134601
0.0753516438924421 -0.908308044693836 0.411459142208758
0.151392276151129 0.466850824415171 -0.871281060545135
-0.263467796905946 -0.361772137882651 0.894262623755093
-0.148818470882883 0.950659253312225 -0.272213237767605
-0.22162892543967 0.966992107200097 -0.125725431083664
-0.505246227690097 -0.382946814170651 -0.77335501997561
-0.419904508192414 0.77178906858038 0.477516321835722
-0.524929900368301 0.777167346147371 0.347072781677819
-0.615925151684088 -0.785695212021731 -0.0576128573242128
-0.0897159435469701 -0.678003233689089 0.729563338292581
