# command_history: dirgen -cart 0280 dir0280.txt -force  (version=3.0_RC3-1000-g3151ed7a-dirty)
0.759042722888233 0.640814264646917 -0.114940084633027
-0.0766389374842745 -0.992697235478239 -0.0931593899461773
-0.251528824186252 0.213331716660229 0.944045988959374
-0.436248854637232 -0.593492895236252 0.67635280743987
-0.131374984343268 -0.935490169529826 0.328022493438885
0.740585121212991 -0.313604508075875 0.594294447855967
-0.473046705316657 -0.24775159559974 -0.845485636463943
-0.442482985577344 0.428562635061661 0.787745438135674
-0.263742211653058 0.54198385795704 -0.797930788669266
-0.174359522912533 0.984559338107417 -0.0155456268834652
0.698442336324082 0.663591398472566 -0.268001415487645
0.518902317016839 0.836540457314022 -0.175898972911733
0.963638118736518 -0.211462235095509 0.163356356614475
0.913323387911074 -0.0988966523132666 -0.395044100393698
0.575752360316802 -0.811986956591444 0.0958457193357957
-0.47175991704951 -0.137184969661655 0.870989589354758
0.381392805230487 -0.0405722999249247 0.923522288089043
-0.276377994422267 -0.610726061040721 -0.742043720116821
-0.568340506404726 -0.504957388752241 0.649620738834697
0.501556272496234 0.385117617531822 0.774677820894788
-0.657286382371886 0.441523604236293 -0.610763062447847
-0.913640413611987 0.360154956049833 -0.188546021564127
-0.294332605589429 0.655718215275133 -0.695271126571018
0.196859009057863 -0.935682820421138 0.29282108892889
-0.986622847712694 -0.120223169935386 -0.110098800093291
-0.138304945751011 0.956198638155194 0.257984314195578
0.953900020532919 0.251663134133037 -0.163524975907761
-0.362345675371771 -0.928135664454719 -0.0852631216093538
0.376847346651453 0.904940205233599 -0.197659561553527
-0.643501237465438 0.0386854015171716 -0.764466871152639
-0.0947383563225012 0.121276318102735 -0.988087394165494
0.0367731647982932 -0.259586042901594 0.965019596009019
0.0686731404280151 0.157707337506996 -0.985095120016442
0.892363930919465 0.404707710912874 -0.199745546938154
-0.515249719647154 -0.816172703527918 -0.261495400379162
0.0219870237684675 -0.553951191138054 -0.832258763019373
-0.450701180111299 0.182959930204182 -0.87372427583647
-0.290561674939655 -0.896925604997532 0.333314224353049
0.0160849134543484 -0.999114181959815 0.0388860767619579
0.583272060131853 -0.183552411103212 0.791266210732988
-0.581654369080873 0.383499307220422 0.717360771363048
-0.180765496330774 -0.0392579660596637 0.982742411538826
-0.587476157092032 -0.353173398359743 0.728107351658674
-0.392543314984926 0.908354147719042 0.144230676980514
0.831028806214878 0.441350515009495 -0.338527467337479
0.101239254596764 0.810319425508929 -0.577176785717835
0.27892139073651 0.897376685678104 0.341932656806851
-0.324890149958072 -0.537650396861617 0.778060692500763
-0.0833775419653197 0.990333660269452 0.110848666357028
-0.869361008255753 -0.17626681177731 0.461672447077365
0.432371514612154 0.728829089756874 0.530907742716338
-0.562877839246936 -0.108165226437993 -0.819432011746135
0.962916370464935 -0.245873546360484 -0.111077732650404
0.316929105256756 -0.756035872735763 0.572682897752173
-0.671852040505968 0.644589581258703 -0.364854912808773
-0.502652337643877 0.281249657669276 0.817459024980494
-0.107290596482856 0.524586076943173 -0.844569816997816
0.296926265511413 0.718339753888473 0.629144491220335
0.291750505065806 0.662955966099471 -0.689471558374212
0.63306364931851 -0.236493993519939 -0.737089551506818
-0.333227572566309 0.845890936525807 0.416446765367505
0.0572270287918196 0.980793269046065 -0.186466164677654
0.305348576275695 -0.451470012012431 -0.838413427385262
0.67294383104752 -0.550787173345047 0.493740913773266
0.543508382778343 0.629648495201907 0.555104864273089
-0.425014266190396 0.831464660286357 -0.357811950931677
-0.358552176785649 -0.240153637131171 0.902090110296606
0.0354196256704715 0.867009413932498 0.497031313168286
-0.250697742527051 -0.48493210964916 -0.837849324713612
-0.33054754143788 -0.0883761451720418 0.939642474462443
-0.68141763311427 -0.109169733475968 -0.723707108279124
0.0992268957596005 0.452960778949162 0.885991284320383
-0.728713823958382 -0.382844896202438 -0.567808020570066
-0.748855507801353 0.437672917336265 0.497652334331852
-0.765050469881201 0.427769952292663 -0.481363320632229
0.84031481095939 -0.391720256079853 -0.374734918921388
-0.277230218773848 0.699188478312302 0.658998389674764
0.641222428365981 0.633405464865463 0.433164304206846
0.519264828996281 -0.0390094955567582 0.853722611053421
-0.841803557740737 0.497421804611209 -0.20961469049751
-0.913708553317379 0.395306686209021 0.0941769793160984
-0.8267435912478 -0.467111864920617 -0.313530764010606
-0.999855694285004 -0.0160591823528051 0.00554015054058157
0.857206959682006 0.507845945581805 -0.0853740231502221
0.018869206990272 0.616196223200593 -0.787366603013414
-0.232551519645845 -0.333576633369564 0.913589853479249
0.492636603515478 0.747932061541897 -0.444867180397051
-0.350281758114954 -0.816541881440134 0.458870401950381
0.0933333631116866 -0.263010100524614 -0.960267967992422
-0.887360691339416 0.248055154047669 0.388663921680443
0.215787587314982 0.3469120768874 0.912736395719186
-0.0529486911922227 0.414561767752102 0.908479486185177
-0.578711416497182 -0.0293657737077409 0.815003526219593
0.167591727239627 -0.511162842441811 -0.84298609802751
-0.138676010912733 0.640857342795574 -0.755030350504089
0.328155457578531 0.232304118584521 0.915613888137404
0.989336280174618 -0.0479531894212488 0.137528965511194
-0.669763247201547 0.720239648607893 0.180754090607152
-0.0123745423581009 0.729395692208617 -0.683980112933805
0.132346579434656 -0.748501400259429 -0.649792302756519
0.429524081240341 0.105020977571513 0.896927900059177
-0.839436509149639 0.14389255824113 0.524062285219507
0.771091776916563 -0.527936512471005 0.355950151526319
0.496649738802203 0.860812244286455 0.111091480475417
0.206893557089537 0.95433732269537 0.215488585650079
0.507009716410702 -0.830937664171349 0.229093312269482
-0.701210231806957 0.344839479669184 0.624011173033561
0.840340547953902 0.32013945633884 -0.437422555385073
-0.562724158141395 0.661449359414894 -0.495808699776117
-0.167037663420286 0.742947852608709 -0.648171973555784
0.690290621751983 0.239253693398715 -0.682829794104163
-0.900602471393248 -0.384888569253986 -0.20193062615164
0.635025900893232 0.716573141419787 0.288556819691577
0.63067519653766 -0.774955077220267 -0.0411512425415485
0.436287415665406 -0.854257457495687 -0.282661435723031
0.653565638548952 0.545824853710847 -0.524334993281617
0.376865939222245 0.897526733165392 0.228949398574433
-0.111571851816946 0.843353687433541 0.525648437431699
-0.440859632222542 -0.836962390925083 0.324247961988311
0.227601438513377 -0.413628676793718 0.881537805723907
0.228320889998107 -0.0634319470650407 0.971517348935165
0.333462290100231 -0.942757818577624 -0.00325524067758827
-0.143367113271567 -0.697006010216072 -0.702586999989931
0.199463985230928 -0.828654892479437 0.523015475646457
0.953978738483668 -0.107223789258313 0.280049326973302
-0.720885948239915 -0.250229591917219 -0.646303799276455
-0.467424587011373 0.779224881781252 0.417519866677312
-0.638128073668857 0.73512186541197 -0.228885134049593
-0.167074255807638 0.63319475245403 0.755745061850227
0.545278275515392 -0.128455420364189 -0.828354276399911
-0.0513409556207334 -0.48668372550362 0.872068264303814
0.480567856287169 0.299898583766552 -0.824084567843842
-0.749508083962871 0.623134018892934 -0.223476232679556
-0.950443065575388 0.308689855039963 -0.0369939521417443
-0.69787566140663 -0.716153163572423 -0.0097060559172832
0.0227852865297705 0.00570710721756945 -0.999724091759803
-0.918458822307848 -0.0543338717919706 0.391766795556968
-0.642401476258593 -0.513766343936061 -0.568651463674678
-0.753034763665909 0.0363462885661268 -0.656976096991433
-0.621503554574694 -0.662892239020155 0.417501151013822
-0.775135861835983 -0.281195778653703 0.565767911570749
-0.888803657351641 -0.454181013970694 -0.0612181772588734
-0.946696991952023 -0.149709154452238 0.285222675294561
-0.0298347299554915 0.951110052116425 -0.307407803498177
-0.866659291949362 -0.110282566560784 -0.486558760264983
-0.804418715736304 -0.547737500625031 0.229987304393524
0.626273366436916 -0.3189035856279 0.711394527365401
-0.577030413729775 -0.759522975881395 0.30026779837191
-0.112585865119952 -0.934101140810506 -0.33879120666231
0.556140129646319 -0.557973825788208 0.615932923241035
0.631428654627087 -0.488866726618722 -0.601919577452772
-0.852417620994031 0.398646356634047 -0.338327181528882
-0.180086029824672 -0.871524494492628 -0.45608560310687
0.921179429558436 -0.00171431398717774 0.389134320878984
0.139690396370361 0.709843988537617 -0.690368093917222
0.912986148446247 -0.32706631431636 -0.243893252848043
0.806843937318434 -0.585686365394183 0.0772938691219287
-0.261369986404504 0.955208495989091 -0.138789262542779
0.413440194064881 -0.632256506284171 -0.655224325092504
-0.137442357960224 0.109916497171479 0.984392178904265
-0.407480569385338 0.167581094288978 0.897706055683212
0.755666396461104 0.438887393265097 -0.486154454152646
0.98165691719114 0.188847818186843 -0.0261953907559235
-0.0730188442633935 0.396158869512503 -0.915273947236025
0.90551738114431 0.289052266489706 -0.310623662464266
0.845720043456205 -0.0348213699031393 0.532489511910331
-0.0875468151681245 -0.340035126370915 0.936328824712683
0.540164542616417 -0.62203513979977 -0.566828502948006
0.530169482158786 -0.445222817166477 0.721593350344798
-0.579674995774007 -0.81462919720373 0.0188724756619576
0.171266290175767 0.595176806423732 -0.785132107956793
-0.802441883017804 -0.59583306162404 -0.0327106565902503
-0.289690477616616 0.863878333323079 -0.412060253352826
-0.321524374177432 0.570464515606405 0.755772659762021
0.208514374527591 0.194585999099003 -0.958466506754415
-0.619476347520999 -0.772650917326713 -0.138779014322161
-0.931534767159733 -0.359476287224392 0.054952493082927
-0.364494451992114 -0.372820964913155 -0.853316074258649
-0.127425360627752 -0.583737783655164 -0.801880899761457
-0.202214425458587 0.360645581729526 0.910518583289449
-0.853849743289565 -0.0133435581389988 0.520348503736232
0.684915776843793 -0.651376951580981 -0.326494173882983
-0.81117775447859 -0.381719264611032 -0.443036176473079
-0.692481968219707 -0.0807240631998447 0.716904700299188
0.80524182889073 -0.294638187163695 -0.514561887113303
0.745341340170463 -0.193535325287897 -0.637973639344609
0.0119963639856662 -0.673486734732119 -0.739101958724905
0.0410423913172303 -0.924724333800857 -0.378418324862215
0.988225290170934 -0.151877921858109 0.0185438053979279
-0.252461909488769 -0.773210835496055 0.581728448787557
0.19041115921731 -0.895045741283464 -0.403282421456545
0.804115567434202 -0.176879852059977 0.567548827983295
0.290888774536221 -0.916148007713807 -0.275783518018822
-0.783514844725197 -0.111706035967957 -0.611249744068311
0.578708835176211 -0.686423565053232 -0.4403620935419
-0.301989219096568 -0.950933106984465 0.0672958957910255
0.672989594703579 -0.569016227283784 -0.472552154273411
-0.532905307868981 -0.63803271356291 0.555811289259778
0.142617262468312 0.987936284665783 -0.0603507571353746
0.729604742284349 0.664651903479396 0.16098064243071
-0.96543347485261 0.0181426524157477 0.260017402873993
-0.589560615390577 -0.189894225438565 0.78508500426729
-0.853911167329927 0.46889066015796 0.225781458773464
0.201273097464819 0.468748462225724 -0.860095354828717
0.949462370024339 0.224895474958198 0.218959432889043
-0.735110978777042 -0.560653024500564 0.381156181899008
0.770008640750895 -0.0351779083578013 -0.637062954449974
0.418252564462136 0.625124738317121 0.659002165295985
0.701948413866855 -0.181306034951923 0.688764506896093
-0.889666710128152 0.452846975999009 -0.0585043692240557
0.468154168864066 0.45603614710392 -0.756876942910674
0.748914180661677 -0.660411182542423 -0.0546316755808218
0.219445210256511 0.954638923105104 -0.201266803492785
-0.240288310567624 0.961735129254931 0.131632324911321
0.447869557018495 0.892869770316013 -0.0468661194455711
-0.41670577124198 0.557322182215883 -0.718156170636828
0.0404789122894974 0.893026181303074 -0.448180429254903
0.680094453495053 0.39900048406466 -0.615036704629433
0.445701901148383 -0.0162757796462819 -0.895033471055481
0.297558929286256 -0.0649815253347388 -0.952489414622119
-0.789090867902474 -0.129713115317482 0.600424941110506
0.3049092230305 -0.181944515718923 0.934840392211817
-0.223991245713869 -0.971913104220801 -0.072199997835424
0.356133442911058 0.398374867323423 -0.845261164330505
0.439505391995929 -0.661101623993179 0.608095102068819
-0.734007889432294 -0.514006248731609 -0.443880608402765
0.604165884906198 0.250615540750731 0.756422788029109
-0.385471839791437 0.44171936115183 -0.810120649478474
0.739010951660821 0.600215210435624 0.305948548757937
0.533861555316003 0.738617684196448 0.411625747916545
-0.397866571140676 -0.714653287152552 0.575302416760797
-0.913972018696291 0.258310515745104 -0.312939014019865
0.702173949734427 -0.706437554762422 0.0888691483904514
0.394463165221247 0.506054560426738 0.767012120604972
-0.667291452255572 0.0819035663912975 0.74027962524916
-0.259233534252802 0.799499331870219 0.541847573638448
0.824533101404032 0.537337938432333 0.177237424406751
0.0609064882180583 0.309524928946094 0.948938732507984
0.0492872203717142 -0.82565372018509 0.562020199149951
-0.822270293260456 -0.249328104916769 -0.511573123727172
-0.34488046196591 0.903598483964671 -0.254100859366764
0.197982735089887 0.865754391275791 -0.459643525564118
0.646243754856132 0.748940784530842 -0.146481092895207
-0.50235069169981 0.520332880210519 0.69057763960365
0.173594806485362 0.200952691640563 0.964096913636654
-0.842627270808746 0.533477718815806 0.0733539775096715
-0.95055683428487 0.17631244195248 0.255647467437249
0.838138194467099 -0.294149946096394 0.459347554893807
0.106157346076117 -0.980071101612686 0.167902512362894
-0.422743733765631 0.898632994720925 -0.117245368184826
0.773656992771256 -0.600130874788246 -0.203218578535604
0.31214630492103 0.810308824470403 0.495947873581026
0.53842174423652 -0.827539111667812 -0.159000138343816
0.965999544898587 0.0591235531294327 0.251692838040884
-0.573016922621777 0.763981484554147 0.296620797732577
0.116672842561017 -0.899599495568821 0.420842245242864
-0.0218878037819594 -0.97288607645043 -0.230246837751335
-0.413700830037536 -0.827533975209095 -0.379524891279724
0.988565795088054 -0.0865843973771638 -0.123453679219202
-0.360031187655326 0.311821543610254 0.879286568108495
0.406664180219262 -0.734123525725077 -0.543770993621007
0.951931949365883 0.294948168157774 0.0826507221798077
0.772932659273259 -0.526819052835171 -0.353605415397759
0.0163032588977281 0.779358981461692 0.626365533665693
0.166980177900514 0.792873060933799 0.586063076326926
-0.623943173928703 -0.386330673980044 -0.67929634626568
-0.887584954876971 -0.308461796942291 -0.342117330316924
-0.985837479547101 -0.0854995079282952 0.144271612121856
-0.124400329409711 -0.0479544576080319 -0.991072614916927
0.527067281137127 0.513964075899424 0.676787270742859
0.556671804058187 -0.74652632557587 0.364437851750875
-0.281494142996225 -0.0861430388767853 -0.955688455675747
0.434757362933983 -0.759515692368033 0.483861497147063
-0.487944627972405 0.872633033077081 0.020533621589127
0.917499777434498 0.16557113687293 0.36163566892973
0.890858654488009 -0.151560808120981 0.428252471289458
-0.348073197565388 0.31573126608849 -0.882699731930834
-0.186660477253121 0.269188299102695 -0.944825658975155
0.0163645011057552 0.156438636612507 0.987552102968942
-0.494810235016878 0.319859944878671 -0.807992850825275
