# command_history: dirgen -cart 0009 dir0009.txt -force  (version=3.0_RC3-1000-g3151ed7a-dirty)
-0.0319133090827939 -0.114767743400564 0.992879602861358
0.695712968111126 -0.0013928127152511 0.718318540812324
0.709704057834657 -0.281871152277035 -0.645653780138426
-0.630874381557824 0.774918135916713 0.0387220521331262
0.2010072525609 -0.80535118438197 0.557678719544217
-0.613396534081479 -0.566069814586956 0.550735559947165
0.0313765573085753 0.688175570111388 0.724865433272499
-0.442377678107877 -0.884690296270216 -0.147054648335924
-0.992825437233395 -0.106730369476047 -0.0539099194381206
