# command_history: dirgen -cart 0054 dir0054.txt -force  (version=3.0_RC3-1000-g3151ed7a-dirty)
0.349732529659385 -0.74152746338018 0.572559323346501
-0.660308922513127 0.647809135847327 0.379915056772292
0.377737820679231 -0.438658213158394 0.815409780942803
0.0554937402712626 -0.882892370279647 0.466284792045261
-0.539213075493991 0.499933737298425 0.67772820328443
-0.41421593005054 0.903289924450584 0.111769744020575
0.939416557854228 0.0963219472573821 0.328965975909152
-0.618696381675876 0.131427720054879 0.774558933653441
-0.987436925005089 -0.15754950648023 -0.0121025676751329
-0.877575017719476 0.455058011364926 0.150944673861848
0.820571633898181 0.0346276326769901 -0.570493751672056
-0.036996964076819 0.289182574441579 -0.956558761022259
0.748520124889368 0.382328499015585 0.541795663950991
0.260050210711699 0.293199073840025 0.920004451624095
-0.972456676482313 0.206863854174313 -0.107402784885327
-0.136532143835616 -0.643487454875161 -0.753181830050313
-0.0117698725543983 0.0584250909306954 0.998222409510923
-0.959739742611467 0.131440940803614 0.248239613141691
-0.627531128102667 -0.713946192653879 0.310621179666204
-0.472115546593828 -0.515785355081617 -0.714893263465072
-0.0946196381614809 0.603931520865787 -0.791399925561614
-0.684356072620673 0.72820870289271 0.036997985060352
0.235149661571484 -0.653823811745083 -0.719179435091095
-0.849851890587223 -0.511529524010911 0.126843644422939
-0.854460703580906 0.265675084653681 -0.446445579472216
0.330817262041938 0.793701129154813 0.510488449147922
-0.182490339745456 -0.716426940987713 0.673371898824547
-0.558883127985566 0.777130027818803 -0.289341613176217
-0.324809322252867 -0.077788334205275 0.94257513188032
-0.787535433173323 -0.0399592562370876 -0.614972519172593
-0.270864254336898 -0.41879398036111 0.866743420935985
0.821543670280283 -0.526499724443046 0.218778513533203
-0.586861443698843 -0.244626935311496 0.771849278304913
0.86656452086203 0.448901016795511 0.21806835695056
0.638971420917124 -0.533898532994717 0.553776019449417
0.799083225008247 -0.329750697447661 -0.502723061976672
0.552748672756504 0.167451207100278 0.816351026217633
0.0574782532844012 -0.410457357287832 -0.91006648561941
0.0745570661448696 0.988674037302299 -0.130249344920585
-0.617252949810666 -0.681693247092705 -0.392801620182805
-0.620029279414976 0.221070815952773 -0.752789072052804
0.495580719724288 0.593509529748517 -0.634149973062564
-0.927006498738096 -0.217789424889401 0.305330505687984
0.350109349694295 -0.278173554440886 -0.894451181935807
-0.665144582327808 -0.742755557458563 -0.0767910571901738
0.0865752319951034 -0.980513690469569 -0.17634520692874
0.752914698976934 0.422670245427569 -0.504449521453507
-0.418572271565406 -0.905591722221248 0.0685630084005251
0.0205173135025302 -0.867450749734768 -0.497099825619792
-0.310377160455042 -0.865146641435949 0.393938202107846
0.271226023163718 0.936546663575763 0.22207384200734
0.271337371270638 -0.941651741362041 0.199168343221948
0.327284711427243 -0.0863427309840579 0.94097271505193
-0.368530703348029 0.817726391872428 0.442163622118676
