# command_history: dirgen -cart 0160 dir0160.txt -force  (version=3.0_RC3-1000-g3151ed7a-dirty)
-0.574116432638233 0.811349490259283 -0.110010574176984
-0.861144437235211 0.367431270190277 -0.351318260136321
0.24216959915756 0.869704732616468 -0.430078554811077
0.545081082338487 0.371469577115853 0.751596279231127
0.597698765095899 0.158191434682245 0.785959067761172
0.544289528652319 -0.607859456969423 -0.578148587797527
0.326750842895185 -0.934810184578558 -0.139153891341521
-0.156410448827323 -0.500937540881592 -0.851232842196034
-0.124876928855735 -0.987775550958455 0.0933017340046787
-0.618673085312885 -0.783106591108147 -0.0631480836796663
0.519023123751371 0.810935259745923 0.270183273931199
-0.744219611520964 0.587371701304562 -0.318012034888887
0.394061868610669 -0.916618596522046 0.0672725220058096
0.247120866436898 0.939006598746014 -0.239160792946752
0.984628499641357 0.109402827413443 0.13615336590755
0.693218293324631 0.29646309926076 0.656930763914121
0.966327675606291 0.257116280230153 -0.0101015740334515
0.694413064327541 -0.596831307734245 -0.401973738196248
0.0031891768531932 0.572161269233744 -0.820134934714911
0.889445818577303 -0.171279268766763 0.423732873289382
0.328553686455263 -0.122577969328541 0.936497259233549
0.199368062175452 -0.979853644565244 0.0117987718264814
-0.610496873162397 0.620304461903466 -0.492459076880087
-0.385169845891334 0.388891998995551 0.836903341451861
-0.0167226518299552 -0.361199147931557 -0.932338741257324
0.933596323632635 0.0575902955606145 -0.353668294248819
-0.7295975747935 -0.566924007377435 -0.382471631254598
-0.639519286702167 0.0468597856162713 -0.76734558213881
0.423281006208287 -0.549669998515774 -0.720205583507216
-0.63129936622158 0.443207813005898 -0.636418058118058
0.811466874815926 -0.293333825158767 -0.505447107118242
0.0400389790591362 -0.546324237408493 -0.836616224905978
0.0838091356134911 0.680221897113794 0.728199285549382
-0.578649487140846 -0.749512488936456 0.321552172998279
0.235610243906574 -0.562351431902466 -0.792621397644254
0.426908256791379 0.237863742904555 0.872450674877831
-0.753836994267572 -0.0976456728988768 -0.649765425855945
-0.914970665307234 0.269930020315269 0.299944104392529
0.371348085504278 0.499466963059275 -0.782708983086723
0.126325080349984 -0.970335292201703 -0.206134409506047
-0.699519880364032 -0.476908725875804 0.532193577713042
0.000323712468701553 -0.998363653333203 -0.057183134868751
0.323734735499881 -0.714394303603345 0.62035199686139
-0.692893287421235 0.719065703236153 0.0533236033674715
0.745929417314678 0.418850708877621 0.517835290471111
0.713226954562001 0.608924892874745 -0.347156716950275
-0.539838592297769 0.726232796123946 0.42562920494247
0.298933606947316 -0.849575627158136 0.43458020246708
-0.779839750518946 0.59034383688296 0.208192501701798
0.89021244591064 -0.120174523609827 -0.439408562753329
-0.381149016390125 -0.81915214444458 -0.428620101671267
-0.779916570081434 0.287708230767068 -0.555836412680291
-0.333935976191308 0.211269486898163 0.918614156058432
0.966808397359405 0.169891558593272 -0.1908360058115
0.844805573803782 0.0930294359902454 -0.526924156316067
-0.432389939392345 -0.693411274255807 -0.57638506664141
0.443008720058566 0.890602723278296 0.102810812862041
-0.29300053239009 -0.102532771651041 -0.950598610748343
0.89179319036159 0.258685603139189 -0.371196261232801
-0.832839301767404 0.553420944171309 0.0101958807427291
0.929725344545987 0.174770459891798 0.324138967200884
-0.571165536402327 0.415403656220998 0.707961674403685
-0.958592431447412 0.0358933886865837 -0.282510557360841
0.909275279999487 0.373695702703049 -0.183221142238361
-0.0265864965103505 -0.731136717564345 0.681712738939607
0.224160294976896 0.970392326152083 0.0899494052288266
0.132668081123732 -0.206686366347305 -0.969370891979481
0.249573558776595 -0.90355473228316 -0.348284200802006
0.165381803349546 -0.654498327811882 0.737753887154993
0.173054024234963 -0.265979104586726 0.948318206415615
-0.685967251966671 -0.71335511978079 0.143434313578826
0.169390582335682 -0.826775316099654 -0.53642278783092
0.068843012363272 -0.0152045976056149 -0.997511633947395
0.97072392161956 -0.223633769076884 -0.0876527542294516
0.258295348312488 -0.939055735300625 0.226843203643252
-0.570624165524059 -0.13304237406927 0.810362751131852
0.989906478117129 -0.113518302052375 0.0848455047771363
-0.445676775976659 0.849844156305832 0.281313208626754
-0.464447396108285 0.750048375695538 -0.470867338392374
0.895313652986229 -0.41743565688162 -0.155437881934441
0.782692443548671 -0.0978181361743121 0.614674020149863
-0.340631861404632 0.339840006854742 -0.87662917173511
0.629340883312242 -0.738456192352172 -0.242100195308674
0.697151965005721 -0.457259089196841 -0.552171407296265
-0.120183327318056 0.914986691763973 -0.385169211814212
0.269452907965426 -0.0199962873031033 -0.962805940407031
-0.0278590415723472 -0.365012929373804 0.930585533517809
-0.459105071687426 -0.541952727678895 -0.703924551434518
-0.237014477283183 -0.7725175101546 -0.589101717925451
-0.769785234749513 -0.63747318235906 -0.0325366583202632
0.521837777543176 -0.848564797936787 -0.08731046690574
-0.998206060317917 -0.0275509318311784 0.0531564417527816
-0.57471881683844 -0.638949769007928 0.511313479439511
0.530207228164859 0.840678826502569 -0.110178972004646
0.784960224162643 -0.0874487789481716 -0.613343425450218
-0.834442756316282 -0.226630116766794 -0.502338607520421
-0.368384697297322 0.796520990766006 0.479423639452938
-0.498749952853087 0.19331565082462 -0.844912743231689
0.328086823418076 -0.536904045250592 0.777234252007068
-0.819279772194782 -0.443462652283732 0.363485255412024
-0.943524450673274 0.246907371173824 -0.220903510704852
-0.827496790676255 -0.524916018630717 -0.199279288450594
0.0346725534739605 0.817213098658576 0.575291722012792
-0.609224558825655 -0.541732761456628 -0.579112296612896
0.188939616037211 0.181517868797888 -0.965066362898834
0.188161843323719 -0.391291771856876 -0.900825105108715
-0.348495814899576 -0.429394328378589 -0.833169357186029
0.468285573347602 -0.0490302260217825 -0.882215766539434
0.0469450730528938 0.856097780503943 -0.514677326421401
-0.971431347093992 0.0823008173989858 0.222593156540381
-0.310960467065597 -0.91280367391486 -0.264750903322122
0.351775659921686 0.933584095322826 -0.0683712077333975
0.786709316000461 0.292943645736989 -0.543389797972329
0.64203039610207 -0.0655611027201061 -0.763870874095316
0.576044173042068 0.695325369346167 0.429762424425284
-0.116901068407316 0.706896647086229 0.697589614704431
0.479639431567205 -0.589768729612634 0.649706750201188
0.932028992257388 -0.359043975258727 0.0490854502076585
0.221015170397071 0.301660134630822 0.92744458466739
0.14459568059318 -0.804321821088238 0.57633193324255
-0.495138425056906 0.399613957549722 -0.771457468019862
0.0925739393174483 0.964398862148832 0.247719398605133
0.814169104682782 0.556114068234372 -0.166930560688731
-0.0640506031516603 -0.945007612678889 0.320715032723532
0.173826348446929 0.8877946926796 0.426151363057238
0.85559782990515 0.380878760004725 0.350547748015676
-0.038886802391479 0.916209799643364 0.398807496967188
-0.486926138326342 -0.325640263875282 0.810469835563195
0.821286125662914 -0.442693789080555 -0.359876796839004
-0.52893758170175 0.237184344834418 0.814842697229946
-0.276714470731518 -0.623975133058651 -0.730810601327194
0.879630140976542 0.027990937946139 0.474833994653377
0.392588441709346 0.14392021955307 -0.9083838868232
0.65046715005109 0.314785521509412 -0.691232639675284
0.745382323142982 -0.467759101093925 0.474980647700277
0.00241400490075001 -0.174632123942126 0.984630790635658
-0.730720028320827 0.668983733337358 -0.136047803145883
0.297090981987012 0.32823775835637 -0.896658754717299
0.205704791858918 0.633654627524538 -0.745766284852714
0.651323701872218 -0.248476040053894 0.716963801665472
0.421529523812827 0.860809763199951 -0.285165587218682
-0.887689021430135 -0.460347018163739 -0.00942465384848231
-0.402704869554998 -0.650606951680164 0.643847328535373
0.692898340983971 -0.25876965991729 -0.673000855993476
0.722487300612511 0.117179020290471 -0.681381814886054
0.149717618350938 -0.0351893832322107 0.988102394523493
-0.548306424952143 -0.495680553244092 0.673543505270321
0.0795754467240789 0.163797760922272 0.983279228803047
0.686478544904843 0.690212027330867 0.228811198836822
0.929054435176466 0.327043922001604 0.172916539292071
-0.419923144385706 -0.771905972779103 0.477310928009374
0.158415806950228 -0.463042598950099 0.872064208453624
-0.602160002373788 0.737478832302567 -0.305823974610954
-0.0682275071382603 0.98354679518863 -0.167274352319394
-0.856094103011866 0.482982491980848 -0.183931506893948
0.228109267235787 0.766832063684861 -0.599945621124089
0.472256255703712 0.0194166163743917 0.881247424936538
-0.173656400865456 -0.47207581538719 0.864284605303702
0.438703730276811 -0.85626581845944 0.272668086103229
-0.323165711819206 0.698763498027927 0.638195500241236
