# command_history: dirgen -cart 0167 dir0167.txt -force  (version=3.0_RC3-1000-g3151ed7a-dirty)
-0.889212154472267 0.236777972505211 -0.391456173888101
0.21387618983373 -0.826596849605169 0.520571439521048
0.930897933897592 -0.308271911650758 0.195952711520868
0.418107717122218 0.215343218490503 0.882503957573562
0.285369684359542 0.394615618001239 -0.873408642777272
-0.926101940052455 -0.377181947693224 0.00830511682186793
0.00453440645272291 0.983451949918102 -0.181112399797485
-0.307683043580315 0.951248734619886 0.021377314546482
0.765793554915449 -0.354310219861655 0.536679140037644
-0.794942122945246 -0.502549414955319 -0.33986924941126
0.20408819991495 0.702650249695073 0.681638198209965
-0.109313194345721 0.431866656597589 -0.895288677724205
0.965247683824897 -0.113175630993856 0.235559303403227
0.871728185164921 -0.44437512679478 -0.206447857521448
-0.679980355474586 0.730173959868493 0.0668782812175984
0.800220977314944 0.0144642986167924 -0.599530792812713
0.117978497993769 0.993013459777574 -0.0023114306622689
0.419053813406886 0.887833537363684 0.190119729122033
-0.9571312071406 -0.109087887276449 0.268327570642934
0.0104218217826698 0.750179388240698 0.661152229890773
-0.404791895026993 -0.212754741782156 0.889313747543388
-0.586056093765283 0.690429377214978 -0.424081985044302
0.291932083403476 -0.893582059869165 0.341008447050343
0.808339476581923 -0.162873142554288 0.565738128495644
0.0236244635052852 -0.595241565658568 0.803199454205756
0.420309127613457 0.436113564508864 0.795704213948995
0.088492378866117 -0.939682942668637 -0.330401371274738
0.834846274956289 -0.421575779718063 0.353985252724906
0.240033514450307 0.539408157701252 0.807107645451321
-0.296582370766836 -0.893077219365174 0.33830751927986
-0.777426559851083 -0.518375656914402 0.356222714543405
-0.7534206688675 -0.632139255654381 -0.180989660433887
0.955311340677494 0.104298710960189 0.276589987644189
-0.385392028651167 -0.622237092850583 -0.681391212544595
0.657970425390014 -0.504713187837766 -0.558873435882154
0.48190965793872 -0.786570707387651 -0.386095330022362
0.276821491037005 -0.314772945084324 -0.907902998752064
0.899610637565213 0.313161800997594 0.304352406225832
0.22426742806274 0.957162484678388 0.183150480846815
0.904762010741253 0.0117302317838822 -0.425755922544526
0.597968077147741 0.779357621086684 0.187178730539391
-0.319339713513864 0.487525222832862 0.812613871697162
0.472786635428722 -0.827061137727834 0.304043864960847
-0.779546168803803 0.490901460969994 0.389003247185467
-0.375576189109265 0.891476668984165 0.253400621212851
0.206769798895495 0.232975451205647 -0.950246646613521
-0.519735574125809 0.647049707408546 0.557854469490593
0.55985739733858 -0.127726154147579 0.818685363367356
0.514258305603665 0.68233087016084 -0.51957961732847
0.816178389642385 0.036942696566108 0.576617788011424
-0.19911812249691 0.127738111285484 0.971614608895175
-0.681397762375791 -0.532623138699687 -0.502005658883402
-0.22330770224488 0.574702986614761 -0.787305625087352
0.527223816269487 0.668293294329074 0.524803887478962
-0.156909219065499 0.636221634190254 0.755381710898892
-0.0982062713327313 0.995166057822042 0.000213611463302208
0.113688951784941 -0.727950939631223 0.67613774612283
-0.360793398830305 0.766108235725712 0.531889363038699
0.852361622846715 -0.167114178182483 -0.495532557304269
0.204376637605238 -0.962055376367356 -0.180775116661122
0.827249590540652 -0.559514540023497 -0.0510058276338946
0.732107833723372 0.188397727395134 0.654617763365172
-0.274970616618952 -0.350312705316209 -0.895361473646388
0.749220709190909 -0.621363087552855 -0.229295098827373
-0.689865581908598 0.531936973499265 -0.491048404052343
-0.0952008234112705 0.070250521977216 -0.992976166573874
0.0402954821490711 -0.864360808224986 -0.501255092066926
-0.874787451519681 -0.334422563128611 0.350583034293151
-0.575877233855929 0.162804998072769 0.801161621727457
0.700918970515643 -0.0432028789138807 0.711931252316433
0.488326658755533 0.792708961673912 0.364896665414369
-0.162295230517519 -0.833889165571267 -0.527531153292507
-0.872660470638625 -0.175776328614971 -0.455594540445137
0.211991897522486 0.961832921155376 -0.173022735981524
-0.111045965228667 -0.0636897067074804 0.991772360406333
0.747505176068765 -0.656449595269633 0.101537877763617
0.11264406579454 0.9285283276088 0.353760454643083
-0.0819686475997111 0.295751833110101 0.951741558419453
0.490468511022998 0.804158236927149 -0.335812700291551
0.953455435899089 -0.25879571792758 -0.154749824351524
-0.313636053197659 0.40135590153489 -0.86054974663741
-0.116168100146787 -0.257783928049871 -0.959193629538617
-0.125113180042859 0.475880243421117 0.87056572761683
-0.565712032574683 0.821522791900592 -0.0712053269641911
0.414923276198249 0.894739455515929 -0.165166526911386
-0.995634965498156 -0.0192270618987569 -0.0913309124460445
0.305553356046342 0.693675824897426 -0.652266047377673
-0.0988507735614652 0.92849291041304 -0.357951728420219
-0.00959930166577733 -0.102548594431089 -0.994681677315782
-0.513313499246054 -0.550048841371312 0.658753006519021
0.094655936933146 0.729437523723601 -0.677466716959061
-0.608777412598976 0.448236140183444 -0.654579578464486
0.729229504490997 -0.169860662116733 -0.662851178806434
0.421470819649522 -0.523051795456026 0.740796306317862
0.686279696606654 0.727286063054171 0.00866951628659411
-0.909378186195807 0.0361197228820811 -0.414399179644633
-0.562454116589362 -0.297909383240731 -0.771294603967128
-0.50201969363477 0.500440071061507 0.705362291647921
0.324731687074841 0.945768717566102 0.00841809259263734
0.347174441153857 -0.638589186582974 -0.686785088793287
0.636117388249695 0.381244988846851 -0.67082555619591
0.77017214454205 -0.342505424343797 -0.538075182541041
0.881401410248998 -0.311032583422999 -0.355514115135099
0.171039551000262 0.582539883422396 -0.794602262906324
0.0178745962647068 -0.846912270181858 0.531432126826922
0.316599234033741 -0.689393234941406 0.651538097601569
0.630859466068872 -0.740158715797638 0.232769004594877
0.987266770421621 0.149674894464752 -0.0538678938536428
0.67253824839252 -0.252992143410181 0.695476297095626
-0.547517392916088 -0.510965339213036 -0.662675732600249
-0.680379264638422 -0.370425090326287 -0.63235220305368
0.769621051808429 0.369639272970336 -0.520624859655443
-0.590038256106042 0.773880642720538 0.230138234880229
0.395998308291456 -0.213285275299184 0.893137576844047
-0.479960134139116 0.87251511806903 0.0914091810386108
0.283963361666029 -0.0666913890342202 0.956512973179149
0.201577390057531 -0.964436320485993 0.17096531678979
-0.516869240106782 -0.855980582625222 -0.0119762598511713
0.662330907351579 0.539610981071369 -0.519747783327672
0.0420271178371667 0.606480083049669 0.793987172585532
-0.500138612112629 -0.0263551254416742 0.865544208020022
-0.947600496764409 0.122699035588028 0.294954649391416
-0.312007518311773 -0.0416536799998544 0.949166096876305
0.306012361773808 0.878846095881037 0.366040946065157
-0.875332650061381 -0.454894796793585 -0.1639008102074
0.252895885155022 -0.875506759828362 -0.411742133824679
-0.856361546914152 0.49236832455665 -0.15562240821963
0.860734523276795 0.476199114959123 -0.179917990628
0.736171445558522 0.200677513762708 -0.646359140272878
-0.0180129698875246 -0.985659233006583 -0.1677838171717
0.982656791852532 -0.182058680539596 0.0352174142473865
-0.630621443425404 0.342917557317941 0.696221332605628
0.362003472393058 0.790004601451801 -0.494819376803646
0.599461026074242 0.104702016029519 0.793526285675132
-0.665050225667465 -0.016450629250513 0.746617421533222
0.941075095274183 0.284450910799077 -0.182935355796146
-0.859241492388639 -0.188796106768561 0.475457766606856
-0.645199434948617 -0.676641929594217 0.354786398072136
0.509432841635669 -0.340104989251744 0.790447200101992
0.463487203899032 -0.332355901166994 -0.821412908823165
-0.0994831410732299 -0.928255497670725 0.358392013982284
-0.248689715173356 -0.120615753520387 -0.961043841648082
0.352539040160089 0.768202141873519 0.53439844159947
0.510793292828225 -0.620853956710892 0.594668459259552
0.00594973280126645 0.25345435132952 -0.967329050774206
0.090196735882202 0.426065085449963 -0.900185031977711
0.923978192762237 -0.382440123881656 -0.00196238253492206
0.404962006104096 -0.772530029673552 0.48908396709024
0.962752265468926 0.238372136726094 0.12761974677567
0.397264435715356 -0.147871634438871 -0.905712397974179
0.653786910504119 0.669095327128381 0.353375322947774
0.743304553342151 0.644495614737292 -0.179230978252161
0.194477543729861 -0.255230709049136 0.947119723236232
0.822355974753215 0.568972328399211 -0.00106785002264749
-0.356550595313485 -0.541925401889091 0.761044369119795
-0.586220481434414 -0.201939345535396 0.784580173004352
0.596694472306838 0.785067506518649 -0.1662068498199
0.801402573718394 0.351531750768829 0.483920802444921
-0.398098989624816 0.906379987994698 -0.14139487905307
-0.0762253235244598 -0.441134409286114 -0.894198039025686
0.448303982196367 0.0200449926131761 0.893656386883694
0.183681290229887 -0.773650173690262 -0.606404644085541
0.746146836375666 -0.591289345405956 0.306009490990038
-0.478297940424453 -0.377081480338804 0.793120821420812
-0.992110272148577 0.042887918215173 0.117804220503536
-0.645407811023043 0.651477135836756 0.398781016288866
0.176467071072066 0.832748336628797 -0.524775743217252
