# command_history: dirgen -cart 0052 dir0052.txt -force  (version=3.0_RC3-1000-g3151ed7a-dirty)
0.956492360435621 -0.154212326553826 0.247670997024581
0.842240832443332 -0.491708854975166 0.221026654736877
0.585984327226508 -0.440011224668151 -0.680450211559179
-0.256539616955086 -0.879626782175076 -0.40055480151018
-0.257314241480348 0.098839208039458 -0.961259690242718
-0.302363815275518 -0.253084362970638 -0.918980102304603
-0.0398808911277786 0.801151084737574 -0.59713185641587
-0.53743152468762 -0.6872769495077 -0.48868983102509
0.421631775080212 0.874342469919613 -0.240316232363901
-0.709378333306252 -0.681772142804683 0.178799120610688
0.169827394825815 0.984829480367284 0.0356307530959136
0.821262937147557 0.064017593629661 0.566947030835893
0.950979434477428 0.190771283714731 0.243401792332811
-0.689297692657835 0.11267466447708 0.715662707482765
0.585284945936174 0.357892223330246 0.727567652208524
0.787846106798513 0.415826233595821 0.454298421146211
0.0490591430453012 -0.102407624984631 -0.99353202204492
0.0845457781494059 -0.954863960303665 -0.284757491052143
-0.865370247518046 -0.348923606689069 0.359703560457285
0.00658470675692081 0.451732255854538 0.892129256698543
-0.12767525604315 -0.238955108023259 0.962600376762813
0.0673546774892269 0.950003184712839 -0.304888990381393
-0.835462623991891 0.355048501486051 0.41945532003432
-0.123248912752233 -0.576099241484222 0.808034262557409
0.952185604372985 -0.290689332604211 -0.0940334341336761
0.494154792935455 0.861024863353549 0.12019661104174
0.464197400602398 -0.872078536483461 -0.154918686667691
0.527421297545156 -0.345188147967753 0.776319468645722
0.626034090211154 -0.661117322942592 -0.413527753843335
-0.182563316522085 0.427089592763454 -0.8855874407497
-0.780421738945024 0.615805516798904 0.108284231825597
-0.437448045717472 -0.0868307486315738 0.895041690866992
-0.579913895892407 -0.000412319075775161 -0.814677668371897
-0.595724245095367 0.787100246233407 -0.159955700695119
0.910932477175574 0.411884775872062 -0.0235149618667296
-0.628520752216876 0.610943619812766 -0.481362189461123
0.207342043216504 -0.976335764001865 0.0614634285221753
-0.328105379059933 0.867722078117454 -0.373370131879163
0.307400346482509 0.59881895274588 0.739540998738245
0.0189499249248406 0.771353104072181 0.636125215019459
-0.709715288047307 -0.240040097238841 0.6623329688529
0.326991976771192 0.761491169164425 -0.559649395972036
-0.747795735353458 -0.636938035865942 -0.187380566373403
0.280168035648795 -0.58901197946826 -0.758004458986606
0.901327424760132 -0.00987773746689916 -0.433025754058352
-0.438565370723761 -0.437902911651645 0.784793893687344
-0.628815209685881 -0.588525948350291 0.508162021589662
-0.320219514434144 0.810120784228564 0.491084287609018
0.99321092101705 0.0585102249295043 -0.100541632924688
0.352313291980557 -0.254322671637994 -0.900663823512822
-0.345693797386246 0.652144022691985 -0.674688055412123
-0.787092352857703 0.285402597750178 -0.546837256659031
