# command_history: dirgen -cart 0178 dir0178.txt -force  (version=3.0_RC3-1000-g3151ed7a-dirty)
0.0218982460438812 0.242140209222469 0.969994116424373
0.309389518244665 -0.928167324272895 0.206841833661443
-0.323924889520274 0.194094280983716 -0.925959003433032
0.565592039057183 0.796831022649844 -0.212522861588917
0.45367125665099 -0.88829758247326 -0.0714828361278006
0.524861951462596 -0.553049043770361 -0.647036851416953
0.186089282520405 0.125880410306987 0.974435683476331
0.691631617563982 -0.522123558860263 0.499031757375143
0.389110847756139 0.879407745906698 -0.274289563413923
-0.040668156962614 0.764481232761829 0.643361908853966
-0.0485959260277375 0.607784356470534 -0.792613784893504
-0.119211095492117 -0.671799647269584 0.731077252169723
0.170545943859865 -0.0803069094256581 0.982071729219127
-0.735414995061032 -0.485433782266708 0.472777778743481
-0.432835954435994 -0.895636221069208 -0.102414823420979
0.803662254894824 0.519834796569752 -0.289652834152632
0.602145538624086 0.289392159167253 -0.744092016169791
0.51512567330133 0.763823292344006 -0.388869539535581
0.411175276429057 -0.873644645240351 -0.260153658241337
-0.743957836674555 0.598688996358365 -0.296813447960044
0.58674758357022 0.809187925242955 -0.030694866272872
0.710995934046151 0.57376387848556 0.406546176362598
-0.293903605779322 0.955677898756975 -0.017332753311744
0.814736601116838 -0.0119378135103591 -0.579708339951371
-0.0882955081784587 0.44446801714743 -0.891432602594576
-0.597042679278123 0.785781021124751 0.161518500366194
0.325517133332563 0.827198880195065 -0.458018131203319
-0.64813965481961 -0.153330791227624 -0.745925369130068
0.0759244986351406 0.336332301943462 -0.938677821819827
0.627999463274081 -0.747342889000522 0.217014470457203
0.033402268224633 0.156690942908112 -0.987082689995127
-0.543821084091124 0.676005714147762 0.497267436031688
-0.021357863661564 0.611974949590755 0.79058870642908
-0.477274244074655 -0.472767932152246 -0.740742720700957
-0.129034428535939 0.854769048870118 -0.502712630979248
0.548202284532551 -0.764838018520565 -0.33837414301159
-0.732418655777886 -0.644516831324871 -0.219456070336329
0.976310888435978 0.0176767083101589 -0.215649213086136
-0.673334439933725 -0.653172806825986 0.346389977369729
0.148269004561112 0.517579977844182 0.842690494085031
-0.756067556761417 0.195017958609129 0.624763831725837
0.864675852704375 -0.0706911005140843 0.497331316184764
-0.262978468034913 -0.868776113053114 -0.419607424551012
0.84557410670856 0.16870931645108 -0.506499354991327
-0.215716632686144 0.80182267026012 0.557267206858149
0.506169150932127 0.0839035215292448 0.858343165476164
0.307947521042362 -0.867849907274333 0.389878010059296
0.785248679440765 -0.493557657673195 -0.373878790503932
0.926991933392433 0.374251696674244 -0.0249323677537425
-0.838089821722426 -0.53643728774042 0.0991992290644142
0.815543377193299 -0.434157903650842 0.382617190692807
0.372642062435672 -0.640409236850329 0.671575686472096
-0.451074870527691 0.240118172441297 0.859578224736922
-0.724361310981054 -0.144955949343708 0.674009246155921
0.467232398323562 -0.307900136519491 0.828789111830079
-0.772068197565966 -0.0412167371690453 -0.634201765122409
-0.914712663542481 -0.00679173909874059 0.404047788553575
0.716690134225985 0.678357297311198 -0.161822831169731
-0.289269327837567 0.776477782170564 -0.559826321074568
0.928519378409167 0.187567981213749 -0.320421622775451
0.788180846960433 -0.349674369027162 -0.506457094066407
0.0327249459414895 0.904281172902414 -0.425681381137771
-0.978569937634214 -0.195833849610273 -0.0636394571424975
0.296710693884349 0.588346408252199 0.752204272808527
0.427184826260733 0.240652312566114 -0.871550106803486
0.174701010468073 -0.31876282748523 -0.93159530739214
-0.846496016505406 -0.344087126796629 0.406261668402669
0.884240692177988 -0.333622560692226 -0.326824701168311
0.852157145840599 -0.491385472065363 0.179912524955616
-0.865315945565859 -0.313431795818673 -0.391137857691306
0.264913073893003 0.936050828722728 0.231581323357595
0.843014860989776 0.529470635648814 0.0947986821428906
-0.288473126101761 -0.556747168860446 0.778983854443053
0.621191860784557 -0.783236058437516 0.0257283668017256
0.181214995121105 0.332705584336247 0.925455628160926
0.913086754519407 -0.323704178135238 0.247968110407378
0.671002127373083 -0.538863008442219 -0.509296380502943
-0.125750307745492 0.984479113066721 -0.122424409483064
0.597079101940932 -0.424809856235145 0.680465379039144
-0.453362950230103 -0.412255492843298 0.79025783386132
0.458912940576539 -0.739978398898322 0.491763034535201
0.256053736060048 0.965889144667691 0.0386606319504449
-0.518888320354316 0.0631031860566184 0.852509764700312
0.986577440901856 0.0177880565891318 0.162322327935278
0.731612428699416 0.681164279261721 0.027540494374664
0.136313852337466 -0.939166658738968 0.315253105891129
0.755864725707556 0.413367901878378 0.507735653788178
-0.659840790433056 0.388122865963818 0.643405604729017
0.243145363601404 -0.548812127255148 0.79980346406903
-0.615929390447191 -0.508346942254402 -0.601842481288877
-0.421595169665806 -0.776398029660664 -0.468469435986489
0.440377667921326 0.706660622342622 -0.553803461912719
0.827859418115246 0.477346649234225 0.294599661070314
0.38587599163199 -0.803428942440379 -0.453433185299844
0.355785169967518 -0.54979821906544 -0.755737276534415
0.375818916261028 -0.691563013395658 -0.61684742091015
0.260894955816898 -0.949816358940332 -0.172576667943931
0.565907364532003 0.656168222095576 0.499191465352096
-0.0623937498939848 0.883094861987811 0.465027402101097
-0.832266310495325 0.517798255151526 0.198034732752958
0.434504851979931 0.853076082475936 0.288906093936091
0.694777719511339 -0.649496746843817 -0.308930245055291
-0.739358506764858 0.664799373051504 0.106727653702157
0.129048426642437 -0.268179169320858 0.95468656465014
-0.598966134135545 -0.607563272735107 0.521638226917973
0.132091801042935 0.692234065239886 0.709481328167765
-0.431450102668208 0.482205235114931 -0.762449290205812
-0.477310774281732 0.822320599887027 -0.309779366252844
-0.936580090497878 -0.0313561700963682 -0.349048026322847
0.542500441581787 -0.591081513216275 0.596922034789742
0.979938083184029 -0.166948759162957 0.108855247643649
-0.613369119271483 -0.45450090223236 0.645915825316346
0.625718262365159 -0.243414932762439 0.741097717342985
-0.284917320665519 0.379156180344806 -0.880376459982387
-0.971564315063572 -0.198986893007179 0.128323801792194
-0.590370691955648 -0.736279213063176 -0.330689229475166
-0.759770180675708 0.163751331956991 -0.629233481180328
-0.999541415693279 -0.0123411141949372 0.0276523997928252
0.925663738472191 -0.350814616234383 -0.141688913871231
0.195450174170471 0.0381471374019949 -0.979971441076099
-0.49575609556119 0.115922959936187 -0.860690281735281
-0.346205717787656 -0.00617361680765747 -0.938138309326853
0.199571227311923 -0.67095680886913 -0.714134641269675
0.43638680867436 0.636303527681264 0.636148075431645
-0.202772708792091 -0.917539017218933 0.34206049238407
0.616469599627327 -0.224597019658072 -0.754666423988794
0.944652733218194 0.198019919181465 0.261570879936513
-0.0863291756516275 -0.983840867822584 -0.156857961970107
-0.497693123095896 -0.283145687055987 -0.819835395140175
-0.323199211118762 0.135671611618762 0.936555115160329
0.916669594672087 0.361729247657904 0.169908226971383
-0.632487796798526 -0.344419975737305 -0.693782435071731
0.280505799965523 0.70856875395658 -0.647492715868003
-0.611688733831734 0.678517420256821 -0.406756688096653
-0.068912637669939 -0.996845912889534 0.039360822206897
-0.235353719441779 -0.959687645138207 0.153649765746662
0.330278608530253 -0.381810977518154 -0.863212846402295
-0.383538181671794 -0.0580752396231974 0.921697200680681
-0.754131230463555 0.649885791714615 -0.0945227219614076
0.568930530271216 0.115990786965962 -0.814164718631512
0.45704680753119 0.569080879848161 -0.683560654160836
0.596003224283918 0.788355273427057 0.152565132002449
-0.940775840241669 0.149369510024733 -0.304351060278345
-0.0938901420238744 -0.931175773051437 -0.352273077189836
-0.937266169250543 0.344955328385578 -0.0503780646393969
-0.142610486614874 0.142430339976406 0.979477333766165
0.981236758676062 -0.172934309114304 -0.0852534348519393
0.0434075511382797 0.971952539279307 -0.231136422687308
-0.0811778016662718 0.959857157418467 0.268485384833461
0.178400831350511 -0.510618875159516 -0.841095421283624
-0.333993390268814 -0.410229815405667 -0.848622362307862
0.418353597245815 0.904087661297821 -0.0872110564121494
-0.855220379594664 0.257798222696652 -0.449597796592028
-0.947925349136212 0.161951085974244 0.274243282901796
-0.110913304032192 -0.832899401973824 -0.542196297645336
-0.0130731278993562 -0.0310607922524262 -0.999431998943189
-0.856917462821777 0.515304598875905 0.0123948492702532
0.864951338881091 0.14214131105572 0.481305546466243
0.00782031681951562 -0.776421866930515 0.630164999977765
0.763007093542585 0.243570619846501 0.59874329086119
-0.239460046720129 -0.216716805990892 0.946410435290049
0.904146265833999 0.367617841909763 -0.217661784169944
-0.00936828125193007 0.428537875522703 0.903475248442852
-0.110931079199581 -0.506627953687632 0.854998486671116
0.744019159059786 0.319620571906815 -0.586752231325906
0.646769859384157 -0.0460647808561704 0.761292837846824
-0.474250024193836 0.872094623241924 -0.120573142385331
-0.155683183911424 -0.821535478784218 0.548490841624533
-0.347901811773464 -0.210832591315709 -0.913517349481577
0.173933585716571 -0.703779420482852 0.688797237991411
-0.680408949886051 0.0362649886401271 0.731934772718098
-0.0990659247925417 0.992615228679339 0.0700067878056298
0.27826374279627 0.749709663860654 0.600420443821625
-0.275142964736974 -0.389612304105888 0.878918995951874
0.505215884055125 -0.402759558096973 -0.763244160711322
-0.739315552234 0.349470972457841 -0.575571501756564
-0.870736831287219 0.173613906971443 0.460082146954219
0.237062238785845 -0.898069587109243 -0.370503052148397
