# command_history: dirgen -cart 0037 dir0037.txt -force  (version=3.0_RC3-1000-g3151ed7a-dirty)
0.168321774362959 -0.845197908531064 -0.507255631501535
-0.36730506580305 0.530542857977492 0.763944542806932
0.807780568638953 0.589433803919072 0.00763830654163269
-0.508278028744903 0.10130406776593 0.855213968167774
-0.368267611956068 0.573815871952433 -0.731515079188149
-0.828992919434993 -0.402806318670611 -0.387966247456758
-0.689645258304785 -0.591988549485967 0.417059917727929
0.685153552163013 0.166159307001455 0.70919369332729
-0.956725909366365 0.116098761357112 0.266826932595729
0.585611512223921 -0.228448767676049 0.777734091639364
-0.707367188545985 0.537904876876496 -0.458573880635423
-0.23696790200283 -0.810475573358207 -0.53570099720839
-0.146043745725862 -0.973966865012989 -0.173377536581672
-0.724324883498169 0.339688698559174 0.599970875306909
-0.510843101370974 -0.409690858627981 0.755772932922549
0.568280608482133 0.770962531998186 0.287530736232012
-0.064136641076421 -0.56445670744918 -0.822967263435834
-0.340584714991338 -0.775889722910459 0.531034075927525
-0.66812602307197 0.741870047407445 -0.0568898062372213
-0.504044921411467 -0.532523238932268 -0.679968908992458
-0.470188593167053 -0.873592818588975 0.125531964715598
-0.779653102591412 -0.118912618854889 0.614817719894813
-0.038569855668484 -0.976293026830756 0.212988948059174
0.830016820116411 -0.506308393971639 -0.233931375658977
-0.540478682740418 0.739106496952291 0.402000472221235
-0.071162770208361 0.817144859992067 -0.572022847380083
-0.985505058928046 -0.114455758630025 -0.125218441707498
0.201976756295179 -0.206486010191855 0.957376058563994
0.876554421539051 -0.109277527640053 0.468733152265996
0.929031367177387 -0.344121197237544 0.135946020215068
-0.921897043760413 -0.291965405412426 0.254680275538111
0.099197458984299 -0.217921220073534 -0.97091204852588
-0.296043349813907 0.951105103239838 0.0880762034950273
-0.221058016544096 -0.176203526014081 0.959210962584246
-0.0821936074797704 -0.541653567243138 0.836573740911251
-0.403442895516079 0.850287651381014 -0.338001094623317
-0.322027072947333 -0.195145185196446 -0.926399978941935
