# command_history: dirgen -cart 0271 dir0271.txt -force  (version=3.0_RC3-1000-g3151ed7a-dirty)
-0.336712120957219 -0.379500190258412 -0.861745062761789
-0.687853829732392 0.704632557260374 -0.174212709556989
0.588225527880119 0.325240481284904 0.740411613687765
0.952756268843961 -0.293921134879735 -0.0765888937741078
-0.405711113385218 -0.63333763918848 0.659000703537477
0.208537989049092 -0.410694548345148 0.887604582617133
0.406165919403366 -0.15725962154341 -0.900165905457012
-0.912471134214538 0.206782740327878 -0.353040121696853
0.0747617048077874 -0.487152809261745 -0.870110813587915
-0.566465486583949 -0.10920074233054 0.816818248072158
0.815498186445616 0.340896492224906 0.467709620910951
0.7005822722272 0.682177479080412 -0.209328370930621
-0.248666406252879 0.823050608889289 -0.510639514342798
0.344969953070743 0.536983920348351 -0.769833748783259
0.85600054804063 -0.515508133921736 0.0389156217304949
-0.927161532736904 0.370026715954296 -0.0587513548187111
-0.903209236680014 0.366298857920283 0.223692247210769
0.802448289169592 0.0137694792562092 -0.5965627751124
0.570266123046758 -0.816896017094575 -0.0864722276817212
-0.203311224445669 -0.320751089010265 -0.92508555545589
-0.958898391672333 -0.194548561626069 -0.206554427736227
0.736894506627031 0.651567226257716 0.180129497222779
0.339528659315434 -0.861420906061647 0.377722533221671
-0.686850268551433 -0.209116868676055 -0.696065258309842
-0.43106847944656 -0.402451111739251 0.807597095516986
-0.35913274572959 -0.918903471634935 0.163217893510455
0.047702526271624 0.303914046320219 -0.95150445161154
-0.762797220543461 -0.410733637560073 0.499437963422728
-0.878300498613457 0.0355110570585163 0.476788421589639
-0.137065082349143 -0.922483270280309 0.360884717400957
-0.997040089960643 -0.0354518095434311 0.0682219041904365
0.55427541016676 0.594146989084345 -0.5828963244407
-0.128502118373506 0.991484332006768 0.0211193029859834
-0.996164179918002 0.0513382535856457 -0.0708612049507432
0.865226761499685 0.121252609420534 -0.486498156104912
-0.612897609867234 -0.772090663172103 -0.168025378028125
-0.188937244887598 -0.557553139584613 0.8083546338295
0.00281164225171663 0.774935904448641 -0.632033574000792
-0.860928968255109 -0.502427590653328 0.0797986702237971
0.800384694186005 0.557823979165031 -0.219583126813667
0.636196100782818 -0.770193733986297 0.0453446080254656
0.228646252218364 -0.541559146581526 -0.80897131104903
-0.222611338585913 0.640893581538961 -0.734642504266633
0.439711529337682 -0.896625855634439 -0.052113779131114
-0.320680028670869 -0.667373782831628 -0.672143253481468
0.756370626350389 -0.653224129484785 0.0346657215872631
0.595677974779006 0.67020339559781 -0.442713404916034
-0.712908363349994 -0.321808310083361 0.623057844045739
0.436671494928258 0.854916255106739 -0.280064639452018
0.762905238465547 -0.208444092530857 0.611985831053967
-0.894476612743767 0.278406843814647 0.349858855213933
0.134726955166203 -0.545348212318914 0.827311292605274
0.162182317195995 0.841665920080652 0.51506832067574
-0.0922097319117548 0.852388454292575 -0.514714764048475
0.791630897020335 0.491237450169768 -0.363326699312731
0.515503459168396 -0.580853191810191 -0.629972819373448
0.458926156902866 0.429539665295888 0.777741897063455
-0.730442386102824 0.454526584750492 0.50976416541325
0.66213900203623 -0.206837136215572 -0.720271019175842
-0.310824892691103 -0.751696272758537 0.581670524957632
-0.769020782660932 -0.173477415165737 0.615233794799166
0.826943660754551 -0.422126475527725 -0.371447736022719
-0.403762998009134 0.770766144676409 -0.492843780177189
0.636977872539336 0.764675444633804 -0.0976250698814345
-0.455365069959955 0.668305622487964 -0.588226357800584
-0.355370520637179 0.439710389589728 0.824843358674185
-0.825950202354506 0.287948092789467 -0.484656743571633
-0.933828233830003 0.116596883907627 0.338186333793913
-0.412233081735454 -0.805371957541084 -0.425957622691898
0.207976825833144 0.477801423237066 0.853493667152255
0.974374491039919 -0.214143383451518 0.0688255950547082
0.296088075975979 -0.954948755966859 -0.0201177717998831
0.647607078198289 -0.259309753928273 0.716493910501083
0.91491563123817 0.352274935459933 0.197057751846412
-0.491363634628515 0.787121283338768 -0.372829537295246
-0.19636553165155 -0.617987120778715 -0.761270317647311
-0.862609356842721 -0.350490118763142 0.364776334397924
-0.33406184755209 -0.532115901175619 -0.777981587009708
0.0276103816553457 -0.947147729923581 -0.319607328647909
-0.205427347080521 0.971709734947901 -0.116532382104458
0.988854224053595 -0.131630271963375 -0.0695758224831717
0.470145703185551 0.277259140908692 0.83790834018927
-0.878477257939802 -0.421988897773248 0.224060432559357
-0.523392898316153 0.68668896659711 0.504497905987736
-0.931435260026944 -0.35505353707131 0.079783094648493
-0.113611746137051 0.299989361113286 -0.947152973050569
0.806668773971709 -0.320934576966073 -0.496272592842469
0.990849611431546 0.11546335188146 0.0698946485666281
-0.595149233665801 0.408930106311742 -0.69179011110226
0.185996551107921 0.978847003740631 0.0852280836576085
-0.337037467190428 -0.934022162287307 -0.118356858973215
-0.491289389123872 0.462873843948372 0.737822838303851
-0.0633834940821221 -0.105028722692053 -0.992447227860312
0.127838695797761 0.922592738112974 0.363977894161079
0.876109763364683 0.0196928169075434 0.481709326772199
-0.801100040311064 0.574038445517993 -0.169465596747238
-0.457336317823001 -0.712123408584712 0.532657247529582
0.0582494988972419 0.254016054698244 0.965444374282516
-0.729730306738021 0.638735239108844 0.243948711307524
-0.180583802963067 -0.739852651860117 -0.648079889861542
-0.35832271795163 -0.281820769953265 0.890046000734066
-0.506456931513209 -0.259512468505473 0.822286236788882
0.912039361178577 0.20148656463156 -0.357193740054253
-0.337640499324845 -0.00376874142463805 0.941267597340811
-0.393623246226061 0.682375440830505 0.615974429486997
0.696382265133692 0.365616809025969 0.617556547827757
-0.0218117872214299 0.924470557307475 -0.380628998645419
0.399212215090614 -0.778341948510029 -0.484575503417225
-0.623063523753391 0.461155758735566 0.631765155380567
-0.700128266539501 -0.624674897717289 0.345834761922927
-0.614168406602086 0.708918626929387 -0.346744212243561
-0.355809374527615 0.915722848704842 0.186685171768292
0.867000669807555 0.177667859260563 0.465557698184682
0.0373974788687179 -0.993515946127495 0.107366164896823
-0.769212616051997 0.434903591992433 -0.468156829469061
0.695053929385723 0.0525970484752851 0.717031091192812
-0.501811665966667 -0.771963527860609 0.390201695989088
0.433927075404183 0.70400594367793 0.562212526094288
-0.692076679268163 -0.0812283760215328 0.717239026365728
-0.277433099544095 0.265305571316332 -0.92338715017368
0.68385786933128 0.543657727214782 -0.486594996062783
0.558986543371611 -0.156285707802032 0.814314940220475
-0.206084339781363 -0.164155080074763 -0.964666965632455
-0.794012037498961 -0.0957447558197022 -0.600314772465058
0.846916617973003 0.421372636811152 0.324310565890146
-0.275373491708088 -0.960494354020585 0.0402496702977256
0.177237852783764 -0.152140893987148 0.972337334425349
-0.175335092880818 -0.00446352890496286 0.984498695841792
-0.633040538845129 0.674934345055679 0.379108567620055
-0.568124998151963 0.794200441344451 -0.215591385363868
0.297646480783873 -0.509396162347145 0.807416944498304
-0.125789985456741 -0.157280169342781 0.979509993767445
0.204732557141625 0.297096666858972 -0.932640418697121
0.0962671251145852 0.675780438439729 -0.730789600120568
0.289614378136946 0.900265544893203 -0.32503147640574
0.977746490024856 -0.0423479287129787 -0.205471297698229
0.368539769849571 -0.922843124721954 0.111977699532742
-0.75889299479818 -0.476405492052081 -0.443981114000207
-0.638951695288501 -0.461422544429896 0.615491646230712
0.36328548060566 0.820672159424181 -0.441045197601297
-0.119170334087245 0.824040386608106 0.553855461932352
-0.028816739453776 -0.562335548471207 0.826406877060471
-0.306126913932495 0.720762065359501 -0.621923112373928
0.169580219825231 -0.00417256368764893 0.985507553880892
-0.689187240760577 0.576050322236699 -0.439530401023431
-0.0632264525371999 -0.557906768863612 -0.827491663375363
0.721126568756389 -0.0705309352110842 -0.689203786272164
0.105254799677267 -0.729660436598422 -0.675660472728647
-0.488595150859504 0.844653231544425 0.218713732989356
0.567135563871415 -0.661301935739352 0.490955193454187
-0.120005446527111 -0.437108797975143 0.891366698691708
-0.587699692169561 0.339431690545827 0.734435292777386
0.581116854370484 0.0044475139133606 0.813807975622348
-0.758794577480401 -0.570939492891807 -0.313462732462387
0.0601907905949129 -0.340555831639337 -0.938295685945533
-0.301691240633931 -0.78216768663746 -0.545156954743277
-0.579664497556426 -0.163351921773393 -0.798313985801072
0.934769172684754 -0.28798995636343 0.208010525772254
0.259352412209024 -0.127928310383684 -0.957272517982072
0.803039576573663 -0.586913336617032 -0.103248117452353
0.461114158163189 -0.318986024114908 -0.828022734929916
0.969717866984805 0.119166889511743 -0.213181872809431
-0.245324189773034 0.662076059072335 0.708146407118931
0.765683943172221 0.638791672360673 -0.0753213017073762
-0.220142683430178 0.92838949740206 0.299382932121575
0.342126615961794 0.22341512754901 0.912707543210196
-0.090088498881484 0.616842993965665 0.781913539443304
0.569174013972888 0.469493665247202 0.67499380746103
-0.38174357571633 -0.881235153021974 -0.278740824921016
-0.276369273109387 -0.148301649527101 0.949540228546706
0.0298428261001431 -0.161623677097362 0.9864011317572
0.0514313672473639 0.970415841786339 -0.235898089168138
0.0861843271173188 -0.140372941986935 -0.986340559298495
0.153168549172248 -0.757518534328126 0.634590470850167
-0.456350355601829 0.46409734191317 -0.75918246171208
0.321258120543113 0.0566798678376174 0.945293929191877
-0.695691666427878 -0.717031466756958 -0.0433472137878385
-0.266992427411242 0.850162976859327 0.45380387446863
-0.476983041068089 -0.865899842609415 -0.150680592985388
0.064216684500611 0.861019784374487 -0.504500890333666
0.77826912827113 0.246347850948935 0.577589733559156
-0.936328636935645 -0.0443095349741509 0.3483178846465
-0.129203944286916 0.899695283259205 0.416958916515574
0.432674505944383 -0.868006947890585 0.243632326097041
0.509782574765681 -0.856333625134549 0.0825496755244686
-0.518819030932107 -0.801085121562023 -0.298478543876489
0.318395900415779 -0.0992680155655246 0.942745942279312
-0.509805284447276 0.778777387637483 0.365519291493855
-0.635114769515984 0.577900612485898 0.51250376743111
0.277666790689438 0.42415916300132 -0.861968768454083
-0.542255516654189 -0.717311488356132 -0.437519351949613
-0.826596068192121 0.509260683124317 0.239567311361716
-0.725883357681639 0.620400745148578 -0.296978562290141
-0.878661971408092 0.436210607099962 -0.194096486971632
0.78889684806066 -0.0563275110637956 0.611938701682868
0.158644583268771 0.77281155104512 -0.614486942717837
-0.646265358561462 -0.699177762903642 -0.305763866708417
0.824446412154492 0.269950012286438 -0.497408387898856
-0.899255349010214 -0.433381230845869 -0.0593340208231195
0.372037078582359 -0.864648339270284 -0.337596892102169
-0.370886280176091 0.369024236624473 -0.852211523015775
-0.480208983946486 0.0214367538196025 0.876892124108069
-0.325437294414209 0.289847145753668 0.900043998648294
-0.812406744554066 -0.580121866267971 -0.0587699045501223
0.863680072542915 -0.181827554805991 -0.47010155562978
0.0292498526908866 0.998215776976305 0.052054862531305
0.840424158257154 0.506780949533484 0.191990373216199
0.977497860021205 0.0292240015852729 0.208911204547072
0.275596221616724 -0.928211066624502 0.249941870094609
0.716737818252565 -0.358372944568486 0.59821044164062
0.968199709803067 -0.132119471831127 0.212447092473212
-0.935858029080483 -0.275269074030151 0.219992468707858
-0.712318507696587 0.324504694337251 0.622333549590566
-0.783362569846444 0.174364385537352 0.596607195078769
-0.4968679872449 -0.507371342247849 0.704057188243127
0.869132557168024 -0.354663915871329 0.344705823637179
-0.120897171984432 -0.989691183208525 0.0767804381693504
0.562258278429973 0.826623650462606 0.0236425217106284
-0.112183415172946 0.961709945342188 -0.250057718117358
0.0636087429337536 -0.668459775928834 0.741023249154546
-0.977348241722348 -0.19792468892974 0.0749415232985078
0.033222841656816 0.792196300702212 0.609361357443986
0.450628163993177 0.576366182082312 0.681715689982267
0.933745384646039 0.106402632359913 0.341757277141396
0.643577479967537 0.228828981501024 -0.730373414428427
-0.555682758709402 -0.608800101908674 -0.566197057206321
-0.253196076875126 -0.663081506101115 0.70442505841411
0.958838778368936 0.276953613620453 0.0626489664602681
-0.660236929251988 -0.610891350552061 -0.43691984971226
-0.0414165043244836 0.435570923524522 -0.899201114183882
-0.900884378036176 -0.270235361232284 -0.33967659170162
0.217295545182821 0.850060330988879 -0.479770861685844
0.861765998630789 -0.135879551226772 0.488769998222365
-0.739382741900228 0.555250388163606 0.380802005541286
0.531798496272203 -0.551045884312534 0.643069819494618
-0.239762950699521 -0.939182290556544 -0.245866534072496
-0.61550992031728 0.75147769539838 0.237547492745672
-0.45454512576546 0.0467622806264106 -0.889495372530672
-0.955179218243492 0.20912007159505 0.209526744574133
-0.2105346928849 0.405218680994519 0.889647662653549
0.273216779126034 0.874377260829417 0.401019946322427
-0.0486487882630802 -0.683973743672864 -0.727882692036747
-0.427545112741356 -0.134530361193981 0.893927714352788
-0.510498395597663 -0.84850263558778 0.139408269097655
0.587301484518111 0.764239483565022 -0.266486356204387
0.179276505018983 -0.255399623248641 -0.950068927600851
0.650972349319708 -0.505908400994032 0.565943186393159
0.607712705792504 -0.0473667247776372 -0.792743123970302
0.207716288634206 0.956817578412589 -0.203356989249696
-0.0179736253147472 -0.880730563112799 -0.473276477328059
-0.0173348779908485 -0.020890415199961 0.999631478374814
0.694702787294263 -0.712090277669532 -0.101565120854113
0.576446750573711 0.370954176587271 -0.728081137391617
-0.681983720831414 0.104555129932662 -0.723855254402221
0.260744431985553 -0.76426650007322 -0.589838162595777
0.805854654417589 -0.493639442684594 0.32698375583437
-0.378936048545374 0.596440221375957 -0.707577934532881
0.181877555302208 -0.904629273578232 0.385443163465917
-0.215582933899708 0.964462581295955 0.152761015613077
0.539747383764568 -0.185520912730403 -0.821130167914309
-0.423087298217286 0.210336796902745 -0.881337375785171
0.665646474886127 0.497449055708423 0.556290578247081
0.37534953488176 -0.571655161609881 -0.729604757981215
-0.0701924592408924 0.981041093287351 0.180641611892927
0.0746194955419991 0.415314093930165 0.906612449874821
0.934777901026809 -0.0524871863084543 0.351333703230041
-0.890346222930205 0.445679362225743 0.0930242409266158
0.089344089226632 0.973782069241417 0.20920352612747
0.457452460876397 0.112533159959127 0.882084765738386
-0.515456914300082 0.313617509887737 -0.797463621108859
-0.426755974686559 -0.90429889767192 0.0110833992382995
