# command_history: dirgen -cart 0138 dir0138.txt -force  (version=3.0_RC3-1000-g3151ed7a-dirty)
0.207099649205544 -0.205909021414251 -0.956405358725664
-0.184354062510239 -0.271358257836116 -0.944657755771961
-0.343225908248258 0.927321570446296 0.149233645308871
0.232593362214379 0.409094744102144 -0.882350167564903
0.76865498380039 0.323397111469652 -0.551891134347986
0.0595070002543436 0.929980835589535 0.362759648192739
0.557178103913757 -0.829579395135582 -0.0367503426589973
-0.931552762389785 -0.172380107234371 -0.320147699529184
-0.793699133135831 0.391571114109758 0.465525239545907
-0.478188044728322 -0.739269769053316 -0.474148080711882
0.169638184942041 0.219546730579449 -0.960740401618171
-0.742839246407937 -0.140541599231581 0.654551688471979
-0.447386860501093 0.284932253278391 -0.847737346170779
-0.638004246407238 0.691618834583651 0.338546849365762
0.159371402773357 0.48261954108398 0.86120795081208
0.83069482079127 0.398848786445897 0.388414418194272
0.561955485590335 0.815824386111025 0.136515945008266
-0.629693383558838 0.225238846852496 -0.743474077941377
-0.683786519303855 0.0472456609535634 0.728150975786876
-0.144033540925866 -0.0141706829071992 -0.989471339066625
0.892802190575648 -0.200636393554092 -0.403298011506296
0.957352726035215 0.287770670236419 -0.0257643029136256
-0.000256902250360147 0.173508534655396 0.984832332127135
0.420567449442966 0.857522159661318 0.296274815262497
0.992789025535321 0.0610185651825465 -0.103182777049718
0.287707306885309 -0.14472620891423 0.946720037824339
-0.0888569887175768 -0.572654546078245 0.814966997130537
-0.788137265742365 0.537913167320164 0.299147245970505
-0.595833434600556 -0.754645673373107 0.274758850396769
-0.73783566570016 -0.587260475027209 0.332751656482155
-0.0908780997899282 -0.816357881665612 -0.57035162840217
0.474702515778105 -0.0623535803199446 0.877934822486967
0.159204464656468 0.738550814236734 -0.655131004627093
-0.302887508970823 -0.586117963573697 0.751481795977568
-0.518717097729897 -0.586144736611436 -0.62238807850519
0.879104716273487 0.165849406501856 -0.446843229990894
-0.149251700549163 0.539079100786194 -0.828925601594456
0.792765698086558 0.554339141654846 0.253437692474306
0.919865660310594 0.344156512100492 0.188158077584192
0.434322182665371 0.390711890492375 -0.811608563454491
-0.861436777034444 0.488710060246429 -0.138163512500378
-0.0326328548150798 0.381545048462724 0.923774037727948
0.703296889698273 -0.697779670754061 -0.135930188049195
-0.728784263571769 -0.679294906813791 -0.0862086233911482
0.00500853210008108 0.393486306756076 -0.919316833850912
-0.986832023853749 -0.11565597619262 -0.11307630993115
0.261761614188156 0.85782723963415 0.44228190589178
-0.947100478960841 -0.00299917805435437 0.320923180345614
0.143269435524258 -0.953133760408678 -0.266476835041574
-0.641181176772226 0.00490017093454761 -0.767373889885364
-0.361786277148807 -0.733397560848532 0.575533411200627
-0.116846166632564 0.866227628869074 0.485794882977515
0.730817225535545 -0.621934036375406 0.281254755085711
0.827844026232578 -0.434075041485073 0.355321159784732
-0.0878323671021003 0.732659491360356 0.67490410060158
-0.0626727218705373 0.196347829140581 -0.97852933523994
-0.96624647884739 0.0637002057637736 -0.249619762640448
-0.496464071523396 0.619480694009987 -0.60808477651995
0.574212275267313 0.16996315129075 -0.800870020749718
0.650984459987423 -0.564017513177058 -0.508038854502735
-0.229852575249184 -0.94822697887709 -0.219165212068304
-0.756455233631487 -0.641858257227504 0.125672022106767
0.227944772809506 -0.352031670183099 0.907807735006108
0.864665703387776 0.500396340458927 0.0442348713147881
0.0097724053999493 0.994067499814095 -0.10832500129727
0.290029013405626 -0.754694262143844 -0.588489372945781
0.840838866355684 -0.0320550069560291 -0.540335522943603
-0.0534473109406495 0.701677978447366 -0.710486734228889
0.876674597226346 0.451903616495997 -0.164999309016318
-0.381724871134062 -0.196585977116212 0.90312794019394
-0.900279140313319 0.360058507891407 0.244653510932758
-0.745621821852613 0.362661288540432 -0.55903925494672
0.56814773424921 -0.724847235233249 0.389621146297534
0.592219500667416 0.80251438678344 -0.0724342600903424
0.363142643488201 0.349859514032655 0.863554133173616
-0.883891793174371 0.227991752239404 -0.408356534011396
0.0930219204004591 0.0230207366995349 -0.995397894315043
0.401758076048752 -0.870078538232129 0.285576234370871
0.634766849339736 -0.412059426256206 -0.653665110138756
0.169536463531815 -0.984902565057909 -0.0349903540347397
-0.246633340229944 0.416314463656504 0.875130997529752
-0.473144129584256 0.598867121947092 0.646136829851668
0.550630181669866 0.686860251168551 -0.47437263664643
-0.846433907338183 0.52627494476308 0.0811438415582771
0.761000531974188 -0.226681534930085 -0.607859911539447
-0.735628117989209 0.673563287764695 -0.0718593723829344
0.78215038027066 0.0533809795317055 0.620798883429004
-0.895411315694179 0.00650619282990846 -0.44519236873702
0.00879271751456702 0.946219532132008 -0.323405759272454
-0.214539580428608 -0.945554458886094 0.244743812404203
-0.191849620790159 0.796388539838564 -0.573549489247853
-0.783418564783243 0.158754457994672 -0.600876338708541
0.447663379741771 -0.429309735857477 -0.784404646299446
-0.580694764893202 0.79451489743051 -0.177594109661932
-0.511914288165293 -0.178369201261861 -0.84031433976425
0.498541246636802 0.559272229684858 -0.662322578888226
0.937579173867773 -0.285186171774988 0.199033012733447
-0.206271862136348 -0.978231152980964 0.0227096945892608
-0.943093035312538 0.331911287122824 0.0202589295238933
-0.0333157707682882 -0.990969069033074 -0.129885963975474
-0.698363833716648 -0.409943188815583 -0.586715039606364
0.333948013249319 0.105838346658929 0.936630646959268
-0.315931523431916 0.869339642742657 0.380047178726614
0.391136595370804 0.918314956287211 0.0609081671120884
-0.533293525511441 -0.403634486500299 -0.743422636832655
0.475020990524564 -0.740398843582089 -0.475567672348917
0.671909153970333 -0.553238205056024 0.492407937869873
0.406208411827486 0.836933473272144 -0.366792976319362
0.578376046929836 -0.43279279651322 0.691499489243544
-0.992467275031112 0.115781376648209 -0.0400422378715897
-0.503596603203532 0.0263673969681998 0.863536462240585
0.129685071489687 0.664861438601851 0.735622899108634
0.295838478436558 -0.653943106291075 0.696303100963024
-0.305855482722656 0.00357705375134075 0.952071230725386
0.343520942321802 0.553476708696731 0.758720564579988
-0.381934517147702 0.482032860524428 -0.788524156881569
-0.675906958269318 -0.575439099741364 -0.46045588958332
0.501102358889795 -0.828534644183214 -0.249853495679525
0.629081704375741 0.713006682022256 0.309641212714532
-0.275370126488827 0.599916261043058 0.751180253450292
0.309897602698287 0.722911727843355 0.617545228779553
0.210922012851995 0.865420059382918 -0.454488751579321
0.200643146291622 -0.962504861252963 0.182556073332589
-0.00983220217744849 -0.851613577751347 0.524077896872109
0.67490933244501 0.515421189439817 -0.52805150360081
-0.828158423214187 -0.229360200915728 -0.511417172468122
0.943044877780942 0.230289115976082 -0.240069326558148
0.97075959887236 -0.161689384391925 -0.177432646861099
0.588488558754829 -0.236362919722569 -0.773184186591323
-0.388304691164891 0.918929571081649 -0.0691947267574265
-0.614938089198261 -0.360532083806431 0.701332847512067
-0.673159421386999 -0.227312849278474 -0.703694011592271
0.410762953424327 0.898079963815073 -0.157245587181461
-0.0618750710778251 0.56945673579844 0.819689271390628
-0.389411030322666 0.778220830697695 -0.492677773124819
0.843603793779164 0.39339932237948 -0.365471766724555
0.200728311115718 -0.900238011592344 0.38636727035412
-0.403811586078289 0.228299088034032 0.885898261287246
