# command_history: dirgen -cart 0243 dir0243.txt -force  (version=3.0_RC3-1000-g3151ed7a-dirty)
-0.451303111705407 -0.0142009178039289 0.892257717982055
-0.474643238386708 0.763700316949375 0.437579275269296
-0.88764914208255 0.456183063283792 -0.0630556368069397
-0.0742386443032187 -0.90649590615796 -0.41563661509891
-0.875303479215275 0.31016679461495 -0.370999162791404
0.500333945969889 0.363602794802596 0.785785562429052
-0.980917231502912 0.0917674323466218 0.171406310564026
-0.0385375326701458 0.748962826103268 0.661490395766336
0.222539784870813 -0.155009342164432 0.962521764944254
0.754975156614522 0.510849965287219 0.411150612137359
-0.11613413872809 -0.706886423627578 -0.697728060144421
0.0971435799280418 0.845814333001239 -0.524558136881351
0.291697139683039 0.124083028523762 0.948428268628211
0.657694359966032 0.441300437862357 -0.610485095978078
0.028636496786625 -0.62419844884072 -0.780740832489648
0.621248570100972 0.296679511256102 -0.725280278063824
0.714606816464507 -0.554517272079274 -0.426436036033804
-0.491075796489643 0.0788881951134759 -0.86753744286561
0.336075733387491 -0.776056749332546 -0.533656278182373
0.171577715792051 0.00787619638257129 0.985139103362629
-0.433235295653995 0.420071061710232 0.797400452541403
0.256647589345497 0.769889744182932 -0.584295983800235
0.346737270070992 -0.754035490110746 0.557856384024745
-0.277646694306069 0.398412931745754 0.874173580565476
0.0436396063522275 -0.556179941763781 0.829915331306188
0.124031427691591 0.577020827897884 0.807256569571797
-0.245599777035471 -0.860611482249045 0.446126244622785
-0.546257538586363 0.295780356010015 0.783655972054164
-0.363306498948658 0.853775854571294 0.372927845531444
-0.655863555563913 -0.667102722410588 0.353294429952474
0.597451325670551 -0.561027144307043 -0.572975092656901
0.712938197027426 -0.676783745240086 0.183528987895878
0.537972459481976 0.684648937529071 -0.491773794726018
0.715333064950166 -0.610859280090063 0.339336921240308
-0.0649374555948971 0.205107220706686 0.976582897082905
-0.0449572427988242 -0.966510311794137 -0.252659184506575
0.545366798443112 -0.784162403877441 -0.296081710852027
-0.82486027389987 -0.360651543358091 -0.435357316253279
0.310304562116184 -0.541295431330805 -0.781479580507566
0.17173416427594 0.974958015225966 0.141294887972246
-0.1551776694473 0.516998846608174 0.841802876872444
0.558972587765685 0.827189482096762 -0.0575083197026699
0.225303144710228 0.196973886211996 -0.954169681521178
0.106362470242312 0.494744237431244 -0.862505167783087
0.893704790880433 -0.390575584750531 0.220776944797553
0.502611975747692 -0.144413044522429 -0.852364988961164
-0.0822314131506092 0.929531349054272 0.359457182174175
-0.559901703276056 -0.208460537373673 -0.801906657302738
0.815380841729134 0.0968842556122383 0.570760478620894
-0.902124265388094 -0.0319425672651382 -0.430292321793574
0.596123950580551 -0.646568042999808 0.476010505467721
-0.521292254680037 0.840589309081919 0.147186951418211
0.901789232641189 -0.141906742820258 0.408213983389301
0.791558453822288 0.144552365080553 -0.593750644574039
-0.857438306771302 0.504083119699191 0.103439637061884
-0.763536565744693 -0.434242860105529 0.477959256860007
0.491914996265625 0.8428964368402 0.218048694586979
0.690370068356481 0.721889565158543 -0.0475880702768851
0.860454310467423 -0.165467674765488 -0.481911639417159
0.24686607323745 0.764962384954219 0.594886284502741
-0.649496224849334 0.747079872347871 0.14151437467322
-0.0089512583327697 0.392827700728267 -0.919568525187114
-0.590632706847963 0.52245956949506 -0.614970734136581
-0.0933504386497226 -0.819978207573038 -0.564731294253481
-0.454005403752146 -0.888669413981997 -0.0643876231642813
-0.626365634520995 0.111521341888578 -0.771510908668492
0.602514720916508 0.0493151865176824 0.796582716017382
-0.590275162287098 -0.446297889383483 -0.672601982392848
-0.90581399828453 0.0151892800019715 0.423403219502184
0.719006745160824 0.409838626087337 0.56130348384816
0.988374854843546 0.0628105554312178 -0.138455698472187
-0.578473828438461 0.43575620008587 0.689553887595794
0.906196584226338 0.299338476073379 0.29867076770013
-0.911545602735569 -0.386901074394137 -0.139255781804964
-0.268860857025646 0.330552738169505 -0.904681561019167
0.66282874703753 0.567229632573559 -0.488782769777253
-0.792349538542173 0.546507100138708 0.271131330299517
0.233950246748314 -0.243801277772818 -0.941184476605274
0.680761692361109 -0.307628982072637 -0.664776599770624
-0.698504928377976 0.523530389433872 -0.487859402257349
0.596608048058242 -0.0067760847420927 -0.802504156791542
-0.449751594562887 0.883912096579815 -0.128151897012945
0.412220767121055 -0.375591278258137 0.830063389658012
-0.845192169311475 -0.45518061588536 -0.280108557271617
0.547998621135536 -0.405897916008795 0.731398928775035
-0.272427338769071 0.954827556010557 0.118691547188962
-0.105998941770209 -0.746932430225676 0.656396350554116
0.110035204910522 0.628622937799639 -0.769886651236694
0.392789632956215 0.171089187333224 -0.903573347448772
-0.874451604792434 -0.200113241992791 -0.441915242161968
-0.737970339481844 -0.296846122170747 0.606038082794507
0.424309683603424 0.515274552128049 0.744616296040854
-0.165829374427484 -0.423004517437174 -0.890824223292526
-0.0276377206850067 0.995117434743794 -0.0947493929493452
-0.472830926510842 0.66844242630245 0.574121622701839
-0.0621271470453295 0.891834888923046 -0.448074489900537
-0.366543788745583 -0.865551274045983 -0.341272095151961
0.17616739963356 -0.96894117740115 0.173545504242612
0.206595616163127 0.930194436331302 0.303408243132037
0.602229791203572 -0.667911310654809 -0.437279955733483
-0.691659978712197 0.721871374725092 -0.0225431186917284
0.979857114335571 -0.196196088046968 -0.0372442011732619
0.339753408701065 -0.0350153160216131 0.93986251596705
0.886342898268591 -0.284919949141726 -0.364988889241727
-0.392204474151897 -0.679069985266586 -0.620515596552797
0.514861020742565 0.580377859212227 0.630935551269824
0.704716774525371 -0.440818790758998 -0.555925409939438
0.395359888912894 0.792720923513956 -0.463987171872203
0.169234195935622 0.359390839828026 -0.917713468994397
0.817838654668855 -0.238309686868929 0.523782806202982
-0.116288288772971 0.364544242848758 0.923896384287805
-0.983711505976247 0.12519183314624 -0.128990999389216
0.263723759611107 0.953552918911873 -0.14555620718894
0.767621779785706 0.541223869279524 -0.343268883705945
-0.295474735579445 -0.954946318705693 -0.0277886492061302
0.234865241584873 -0.928232307212675 -0.288484145390892
0.33199968475491 -0.642308179916817 0.690808520021711
0.601428017912615 -0.729544614131878 0.325651647102965
-0.319854691013155 -0.325162736923616 0.889922564694942
0.483649737144845 0.297022800274134 -0.823322772597135
0.961362725340694 0.227302509355036 0.155290951334636
-0.197428826703265 0.734742248650115 -0.648980497730976
0.0830785070076399 0.922841898759231 -0.376112737843108
0.37266642698179 0.875084151504501 -0.308783843467036
0.743789251294256 0.638334927242696 -0.198257585784737
0.945107155501986 0.131539114643709 0.299115238558143
-0.840234750972086 -0.508894631567763 0.187167885120253
0.880865345645523 -0.407747410728501 -0.240454344699771
0.913886605540426 0.366795820233864 -0.173988788353631
-0.459625481599663 0.55270304770012 0.695171746928251
-0.403482693213192 -0.57176060702722 0.71434692169092
-0.232025687840117 -0.859559990584323 -0.455324832146237
-0.75468567477025 -0.601351297064723 -0.262347383854209
-0.233747772520563 -0.277402857422334 -0.931884989435713
-0.931151760325088 0.357992522989621 0.0692658121082591
0.653986003611826 0.301409833077466 0.693869166056575
0.115418180011529 0.166874239207453 0.979199485299987
0.917687391671914 0.239631778370991 -0.316901344208501
0.476272722377302 -0.648055337182974 0.594296705247451
0.00325402964472224 0.476810151459265 0.879000279156078
-0.189309971941243 0.607160891577074 -0.771697729854726
-0.256379679954137 -0.515228285141757 0.817807602004591
0.225588304704542 0.927785913491652 -0.297192219795527
-0.680737703216761 -0.145048628241751 0.718023032265926
0.636214757372489 -0.271624429161745 0.722115608461707
-0.0503442601840289 0.959038331379242 -0.278766810097334
0.404500060989714 0.69100927588685 -0.599070848312325
-0.881635881974578 -0.138802193465577 0.451056673494642
-0.335522978209775 -0.92300992436971 -0.188353419422812
0.604253040477251 0.790978593142751 0.0960787607326034
0.950705148757156 -0.295316001135039 0.0945948180411731
-0.290268849287177 -0.0410154446008081 0.956065755289717
-0.197936363864354 0.91641386286521 -0.347860356764928
-0.963085408184578 -0.216859826762698 0.159493924894956
0.800703739529563 0.597945146270742 -0.0365393425588771
0.329818093193664 -0.668484233442226 -0.666594970759048
-0.64368828156342 -0.553298510720492 -0.528702330439745
-0.776581252502828 -0.257004493558121 -0.575213220077628
0.115902513517592 -0.277530690477777 0.953699807698016
0.810422350019192 -0.426370544391819 -0.401775775108947
0.306665678974855 -0.497933518909586 0.811183315955899
-0.179547354673218 0.0839676559559717 0.980159262662507
-0.180755447612647 0.654731559366379 0.733930550752605
-0.347125571158553 0.117867217106379 0.930382263899869
-0.986935444025139 -0.0531857415255326 -0.152084536443653
0.721036103367126 -0.0117983896197118 -0.692797037842637
-0.41441121448644 0.909237429636283 0.0393781901092518
-0.516605744449162 -0.774971654858406 -0.364056917209591
-0.392983198781147 0.892127464360819 0.222873939277057
-0.298208212314806 0.952162267763251 -0.0667748302577428
0.404703870270039 0.90917869741851 -0.0980248618914251
0.691372738148258 -0.378039327306145 0.615702853619583
0.0571854377354793 0.239168307356908 -0.969292704226661
0.799916270302179 -0.5990059630509 0.03641176644045
0.809532589972561 -0.474360186127104 0.345889288052952
0.782494738855549 -0.3880653376018 0.486936625666408
0.475859756233594 -0.756821486008232 0.448083397051928
-0.793324343908539 0.308351486431334 0.524934135085225
0.373153916656009 -0.203440855778021 0.905189467837859
-0.0965839709646563 -0.975130493141652 0.199479467359466
0.643236437714423 -0.161289317194751 -0.748486901258339
-0.938944885059464 0.128798762878386 0.319050750667769
0.348578557080791 0.38052264427332 0.856560276185345
0.00234929409195189 -0.0482505149397019 -0.998832502787791
-0.834908720134249 -0.289608031676428 0.468032709361531
0.731527442912409 0.67292382709484 0.109732051808332
-0.944966863543393 0.257461465134065 0.201869316083408
-0.137860627826373 -0.989947818711022 0.03158739502727
0.277659535671591 0.515090784157502 0.810917175996813
0.189944899729197 -0.772002425217708 -0.606574966945424
-0.762245810905385 0.634502772277451 0.128013888814538
-0.526701453208916 -0.686700439502553 -0.50102703078239
0.116330169498119 0.0746767525996365 -0.990399249942018
0.548678850006739 0.148195319724688 -0.822793817895456
0.650879028906752 0.651733607063205 0.389358183622468
-0.272534784282467 -0.64190133649575 -0.716719935233477
-0.0609649254918166 0.853133982896951 0.518117443333229
0.260728680448273 0.655396208968297 -0.708855672518522
-0.151130125381415 0.988442044097428 0.0119168226762253
0.534160638333787 0.440438622870923 -0.721585914453993
-0.446343889075778 0.529763309046905 -0.721198980221398
0.832643880220795 -0.0680249524207976 0.54961511494773
-0.989092607508064 -0.146999480358229 -0.00932558562828162
-0.7018918235793 -0.147451335712215 -0.696854340295882
-0.393605843358356 -0.438300956213308 0.808063556817567
-0.814821082594801 0.545720049578031 -0.195592000980584
0.942079043114273 -0.219624033431903 0.253480493261312
-0.213040447369493 0.865471735991746 0.453400972632437
-0.0511183476634884 -0.319096333545113 -0.946342667562982
0.161790424898928 -0.450081366066133 0.878208757831
-0.824251689633188 0.0130433306173321 0.56607333770744
0.635505094342352 0.731981925330814 0.245633336609494
0.491748067904797 0.844685043579312 -0.211402494936354
0.999572308198983 -0.0292398415778277 -0.000482023092425315
0.1124858590421 -0.976059560592616 -0.186157636672016
-0.951648080905137 -0.307082331800308 0.00814687704925118
0.957776468164304 -0.044782115040017 0.284004928131987
-0.207005561047417 0.835494332714339 -0.509016618292238
0.76310514898696 -0.165955819015145 -0.624603232239957
-0.541823217946902 -0.572741239386372 0.615138255353889
0.341559816013943 -0.848396654938912 0.404425528339875
0.522876499818929 0.774539293068026 -0.355934052080983
0.56393181107529 -0.825736372403512 0.0118471830926668
0.732004297566671 -0.0134073346961216 0.681168078905839
0.590867547344738 -0.788657203636464 0.169986342531178
0.385136212307863 0.784607519890429 0.485861232967338
0.408117313899667 0.234809479247597 0.88221582764695
0.888434763449502 0.458412285976429 -0.023277610708429
0.326457737169907 -0.91440069493246 0.239367322224525
-0.3950791473545 0.273869799306357 0.876873879388329
0.74059552951846 -0.180992419384724 0.647116686373127
-0.511233172556869 0.24348971525717 -0.824228974157922
0.457727350981945 0.0817433767479661 0.88532688455784
0.627223592346867 0.750929427243122 -0.206629040804549
0.0457390768055671 -0.690896302488227 0.72150553432463
0.0117618581938386 0.996847949057249 0.0784590667302641
-0.680925826542535 0.672812685478095 0.289245758840331
-0.0524948716984804 0.803186885635665 -0.593409736344324
-0.855987421919346 -0.397248985218215 0.330875773152055
0.470211006402903 -0.833153536452682 0.29113020137725
-0.0543503926256468 0.115234063207206 -0.991850364469458
0.834650467027335 0.536764999591133 0.123458224128579
-0.95339375654355 -0.0700008389051801 0.29349655455618
