# command_history: dirgen -cart 0162 dir0162.txt -force  (version=3.0_RC3-1000-g3151ed7a-dirty)
-0.307268514720229 -0.329033309148405 -0.892929527640606
-0.643351253312612 -0.369950343135684 0.67025063108876
0.48512216565276 -0.870855706492907 -0.0791632671200229
0.448610569817631 0.174828425361432 0.876460825327375
-0.767927436218021 0.633505313087128 -0.094649199647948
-0.0209265045096823 -0.98867874394893 -0.148581367178297
0.49257433502928 -0.859946066261918 0.133653610467935
-0.631114661304034 0.7444145205381 -0.218039688816338
-0.340372485899556 0.563546208683385 0.752703289165883
0.938783240850583 0.265026624644796 0.220106599009351
0.460305024155495 -0.655169912460932 -0.599058987532233
-0.784081099637819 -0.320416843293386 0.531554207701011
0.156622020544115 -0.848780312436898 -0.505016360032229
-0.803533084492845 -0.459561573209252 0.37833548942024
-0.486930195271421 0.800210756685619 -0.350088174346928
0.024543484196284 -0.47381760813714 -0.88028091630042
-0.495727752038913 -0.364847018236706 -0.788124767497019
0.382956462903303 -0.016161000672579 0.923625015673489
0.0397457841445554 0.887776345311874 -0.458555812685246
-0.391343469379508 -0.892323380663072 0.224965049054371
-0.919725016476242 0.278991872605905 -0.276169203727763
0.946114046208015 0.0770181787182481 0.314541589801448
0.774331472676917 0.404173792985571 0.486882239854417
-0.764483590606096 -0.226882505504137 -0.603398018218635
0.0885709344076538 -0.948812475305427 -0.30316674666418
-0.708523361359145 0.18204836439191 0.68180131961633
0.505531558197675 0.0435088974343946 -0.861710403505884
0.101049585432099 -0.283768723857987 -0.953553508013059
0.588174862623149 -0.66897552630712 0.454447000408575
0.225080535536617 0.143606210251775 -0.963699127788166
0.330336984409904 -0.907470548873872 0.259566329976605
0.0433447742291924 -0.762978387905233 -0.644969154407056
-0.721439034404913 0.610998433396276 0.325893593100883
-0.850637262835838 0.470627675874311 0.234362620262484
0.739191415297559 0.160037563392416 -0.654204883697615
-0.156880903014206 0.0845571304146885 0.983991094454356
0.695591163624762 -0.386819198083787 -0.605412124986745
-0.904116837438937 0.0854817370081696 0.418647365807407
-0.900399948310082 -0.415204933649244 0.129941510521194
-0.619894518797427 -0.195586094003368 -0.759918986075103
0.65490275701365 -0.168778274432754 0.736624920115673
0.64187032211416 -0.766804432303437 0.00366772257239437
0.479123939810647 0.582645402704651 0.656478929599008
0.720601467187441 0.584459576264746 0.373015454371185
-0.588688638956111 -0.208945564440686 0.780888876514812
0.419331737698187 -0.703480251732307 0.573826131490776
-0.105071209107826 -0.313338333351602 -0.943810960875672
0.540938240976959 0.837104878041947 -0.0814938194412955
0.893333873570416 0.440612577632351 0.0884033187377656
0.821942663323122 -0.440338554739318 0.361264744224208
0.221967860275727 -0.434255258409609 -0.873013539155161
-0.875431695952958 -0.245797671592297 -0.416176465409485
0.262873208313556 0.861204246000357 0.434999911519409
-0.559826816574947 0.372337164624308 -0.740242508427536
-0.373069097145146 0.791793509950926 0.483613984862822
0.545377333324537 0.783711971293446 -0.2972526036003
-0.805422097635579 -0.592468890878284 0.0166089729290731
-0.910088842222628 0.103575408499937 -0.401261054696251
0.578746074739856 -0.300662132952405 -0.758060197333773
-0.149469209655655 0.987089692601824 0.0575577459960898
-0.968551190725692 0.118754580753901 0.218645696261804
0.833795849343131 -0.281412146328993 0.474964930828241
0.0684830214101594 0.644370482045867 0.761640832444344
-0.217319612147872 -0.964946725154086 0.147139402575597
0.339727190055158 -0.0239570042208774 -0.940218856589245
0.152756362584672 -0.975511274299295 0.158250584216509
0.280839074389983 0.372772842132169 -0.884403653579338
-0.517327653197473 -0.546120823899741 0.658880979343207
0.623589993319729 0.735366644034109 0.265276118551054
-0.18255146453015 -0.678757249796474 0.711311154591733
-0.820044571469251 0.243004878974419 0.518146243447196
0.623916212346888 -0.753953773317055 -0.205626524727935
0.949726983115234 0.0744927760522828 -0.304087954149552
0.957275476827102 0.231160441463746 -0.173748415151707
-0.26575404103416 -0.657056485227914 -0.705444232306108
-0.863384554382019 0.474471503327123 -0.171592260271439
0.679150697024579 0.640873473719313 -0.357820515641528
-0.22241013459309 -0.908832872178053 0.352925689740595
-0.723747858459801 -0.035626186666911 -0.689144260803517
0.802025826686787 0.557875232757225 -0.213377126242361
0.796637956133007 -0.124137369503301 0.591572379629936
-0.777271016521081 -0.602289051346744 -0.181927638098573
0.301977933125874 -0.202728949473562 0.931509689133919
0.0258275451705418 -0.453251228705363 0.891008564261614
0.529779403879393 -0.491172846724711 -0.691435476285053
-0.97523038969017 0.104121301388145 -0.195152354897392
-0.789659245965429 0.438948369477858 0.428675406565434
0.964909025990089 0.26177143115417 0.0206467768514863
0.0385394425508418 0.884810315768115 0.464354838973602
0.994469308093279 0.0519549727310498 -0.0912769196949101
0.37570930381668 0.741764149923571 0.555543396067083
0.683435185403816 0.714254012466898 -0.150856067252822
-0.943106940603998 0.306286565020686 0.129374799216831
0.268801989825174 -0.898075087240311 -0.348147422716779
0.634770173804717 0.541789633366665 0.550936311767835
-0.708953994817514 0.334399499284089 -0.620935751999221
-0.0366079376782589 -0.080398310441434 0.996090342577975
-0.641199614658872 -0.385135627019257 -0.663727054565202
0.472023055957224 0.385643718926824 -0.792762988980371
-0.990837299154611 -0.0782909418564316 -0.110054418481173
-0.496204324914833 0.15632588682042 0.854016091795479
-0.0441980388815261 -0.121722563847705 -0.991579624039022
-0.387821816325795 0.566468965790267 -0.727122513458541
0.669610173388024 0.740314003431452 0.0596438766224749
0.535687041116566 0.68315088030496 -0.496330805731759
-0.892083829577451 -0.293133553588276 0.343888296932505
-0.702214131801479 0.500282026015546 -0.506570042090999
0.855004793889985 0.0627702169453729 0.514807441952596
0.137963547074457 -0.614530760006327 -0.776735479223578
0.174013633029944 -0.0458571338379999 0.983674935533016
-0.209893525194862 -0.811025263427931 0.546061104788584
-0.20562249815774 0.555663223478281 -0.805579152116722
0.104701217945003 0.304885464856084 -0.94661634693276
0.556100353493362 -0.54279176063744 0.629388196130708
-0.991602552937177 0.129125969408976 0.00713169213200809
0.0372771494379312 0.963320726212224 -0.265750997325949
-0.0849509720059826 0.237457938863937 -0.967676112976718
0.39160487828085 -0.39169715987807 0.832597714535714
0.209787556224156 -0.379739478663184 0.900992291641893
-0.340409571885477 -0.546107436817762 0.765433204676332
-0.322358060687316 0.827726895885308 -0.45929670860783
-0.249438851544329 -0.144998162908018 -0.957473650861237
0.508133280738063 0.850355557255843 0.136733299713269
0.328493458058772 0.919462405487774 0.216057707354369
-0.875731639389255 0.481808908187012 0.0308912894558792
0.488001821321472 -0.198569723965926 0.849955461839632
-0.445812638432111 -0.824831471165243 -0.34771271991341
-0.850946644808934 -0.434920054044647 -0.294506968131859
0.0270608090447979 -0.635964739461903 0.771243517168861
0.387612198156595 0.814288874155867 -0.432076860368827
-0.399052274039918 -0.211053554968171 0.892308063125548
0.866531132038922 0.133525753544176 -0.480931045315026
0.548627809247708 0.697258975707331 0.461343091110753
0.359923915859136 0.502145101721664 0.786323770217819
-0.22565413940788 0.706559749355151 -0.670711212042318
0.76523556603809 -0.632920529558424 -0.11758457268642
-0.302811397220655 0.939125000693709 0.162325262314024
-0.899535941436527 0.284944097297849 0.331122260621383
0.369019842111176 0.696069512505239 -0.615882772846393
0.729902331471177 -0.608778504704345 0.310855784444945
0.148307203484196 -0.921701043658921 0.358430131982167
0.560153811346847 -0.718458916309704 -0.41236451497272
-0.806423255636933 0.0283003393629285 0.590661174921692
0.948437029474532 -0.307264602382054 0.077818154980212
-0.255880137134551 0.721753344107039 0.643115437297465
0.409608597893196 -0.375652206047041 -0.831327983784957
-0.156693324242898 -0.785979860381949 -0.59806593383312
-0.673912498482378 -0.516849905691439 0.527928138458247
0.142574397636646 0.943689503171107 0.298534190241616
-0.640223931965987 0.565858981970757 0.519535301457976
-0.304568095024762 0.230693259713094 0.924131427566412
0.14616291629897 -0.827214467437373 0.542542741875037
0.564864144211072 -0.000399317290029258 0.825183821418231
-0.378111533144137 -0.925724707981212 0.008089099856574
-0.457620653104837 0.842463617129778 0.284320930753459
0.327479913902955 -0.943596516117169 0.0488110721215397
-0.0153908806030201 -0.770897974451713 0.63677267040955
-0.030441117089198 -0.997573262432125 0.062617285719585
-0.201945676629657 -0.977035835307092 -0.0679626383858302
-0.172219784860509 -0.494360622898798 -0.852025774392837
-0.148153251790875 -0.521974488523458 0.839995980534707
0.657477351103342 -0.0101738852640283 -0.75340561774171
