# command_history: dirgen -cart 0176 dir0176.txt -force  (version=3.0_RC3-1000-g3151ed7a-dirty)
0.140493754377833 0.770468399458728 0.621803787714683
-0.175665765741667 0.345358459392204 -0.921883438007559
-0.325102885662397 -0.285944263758884 0.901412220772146
-0.262581247729154 -0.833999208649495 -0.485279721720388
0.151125338906272 0.380635782093598 -0.912292460415222
0.647567067330608 0.735512452772946 -0.199194189485436
-0.654388217573582 0.47823995024026 0.585715469059051
0.31740062819068 0.692082126562186 0.648289419408742
-0.373272724387074 -0.868877668445391 -0.32514469164597
-0.729553361601587 -0.489684046294636 -0.477453063012833
-0.80416905680078 -0.51014531699111 -0.305063737006194
-0.788224189323176 -0.119377425344413 -0.603698316780791
0.526948968004026 -0.404876930006982 -0.747261304141739
0.345076420394869 -0.761047285962436 0.549298910081455
-0.639451145798554 0.12867048972426 -0.757988217066094
-0.319349741823862 0.946187326394419 0.052395474686406
-0.00966385559747631 0.340701834073675 0.940121731561304
0.860696355463149 0.342741745668312 0.376470290286886
0.659571295458066 0.262847346528351 0.704185329746916
-0.82531603603009 0.53242472371497 0.188088687189363
0.533215918030529 -0.217909411272 -0.817432733157873
-0.577133627143417 -0.816191373454228 0.0273572352255172
0.713737542400403 -0.279483369309634 0.642236534967894
0.767298798359122 -0.623569995339516 0.149709769049732
0.89449710799121 -0.233691095888655 -0.381134353604763
0.510159686134689 0.0208986395946322 0.859825762294925
0.224308856558349 0.97339070091793 -0.0468623541447402
0.311843409806121 -0.214163919138 0.925682182771141
-0.45680155020747 -0.389384183289313 0.799820168245442
0.900552488656426 -0.0547695405490522 -0.431283564030399
-0.988776755705469 0.0707275207235563 -0.131598423960416
0.36233691900278 0.839654818566681 -0.404588362147662
-0.347891156301866 -0.342778612842433 -0.872625100455384
-0.521179619568008 0.737542277522642 -0.42942192889239
-0.0159882291676534 -0.833566114844291 0.552188290994546
0.760452139036677 -0.413705106293341 0.500560315308114
-0.950898143194772 -0.308484961965178 -0.0250948104212306
0.974269488335724 0.189408586028013 -0.122161170741427
-0.442223919571494 0.737621347362223 0.510247736765548
0.828011208554678 0.321377327466864 -0.459471491931848
-0.592663119475732 -0.630931347953868 -0.500675604540915
0.654168035080224 0.0827571025421163 -0.751808116382174
0.000411906903088901 -0.517262971904756 -0.85582641243944
-0.142021816912052 0.901777881758903 0.408199039062349
-0.376049801843942 0.849201074108243 -0.370734517231049
0.163566704420677 -0.721450762056913 -0.672870515873938
-0.259605882603024 0.807789082798184 0.529227345693677
0.302211049661072 -0.644613491135677 0.702240648573285
-0.110002144851154 -0.56686430669232 0.816433944619147
0.658418001916702 -0.692602279312907 0.294597721380502
-0.681844987467189 -0.653969246179852 -0.327737147904878
-0.949949044729748 0.260648846276602 -0.172217860141494
-0.488245169597907 -0.178414482663633 0.854274503154682
-0.307729998079615 -0.941714231719445 -0.135928488768824
0.782389936867194 0.606616533574009 0.141004850567633
0.777445326519299 -0.530855541412947 0.337299804957647
0.0337034540128694 -0.462508423848443 0.885974060036089
0.1762077003868 0.440607153631882 0.880236435563086
-0.491735849517171 0.634897700779455 -0.595903317531114
0.176215498878777 0.896572664147464 -0.406331829738235
-0.673613078826491 0.297277514747828 0.676662027351358
0.436072876034769 0.746510142918063 0.502556517525361
0.015810288782882 -0.150706125643767 -0.98845217307771
0.00323124566508312 0.263789495164604 -0.964574860387858
0.110476036855832 0.985414990811416 0.129430835447991
-0.148404217221985 0.752670372059582 -0.641454206732188
-0.316168830034967 -0.920468809262295 0.229726885865745
-0.364538887799567 0.917006009669782 -0.161899281997662
0.146524863188981 -0.134300971215546 0.980047811893895
-0.827093209561162 -0.459183702677639 0.324140632894227
-0.0257100668134599 -0.998792685882449 0.0418588472389126
-0.483547899723127 -0.862239590927752 -0.150745867306853
0.964197087360557 -0.13412529403968 -0.228767091654783
0.694208497035455 -0.670423639001789 -0.261928820314554
0.515820836224876 0.212325643711069 0.829967882474346
-0.618079881092982 0.469532428180997 -0.6304891430267
-0.69218253436332 -0.631011166448718 0.350297369301284
-0.989493808301745 -0.119073631774513 -0.081996789867276
-0.192488258502068 0.97788109839242 -0.0818341477970896
0.247775759641093 0.663178101229872 -0.706259144353842
0.872477425240512 -0.342044882277358 0.348982006632943
-0.0184026896451268 0.961269729799576 0.274994268276406
0.956975686642392 0.0460444076031224 0.286491618906732
-0.562729602862489 0.330082251125175 -0.75787934498465
-0.346655873471514 -0.159207343371765 -0.924382349033238
-0.0564381997237515 0.975351084426311 -0.213318990529115
-0.729551285600544 -0.683417653375109 0.0263672663325874
0.802555999490739 -0.183909603131808 -0.567521916367396
-0.597988361879253 0.791466402484521 0.126454943735615
0.573206170849448 0.479401703722084 -0.664536449089496
-0.419427227308454 -0.581279591318723 0.69727672964805
-0.108991027441667 0.988949404604217 0.100498910790989
0.708653324311709 0.361389563443359 -0.605976937990368
-0.521726891752555 0.0219799479265744 0.852829368813811
0.132874955109749 0.964605694748708 -0.227772035076618
0.482631994800263 0.584939829232376 0.651852555239847
-0.893910898203775 -0.415612937319362 -0.167896374008767
0.873098750406673 -0.450936120579616 0.185351523314249
0.39681171441316 0.72678202491431 -0.560649936739446
-0.838011107884496 0.219732036465901 -0.499454918098468
0.245255223854168 -0.505382038044527 0.827308207861014
0.739915362517416 -0.540762895421251 -0.400125914239937
-0.852600231814875 0.409073378712583 0.325164290071794
0.196522989461938 -0.231779105039365 -0.952710428766314
0.505829535695727 0.398915550227562 0.764854799687161
-0.179014064393924 -0.173518968834945 0.968424045655427
0.179429033658395 -0.576855337607277 -0.796895941358976
-0.539926167437802 0.775354549852884 0.327574504103048
0.765312420494679 0.181806419480962 -0.61744904637718
0.712147390871007 0.506534773027878 -0.486074703506791
0.563872714398225 0.628827352799414 -0.535372508005837
-0.335800882280784 0.0272231793077312 -0.941539519068545
-0.291197922880174 -0.48792760658191 0.822879347441362
-0.886144566840347 -0.164214255432706 -0.433337610844034
0.180637532554812 0.610790674975217 0.770911689621988
-0.489037895830614 -0.844235021366114 0.219338015721223
-0.907109274833571 -0.391089871353759 0.155568235946202
0.190819781260318 -0.41244123805907 -0.890774963853423
-0.795725710980679 0.00134579090284084 0.605655662675697
0.794345650195765 0.58024901348024 -0.179794522637024
-0.535105166455208 -0.750721350402988 0.38740149055219
-0.675727965035317 0.109323925856049 0.72899931173126
0.0231177950023652 0.0500429539000122 -0.998479479167794
0.169471491005806 0.25626063840348 0.951635381299639
-0.192579612422572 -0.93356416650539 -0.302276429607519
-0.996991945119359 -0.00121833712007 0.0774956580834017
-0.60272568551243 0.646407805683201 0.467844735756854
-0.84835866422516 0.52941314540959 0.00304931166435206
0.341762352067513 -0.65958997389638 -0.669432267704997
0.409275744507128 0.911480250307213 -0.041196095179474
0.861954705411585 0.506920242215218 -0.00812119765141899
0.943903947050438 0.234008376759052 0.232992313927298
0.643254369060154 0.750146717074224 0.15330922851475
-0.982444014763033 0.184038763309495 0.0305530924098519
0.235983250291949 -0.942184976427537 -0.237906233158968
-0.161590121423635 -0.0636528759143939 -0.984802997581812
-0.93052919045385 0.366147808515607 -0.00715597879548181
-0.661836163637919 -0.0698564845619865 -0.746386604961318
0.918940541899437 0.257514550647734 -0.29872150350831
-0.536993264674741 -0.774472441706878 -0.334410930937597
0.357061349269464 -0.858677166118822 -0.367669304190625
-0.735346036519285 0.674951534474322 0.0608821212355163
-0.0747982912199814 -0.892698156010393 -0.44440434053485
-0.520220496349268 0.821667112688705 -0.232881495838395
-0.933054179983154 0.146922165072204 -0.328365306673009
-0.195240233533013 0.0377384955193127 0.980029110366582
-0.371208957751926 0.320992462154387 0.871302329231819
-0.0968194428601343 0.620075253539007 -0.77854523017792
0.350039159542985 0.0731958187393149 -0.933870954096722
-0.348232527953226 -0.520841332027126 -0.77939618508658
0.212556715683945 0.796142522393334 -0.566548079738017
-0.879889812414816 -0.131813024888138 0.456529565831676
0.361390028850522 -0.498859917413005 -0.787741093155682
0.880445792313068 -0.0237326846536511 0.473552496010045
0.928281515700061 -0.32792784069996 -0.175376049971079
-0.782505978496062 0.362626569370937 0.50614856001394
-0.506000823465864 0.576891533884125 0.641217065263151
-0.447244762357275 0.510534830584431 -0.734388391319002
0.772442932147634 -0.07719383546517 0.630375307528256
0.651491142006526 -0.590311395829448 0.476541443990888
-0.00888587801024962 -0.676958187643352 -0.735967834456517
-0.220704912576575 0.928719854001149 -0.297940890695874
0.491254013116666 -0.870766634514796 0.0208557620945688
-0.435928011071948 0.880079983108403 0.188217938822976
0.0197570797745935 -0.920450236759963 0.390360115082611
0.370242608774605 -0.129545786456417 -0.919857760666921
0.640370090243272 -0.762912548281749 0.0888289997471085
0.959387546424114 0.057891346027905 -0.27608717431528
-0.0434994361158061 0.821792644386586 0.568123796975368
0.0553425164897355 0.715913051136622 -0.695992607059038
0.484921215007784 -0.174329702850028 0.857006750229889
-0.187638819477192 0.856726907346642 -0.480427600844773
-0.774281544073544 -0.308748441530615 -0.552415143130151
-0.60846509980554 -0.275447861227748 0.744243708783416
-0.386659752898738 0.369547359567293 -0.844943184199463
0.63064183596085 0.451061173961305 0.631533603286934
