# command_history: dirgen -cart 0111 dir0111.txt -force  (version=3.0_RC3-1000-g3151ed7a-dirty)
0.718303689740861 -0.234022988782259 -0.655189323803497
0.660370839791568 -0.649265306104263 -0.377312756532716
-0.250150603325831 0.952210220131628 -0.175272280559701
0.171827337002659 0.881615392408995 -0.439578964608304
0.730427299382445 0.413797981119109 -0.543366534798213
0.360610185902584 0.717781857379594 0.595608511557721
-0.62469622347537 -0.134198394078759 -0.76924990698881
-0.0274950026823546 0.833593406690476 0.551693807423705
-0.199524319325672 -0.862478928420121 -0.465102294155713
0.945943911412442 -0.232748894584664 -0.225871796670914
0.10842173719125 0.313255058926819 -0.943459588409163
0.536302545429909 -0.216925519692667 -0.815673279365867
-0.274093098834637 0.760793838807697 0.588273497621195
-0.344753590082322 0.343622810676152 0.873537821796156
0.509604138950509 -0.635819245883411 -0.57968742277952
-0.798175531573444 -0.133517420636633 -0.587442694383028
0.806071896690357 -0.00741080448518846 -0.59177122044156
0.853144512615513 -0.250580762689113 -0.457551878986615
0.13827891741264 0.545241915625058 -0.826795134507156
-0.717277972369707 -0.521846441540481 -0.461723512293602
0.331130660443612 -0.571661506731071 -0.750703408435142
0.284569513896659 -0.723026200846478 0.629486540483693
-0.982800179416159 0.183661392195686 -0.0192950863254773
0.261176135079069 0.333877284701251 0.905711314506824
0.53075310045112 -0.333437818482514 0.77917929102816
-0.136859834815293 0.456634143341264 0.879064641962877
0.140240957110976 0.710060862696001 0.690033365291859
0.46193070966909 -0.849447579749195 0.255066322204336
0.544614254289431 -0.437222915073793 -0.715703455740673
-0.150202970505992 0.98139107459939 0.11962703017224
-0.0990341629140137 -0.517556685172852 -0.849898412875803
-0.380646740256471 -0.8823697832078 0.276643497689612
-0.0315829290007827 -0.952361102591595 -0.303332901061281
0.925081624197925 -0.0265170883622691 -0.37884143463475
0.82166978731709 0.520815501948514 0.231538276620533
-0.849594863236505 0.312278924401048 -0.425053457505134
-0.335096972876501 -0.542294327636236 -0.770471856061315
0.375970565238702 0.769526460408423 -0.516212321438936
-0.54498891673286 -0.575328089698948 -0.609905459757251
0.0688047428653029 -0.658903075539578 0.749074525266828
-0.557788139873407 -0.608397245998414 0.564557509982916
0.796855378691606 -0.597991459637424 0.0861842192687324
0.0410867380011413 -0.99533746451197 0.0872651803373449
0.312770907628847 -0.0774938383796103 0.946662064495151
-0.294653246846813 0.534466182421271 -0.79216498532229
0.129321918848041 0.988330637902681 0.0804884556215344
0.320653659734397 -0.314166891073034 0.89357730222541
-0.191957579116416 0.901315586631852 0.388307225163588
-0.332784927520761 -0.384112736263794 0.861226798151882
-0.858117679353909 0.0898583603105058 -0.505528954128812
0.867494091743627 0.422579646411419 -0.262450839641825
-0.0962396759709683 0.665230605847312 0.740409458214184
-0.091704675414315 0.442889697563678 -0.891873852234221
-0.199409398552922 0.171972083455914 0.964707983941563
0.495791777994603 -0.549657164844149 0.672359661199601
0.567973607065752 0.749206558970581 -0.340727917365425
-0.41656750821803 -0.145059438069848 -0.89745711347333
0.847419015428776 0.218965038874565 -0.483668609732309
-0.412570710636753 0.910864214443618 -0.0105731532995252
-0.525491723262806 0.0977507923105059 -0.845164617920648
0.355084417431634 0.934659296070368 -0.0180847108487004
-0.101977801105409 0.194165504827469 -0.975653773024427
-0.162345889623107 -0.101700730576369 -0.981478870645066
0.543989755205268 0.416304878532074 -0.728536474270237
-0.260049229464347 -0.134695328024992 0.956154572683329
-0.901793455156707 0.425888592254435 0.0733993952568024
-0.962541778180461 -0.267349900028024 0.0451370824511477
0.929099927381117 0.102069330414788 0.355464733453375
-0.6844706441452 -0.350371525999284 -0.639327561639875
-0.797075218723905 0.515262925124356 -0.314920964193448
-0.692459213869342 -0.215575322105552 0.688496563264146
0.641152752490328 0.693549372780132 0.32850025188782
-0.574948460621776 0.797139194672378 0.184400032390785
0.496179171928347 0.364916703179506 0.787808370788925
0.160074053941362 0.739003999527359 -0.654407660359616
-0.710402432953492 0.0968936705858687 -0.69709396773617
0.710198558027105 -0.327544718074142 0.623163273819914
0.915948186232864 -0.364794668572105 0.167223712188481
0.0533982524908712 0.0127051214620058 -0.998492466931803
-0.728242503103215 -0.572927473454766 0.376054473227884
0.056608336838529 -0.826079801595928 0.5607028246724
0.648432783951664 -0.702377804743931 0.293598951121751
-0.632464434070422 0.000982722847343377 0.774588777282363
0.56497104472883 0.819405269314837 -0.0968644580694781
0.046287875860622 -0.940080211383034 0.337796726914784
0.744387714299645 0.650601008409498 -0.150350452797108
-0.0145335146095488 -0.285328155265383 -0.958319686099554
-0.667226405534388 0.54039717251651 -0.512620541622965
-0.488662145933937 -0.192003890494707 0.851083904891954
0.625223922846667 -0.778553489422823 0.0543093952072043
-0.991393711720546 -0.0658614711339394 -0.11314050990265
0.485767044076985 -0.727043299530543 0.485219970216035
0.402355898706124 -0.0469116393461372 -0.914280607292009
-0.758698859233697 0.634468458912764 0.147735627532255
-0.941159372864986 -0.199190706924306 0.273023986388343
0.953991457196228 -0.134087427198348 0.26818065080081
0.51880393295162 0.841438909428842 0.151072965328453
-0.451197441320137 -0.797924834363853 -0.399670899180286
-0.932482230835377 -0.306400654542535 -0.191299576769488
0.832608371711053 -0.457170624187956 -0.312663268927233
-0.710950558250159 0.459664491674889 0.532219746737242
-0.358933207544619 -0.597942621152841 0.716680943189228
0.354254324872103 -0.91048382411107 -0.213361382029396
-0.445079898446565 0.796449830712043 0.409355042912083
0.84565465416564 0.322573715644812 0.425222769690302
0.870782757209899 0.491528403798404 -0.0117140089345589
0.714449886956394 0.694307908860409 0.0865903385019477
0.173488374675336 0.965810863049642 -0.192642572314157
0.272578660507284 -0.864647741691528 0.422001370405116
-0.99147846483244 -0.00764026415424034 0.130046453766189
0.297521216409861 0.923270020594782 0.243009454254165
