0.724707932581357 0.391034600081856 0.567353817289068
0.289503798220162 -0.608192400674805 0.739114033541183
-0.877034217205407 -0.24943249922192 -0.410602496561828
-0.51569887998377 -0.832341461736424 0.203131376842572
0.571493215006711 0.27440748477931 0.773366690191908
0.763164794948832 0.494966292020535 -0.415436957328246
-0.348835763323375 -0.849527506788771 0.395748184374677
-0.321133398973193 0.773764729559673 -0.546041649833939
-0.509397711345976 0.777303814219787 0.369205568856771
0.865919454368389 0.0550615389689389 -0.497143566259008
0.568085650707746 0.318116473924352 -0.758999738127685
-0.891443807392132 0.0151859264596587 -0.452876722629659
0.328080841260873 -0.75240218161925 -0.571186413259412
-0.574717752934282 -0.0294534656065533 -0.817821495086754
-0.292730042842915 -0.948817413019666 0.118552261757648
-0.612916423635004 -0.632294569549003 -0.473853389728635
-0.442354776718714 0.884653261510296 0.147346049873532
0.554259425337 -0.825527644968682 0.106304265283945
-0.33810562772098 0.884154032583549 -0.322422442099882
-0.104369007502434 0.975070814392429 -0.195816284289743
-0.735976323309367 -0.641636434652024 0.215966518828879
0.329570285314201 0.245713752240645 -0.911596500101738
0.86488066790973 -0.424416556618892 -0.268052264948056
-0.746886836104513 0.424077177762075 0.512170480753376
-0.66255339378097 0.740253124650613 0.114229207448548
-0.368525533356931 -0.486868193977045 0.791926949255751
0.964819284101227 0.047494590242497 -0.258588501144371
-0.143607367399903 0.435239184837917 0.888787812703401
0.821716344569592 0.56542673716932 0.0712380092453789
0.585961265925563 0.526549253365112 -0.615950711190072
-0.746431331121409 0.121370600815183 -0.654300729923239
-0.355056302723183 -0.138533978377703 -0.92452331432549
-0.0840876247213291 0.849676410788995 0.520556690781568
0.386479362680147 0.740075465274013 0.550383509856355
0.759928037383092 0.137262328023962 0.63534906256681
-0.108378736164309 -0.750319736629186 -0.652130617569928
0.956831756296193 -0.170717967753417 0.235219824056744
0.122870450271684 0.943358062595482 -0.308185687834674
-0.880181564839991 0.196744157110024 0.431939983746459
-0.122875230066089 -0.0995416635118949 0.987417406703715
0.557554021948203 -0.158664749947912 -0.814836799447196
-0.514277659166322 -0.088970299896334 0.852996351116911
-0.544513284703125 0.214875369734474 -0.810761283155089
0.29435016846787 0.603063638207337 0.741398830991166
-0.800228472826342 -0.498647101817745 -0.333144802040769
-0.116643127047372 -0.292239081090787 -0.949205299393036
-0.960716632200355 0.197686942988655 0.19479072150749
0.573300874860475 0.700578282232003 -0.424871954062715
-0.896805128341029 -0.281124560287292 0.341627784854377
0.330242286023014 -0.940622506866543 0.0785450959538117
0.661051995916611 0.750316342953743 -0.00597027563734916
0.0723734851923501 -0.736016534285919 0.673083754000093
0.290743364029024 -0.363372544796811 0.885115071592941
-0.850923264195908 0.27947957352842 -0.444770464881104
-0.573338123840564 0.398976846035772 0.715612235836091
0.737446189697941 -0.654938364604576 0.165011684038047
0.375706825221573 0.691930394056698 -0.616503618207119
0.128678787915139 -0.6683819422083 -0.732603131900589
-0.830557005761931 0.554568318541718 0.0512741674684947
0.192598826060889 0.878474504132049 0.437250772200482
0.131773769992319 0.392457106422281 -0.910281875663062
0.886229864488808 0.440956490613899 -0.1419647867382
-0.113603455885083 -0.0274142148188667 -0.993147882058272
-0.341901044636209 -0.381767569440709 -0.858695055651308
0.154114053890281 0.630076937200715 -0.761086008018325
0.0785516718860779 0.531414674421942 0.843461960406587
-0.97521360838719 -0.213374629080838 0.0585635183459157
0.870381892669679 -0.436938108863915 0.226981166476811
-0.712622961683481 -0.0666610361443889 0.698372981107961
-0.000776245775284568 0.957588472321735 0.288138361068118
0.169698124275864 -0.979731205026673 -0.106439243299812
-0.110746752533636 0.184727509352266 0.976530032355258
-0.487900322300018 0.449426465912279 -0.74831084933812
-0.970738439512389 -0.099375381408431 -0.218612478195965
0.360175300427633 -0.312809026638205 -0.878876706834083
0.0751350491278858 -0.518089568366714 0.852019907949423
0.999067593720062 -0.0424146555258657 0.00805854670697003
0.325195031696289 -0.0557978692573059 -0.94399935865783
-0.691639514157855 0.376234248058582 -0.616508372241026
-0.0950567931899507 0.886911035773073 -0.452054223177239
-0.730718090834919 0.542127118143369 -0.414908736350701
-0.711887251342335 0.618626859518478 0.33244149870099
-0.944285568718588 0.328779170437218 -0.0151334661075182
-0.0652923267183558 -0.997844414402427 0.00659065380524496
0.146100214936548 0.817500755935797 -0.557088180847427
0.360062976984402 -0.552119873398335 -0.75200950659133
0.759658036353794 0.296855169027092 -0.578616173663504
0.23763953438935 0.954952378232707 0.177745343125803
-0.0836589816058999 0.244117408680302 -0.966130356409464
-0.559233454484916 0.749954236690862 -0.353308061405757
-0.656032755431784 -0.714910839065856 -0.241916340884065
0.925495984687752 0.346630953528445 0.152657015504723
0.46028198287989 0.885021652028274 0.069836750191446
-0.440912487656207 -0.837406930824313 -0.323026021298933
-0.744028309082663 0.187326325816038 0.641350701987498
-0.334760195124485 0.11341839412736 -0.935452767184847
-0.53430901717464 0.623180948121434 -0.571103650893899
0.555672429378746 -0.610364414957371 -0.564520533003068
0.523744801602215 0.511232176576926 0.681419873812817
0.268466362136218 -0.899063178412122 -0.345848541452524
