# command_history: dirgen -cart 0214 dir0214.txt -force  (version=3.0_RC3-1000-g3151ed7a-dirty)
0.375673406632128 -0.840081252739856 0.391322092839703
0.0689370497936797 0.828369126843531 0.555924700708855
-0.0353225566712048 0.480845750415529 0.876093420416759
0.435880904564365 0.5509269315217 0.711679248791361
-0.214964136758404 0.909082492173866 -0.356874547047933
0.830274390618257 0.506708505238339 0.232144194419351
0.812624132500391 -0.478985201407334 -0.3319867408659
0.667750108666342 -0.485966260912129 0.563867524894964
0.884309571247197 -0.466898313394357 0.00159597935574182
-0.241161061837718 -0.776332243802794 -0.582365511929942
0.517046002047928 -0.342883454536548 0.78427952183602
0.24640782592245 -0.23294177129485 0.940755714577482
0.601277511010035 -0.198056661108504 0.774105234282864
-0.288065073979056 0.956732072085314 -0.0410153068595388
0.0615203669327979 0.418797058431547 -0.905993525529591
-0.677068461471858 -0.377733447460349 0.631581935420774
-0.727080390257247 -0.684225860985465 0.0564719156932767
-0.0995643946204102 -0.918207526455695 0.383382145755361
0.615303298142943 -0.59140932008881 -0.521187938661773
-0.643157755716447 0.434136204109439 0.630772429282725
-0.630109341231106 0.742504566566005 0.227264574278376
-0.0723883007145661 0.659440394848402 -0.748263522805864
0.0842821953957305 0.580185559752165 -0.810111861284812
-0.975621279053751 0.0138658315358445 0.219022507001774
-0.648723680061637 0.272427733562419 0.710591807519149
-0.678123041786026 0.733139063376325 0.0515388586461911
0.257777812382739 0.844542003270624 -0.469360633367149
-0.0452904145822314 0.950044086438858 -0.308812260393797
-0.26577277976758 -0.963911885442694 0.015450133880448
-0.107398423564982 0.994164909907779 -0.0100851635492217
0.740425439946144 -0.462925244910247 -0.487309332462808
-0.401474407670404 -0.700478631790355 -0.590040665031497
0.131847904774483 0.563884732542302 0.81526077939042
-0.756384880935147 0.622475994029709 0.201011314978658
0.98258188092701 -0.0691237971877699 0.172495646137182
-0.285370290338096 -0.636789931508687 -0.716283729063779
-0.849853569208215 0.319797661868446 0.418901380240663
0.726781585672921 -0.674326544120322 0.130660776905305
-0.535468535871568 0.494537860619762 -0.684620881587166
0.422934219107018 -0.160802674633674 0.891778641894385
-0.866116419844623 0.410991151534482 -0.284479561016066
0.505150510554807 0.24861960289894 -0.826444949612853
-0.847221648072986 0.139762088360483 -0.512525158107981
-0.589516611619214 -0.755000025823711 -0.287132592422381
0.942224075416318 -0.231353623822696 0.242258730389579
0.249552663122465 0.917776103592482 -0.30888588831976
0.558960052680983 0.651773907895551 -0.512595778848631
0.550885665633162 0.752298092324129 -0.361348258174002
-0.346021354914236 0.911727548658951 -0.221409347046725
-0.768066086634684 -0.503453155496777 -0.395739064008117
-0.185957573041895 -0.121836019764429 0.974974751117346
-0.968291772677928 -0.248556579907237 -0.0251131349905325
0.333216952283629 0.207715569467135 -0.91968511182456
-0.792377232754346 0.609496074367328 0.0255510536648039
-0.878187673227562 -0.361302284052882 -0.313443886731471
-0.697562926446089 0.615452186865395 0.366912209296137
0.86072099356872 -0.480449216852996 -0.168309005271312
0.883543497179102 0.315491663523019 -0.34614433238174
0.70733654322982 0.321622571582363 0.629471155860566
0.705212429364292 0.152526325496514 0.692395226370492
-0.680220988072143 0.0235959174226471 -0.732627217667444
0.636051054752582 -0.103379196441473 -0.764690654769132
-0.17763792750594 0.0757016318234392 0.981179917064482
-0.990938410416856 -0.0913613595771804 -0.0984589698134413
0.457951548829478 0.0934024823654787 -0.884056760175866
-0.308729339038132 0.773286138288839 0.553818330815632
0.553154856741727 0.531601920844743 -0.641419599183887
-0.502611854531196 -0.740738176707172 -0.445744632332511
-0.398353259890038 -0.518153495099865 0.756856416931755
0.943266366311501 -0.323515779217395 -0.0747402353679725
-0.365636979708119 0.493701058936069 0.789030331150412
0.86953290721484 0.442328888243171 -0.219676302536411
-0.360616453787087 0.336659879264279 0.869836708211252
0.443335180845721 0.391639591884417 0.806270641591953
0.805230105498407 0.347731630846627 0.480299063196848
-0.872663570326583 0.27778792919941 -0.40161195128627
-0.234030918000929 0.582314328959414 -0.778549646270673
-0.500005955199734 0.828184830512195 -0.253187541704342
-0.0935281418181298 -0.717167071757485 0.690596754897417
0.417538395606817 0.0421508950697036 0.907681106027281
0.583757865452113 0.285031170953619 0.760252580467572
0.930244323874165 -0.0968477809125017 0.353929378876946
0.230480891435159 0.479063716217765 -0.846980822974688
-0.345572573145068 -0.824914239377691 -0.447321019360618
-0.857504427989603 0.153152841071722 0.49115207751763
-0.271201502033455 -0.916445459255654 -0.294240489233707
0.549460614815509 0.603571994077481 0.57774897726599
-0.97388290520148 0.171928060567137 0.148299794153424
-0.279907395866626 0.0560423968173297 -0.95838984734717
0.91620261100619 0.397903056601723 -0.0473912769657763
-0.109361803756824 0.137055048418617 -0.984507953031373
0.451956434511158 -0.888813500239608 0.0758019992861564
-0.0191237138578055 0.15011496549741 0.988483576344087
0.404121731063758 -0.81803913333122 -0.40926470996256
-0.233900755789325 0.715681614088569 -0.658095938064324
-0.323019879613026 -0.00711522497253956 0.946365432033724
-0.201686480429059 0.701395871221576 0.683642008251004
0.657275479230974 -0.613513805685372 0.437709669341614
-0.683572687959916 -0.483427185745977 -0.546833188785191
0.905948183519546 0.405894770160293 0.12044635459057
-0.720414732641775 -0.6409672759669 -0.264884057905062
-0.134892167625515 -0.238681136636618 -0.961683637235833
0.205922167944745 -0.565603582140248 -0.798554098742882
-0.770927782642713 -0.59648551618575 0.223327971669941
0.67346277320053 0.730162804587409 0.115369718341079
0.191870447375102 -0.250402880303356 -0.94893842211171
0.528439112736831 0.838220332165166 0.13468028391279
0.649928672274808 0.729789470242125 -0.212132152392852
-0.776431128214088 0.317316832387908 -0.544485749146387
-0.490333642968494 0.0755583468199312 0.868253335610687
0.162514226314715 0.970915535736792 -0.175818510715647
-0.956592379678322 -0.073496368570895 -0.282009402233784
-0.978864989168857 0.198361610659302 -0.0497594653920336
-0.282238800937202 -0.142262633105497 -0.948737372757826
0.813608418489799 0.182562675983195 0.552007437178507
-0.127079035637119 -0.702478787591409 -0.700267428691099
0.948800011023722 0.240313054161214 0.205007743953967
-0.533914197618737 0.628699449586706 -0.565395995449661
0.987817969058766 0.12000225017409 -0.0990712872520095
-0.737954907508144 0.174240382294886 -0.65196843762745
-0.524423434729489 0.741185391280537 -0.419075502575422
0.0794018563164478 -0.511588764897782 0.855553786061323
-0.0303765375723176 0.323131857198812 0.945866306001204
0.888762263984636 0.0393621285090373 0.456675224810961
-0.483267541036128 0.839037321518182 0.249937705999895
0.12352890382552 -0.95077082360718 -0.284210223069104
-0.202447221414106 0.414672227375148 0.887165185512507
-0.438185278227496 -0.221792752594766 -0.871092209149599
-0.388141998114695 0.915931136275474 0.102058526839508
0.444539241963104 0.895583454513766 -0.0177521366617888
-0.372248758071936 -0.370214792491258 0.851100387459996
-0.572267329461452 -0.117421106378881 -0.811617143367374
0.0935546632395309 -0.330929725645131 0.939006411943271
0.375552909677199 -0.321697641440906 0.869178140270652
-0.603282411511852 -0.0725230634659939 0.794223354747235
-0.926845472928478 0.354273809560977 -0.124288121601135
0.680986128328823 0.62913042128936 -0.374770337716304
0.390561792687909 -0.62301479119194 0.677727125064705
-0.257749483603939 -0.746118433117592 0.613899411519552
-0.795853519321741 -0.00684856629591913 -0.605450471073308
0.415042903488843 0.760529166597289 -0.499334331904371
0.945240625730834 0.276834362936241 -0.172866697098273
-0.0689460459406577 0.78175393830184 -0.619763844297739
-0.361759686850349 -0.921915237377337 -0.138572089763508
0.799098079554733 0.594107126559424 0.0920813847813027
-0.650884137750695 -0.230012074154485 0.723494495464676
-0.918989580433319 0.000840736725645853 0.394280920432057
0.412038920417279 0.649887237521394 -0.638647403946947
-0.791952886855434 -0.481896969137128 0.374947911232738
-0.0284513302254901 0.904581754399659 0.425349704849593
-0.0461808537793517 -0.230668565901018 0.971935873115803
-0.872559452219513 -0.174193289929368 0.45639533311151
0.346861312860128 -0.169607573092864 -0.922453522292856
-0.50878502204168 0.550812073104637 0.661622144028008
0.0324863033964446 0.0350417158454157 -0.998857706704135
-0.833469534711864 0.530609177499624 -0.154215548698442
-0.292723781163233 -0.321834096643047 -0.900408575136562
0.00134903510871028 -0.988226255401783 0.152993621562614
0.536360892916445 0.395477236824413 -0.74559690698366
-0.387954663854222 0.743209430000686 -0.545097167440643
0.835859087115176 0.0215337897983116 -0.548521542315255
0.757901626291509 -0.579106853402579 0.300367070776491
0.998901286914407 -0.0399078024615824 -0.024567993475821
-0.250435001093886 -0.623416063547197 0.740698806491831
-0.763036504683034 0.299215980833168 0.572926774845743
0.542216510842903 -0.0540988170806983 0.838495422384533
0.560887609870934 -0.729159587984945 -0.392085939996444
-0.036790913518549 0.746874547736817 0.663946412465189
-0.837332827973652 -0.543106464700964 0.0625228214148101
-0.172227044869012 -0.884905674037152 -0.432758354133738
0.773620688692893 0.203546112266663 -0.600066671468647
-0.063619331404028 0.87911389194113 -0.472346637193305
-0.779190168174295 0.455139480616393 -0.430941683995357
0.1349144455392 -0.826873606899917 -0.545965319958302
-0.638211351008196 0.717320235903383 -0.279531662979008
-0.576521349294349 -0.446867707520266 -0.684055835282037
-0.181451051265207 0.96627761003287 -0.182710416626739
-0.229563187746674 0.881077394904351 0.413525533697919
-0.758823183491903 0.129693164445364 0.638253131047049
-0.596308910088591 -0.801905171713657 0.0369293829876468
0.133823171719883 0.047963102480233 0.989843876331668
0.793359570455987 0.349489463338246 -0.498435258565681
-0.133923012962323 -0.40920436168706 -0.902561032271712
0.230934469921976 -0.423386671851134 0.876021116583771
0.292785460298344 0.486733455716861 0.823023217973715
0.181131691170037 0.972143851666644 0.148753628932624
0.0776267607678052 0.952927458030754 0.293092725504649
0.945344323445572 0.146907058228182 -0.291105524461449
-0.0163704842899054 0.989107030936867 0.146284956832101
-0.598978899643835 0.793980922692039 -0.104012365527177
-0.385595232687479 0.483039280363024 -0.786122999380543
-0.729752275127031 -0.0478482032217001 0.68203531169242
-0.316181405813522 0.910558815830268 0.266292999403974
0.469897367181249 -0.695686109794496 -0.543339029478953
-0.199834492488215 -0.315867788374793 0.927520197019555
-0.542923350142868 0.836263627323881 0.0767944105046047
0.211219950040167 -0.968737422482289 -0.130130469096981
0.0877757229870776 0.996140262430063 -4.45668904571907e-06
-0.229792221162369 0.824803672739718 -0.516618269642428
-0.0965174869707445 -0.830215096083912 0.549023923835048
0.685958669054024 0.512377033859078 -0.516653152050199
-0.656842821924672 0.343527018630245 -0.671227751778075
-0.514146176040428 0.399787473510693 0.7588304722973
0.0373672792216946 -0.622433929328021 -0.781779821986247
-0.35158011915118 -0.921342991062459 0.165887047829911
0.644469212017275 0.632958910425741 0.428978382292735
0.359979754586918 -0.637392710303539 -0.681281960086609
0.897618428073694 0.205368148309341 0.39000651435906
0.438731348796992 0.848801903798823 0.295042593010343
-0.910470571222385 0.327686110721912 0.252319542996438
-0.508731612598384 0.240539462190661 0.826639530552511
0.406497299581146 0.84790380489932 -0.340322028482572
0.93018831134432 -0.167261236270027 -0.326761968839435
-0.510062369630607 -0.83862340619778 0.191173119616861
