# command_history: dirgen -cart 0119 dir0119.txt -force  (version=3.0_RC3-1000-g3151ed7a-dirty)
0.884789451310935 0.442604290714442 -0.145770602969394
0.905234506510577 -0.33832058108503 0.257079117465498
0.171301620759387 0.868971922862764 0.46426668198504
0.948580073664259 0.309680853173375 0.0655256669170198
-0.255916286171058 -0.610164075930312 -0.749804411107671
0.777352097092273 -0.451239676466124 0.438299522620083
0.39637877706651 0.835013800219382 0.381622612713718
0.829535127970378 -0.512639170597738 -0.221523254382091
-0.574531666825433 -0.436430392526236 0.692417414782575
-0.191135861041866 0.0631628834166296 0.97952924039167
0.320705831400148 -0.780890048912908 -0.536058300201327
-0.0114292108253387 0.836992175317544 -0.547095486727058
-0.858333596598854 0.218257116010548 -0.464356832899478
-0.151575106315307 0.703742464910076 0.694097637388137
0.67850273311582 0.206881227451811 -0.704864667069073
-0.0458725571023964 -0.443929229216006 0.894886891150256
-0.893095990863375 0.448481510593543 -0.0352687646438183
0.879488552640436 0.321136938708081 -0.351242013961361
0.127958250168575 -0.981590060097801 -0.141801410892104
-0.240259380330855 0.907977256601106 0.343296856464144
0.457776560670245 0.29165271123209 0.83986863052021
-0.172894145966811 -0.966530718650608 0.18954151048028
-0.591054583769356 0.232180954133378 0.772493678642711
0.609627546666324 0.604017198615778 -0.513339534929804
-0.592840886866003 -0.73329224848024 -0.332899626282045
-0.20067904807825 -0.584147461093277 0.786447495616005
0.525052486137161 -0.361131655755813 0.770651551618662
-0.0811859247544485 0.856042770356003 0.510489589456029
-0.656804821288134 0.737601140918295 -0.156690726109406
-0.881067719817601 -0.0252443185468505 -0.472315993246595
-0.54890107561281 -0.635824655046952 -0.542618297908875
-0.220299518066862 -0.760258119060375 0.611126594694004
-0.107079442143449 -0.992575631518759 -0.0576854295761461
-0.939382233319621 0.148386526533662 0.309099431359419
0.417192614784986 0.622434013683572 -0.662213123381457
0.828695348775009 0.152413671737558 -0.538548133026328
0.756481857882109 0.153916117998556 0.635645362852186
-0.992635864100225 0.0415917886715256 0.113772423799012
0.423813216973855 0.773775883808451 -0.470800635890312
0.407140609731834 -0.391039269084454 -0.825424020695476
-0.0329287838167488 0.939263727184038 -0.34161285981751
-0.722493719280598 0.038261163086957 0.690317976731971
-0.20260742116149 -0.88790578442159 0.413005509504378
-0.023857712781871 -0.9514770505793 -0.306793467599514
-0.468429738775665 -0.509166188495105 -0.722027265637476
-0.75510795890257 -0.585328260848943 -0.29530119785322
0.64507844634583 -0.656640660827274 0.390764431094197
0.275425090652739 -0.960786939060309 0.0320854666485042
0.268159191792563 -0.928042298240004 0.258511393432808
0.708425124320061 -0.313394524492173 0.632390476881516
0.968664815823042 0.205678151691613 -0.139229926751519
-0.85244469398025 0.0951275943753229 0.514090249366084
0.602890985734356 -0.530809943757303 0.595620065921747
0.601605426084289 0.105691232567723 0.791770342122169
0.683111902150968 0.723869514091207 0.0968042132814833
0.22215506448242 -0.71875303506617 0.658818033988127
0.247984603844276 -0.847679858108597 0.468980270814442
-0.116509132075063 0.285227775461139 -0.951352057993572
-0.0226446328129569 -0.133161155340203 -0.990835671195395
0.994189584062997 0.0653568347781778 0.0855310182823971
-0.488729886489044 -0.247981768614082 0.83644972382531
-0.378669466403313 0.603996875595949 0.70128254611402
-0.480329997513485 0.805155556284496 0.347861500705236
-0.194233810752187 0.51052661467103 0.837637035041564
-0.258660467888501 -0.93980689769228 -0.22328850709724
-0.340076620225644 -0.940162124661052 0.0210492690780576
0.396313791993764 -0.567887776329346 0.721414479873557
0.339462714828895 0.0996833796175694 -0.935322558836798
0.716520098221379 -0.516159591154748 -0.469231526331926
0.486131172739629 0.8613686264786 0.147379008712786
-0.0533791752040417 -0.129305408141864 0.990167044028331
0.743164987615847 -0.29263524645383 -0.601722871191418
-0.7138754422234 -0.485678343931861 -0.504478343663977
-0.832689752441434 -0.288393929838776 -0.472712087227703
-0.447619287374902 0.715752583578564 -0.536036577735694
-0.342897316032585 -0.735234320547604 -0.58468104514047
0.0847807112431941 0.752090797751454 0.653583707675367
-0.93656495483913 -0.0862312229855892 0.339720858278658
-0.397141593197581 -0.881097978790815 0.256797404043008
0.00810539456154202 0.687206633162979 -0.726416785265735
0.537746076452912 -0.659878759622002 -0.524775361330185
0.0306119532793547 0.573856569177732 0.818383495879521
-0.851821193449817 0.345139108478147 0.394055389746974
0.976904147077004 -0.203172909223155 0.0661744390346565
0.149904277028813 -0.547044333035093 0.823572222347657
-0.766873121703304 0.640912057036654 0.0337246253363071
0.0553173959903907 -0.992040000170763 0.113122163001043
-0.195542939735222 0.297139418968414 0.934596771027388
0.029582448744833 0.366392130005805 0.929990153601676
-0.939113665775614 0.311627417727094 0.144754534554991
-0.877189620109439 -0.396016949969989 -0.271493914680837
-0.394040585962223 0.905267361449158 0.158817571160835
-0.798575713572853 0.559985290606253 -0.22066559314093
0.600563868199791 -0.792802352738085 -0.103862744551944
0.474003396087101 -0.818508977336112 0.324597958277754
0.399912262347643 -0.159033284863923 -0.902650872003888
0.241387058192117 0.201398519498209 0.949300228842954
0.550113253310672 0.0137322513000636 -0.834977145678958
0.366878628355964 -0.181514273708702 0.912388426327104
-0.257021448620078 -0.419938432987433 -0.870397430746033
-0.957260019654605 0.0921696524855127 -0.274149612313359
0.84052435587295 0.537737937349572 0.0660054385591897
-0.308723447164654 0.39394923987374 -0.86573311682855
0.747317174832537 0.390344185032117 -0.537725262017629
0.751643289349532 -0.0838811373486617 0.65421427710874
-0.577760869909661 0.134063747264099 -0.805120667273384
-0.675655428908718 0.675860296193278 0.294453054689047
0.744170932240261 0.655338653366026 -0.129386525624056
0.766986178545399 0.543297996827451 -0.341408096804404
0.558328626360348 0.825063107635247 -0.0868332505773855
-0.639005057734885 -0.3540844305115 -0.682859247765293
0.481195945745498 -0.871923437981461 0.0905537414836324
-0.180319918731764 0.0478359031439963 -0.98244412221712
0.943464426087879 0.163822036833738 0.288161789545933
-0.210225359732765 -0.293022388841039 0.932707444895301
-0.580962092363295 0.462447366121906 0.66979510359794
0.362552959692912 0.43570241275956 -0.823843892332406
0.601799500937052 0.73634596482514 -0.309244208931468
0.410051583835746 0.0473962868856398 0.91083000092402
