# command_history: dirgen -cart 0152 dir0152.txt -force  (version=3.0_RC3-1000-g3151ed7a-dirty)
0.168801395198174 0.452526499465233 0.875628834758708
-0.485845607311384 0.558050363156416 -0.672706353498482
0.0769619578969744 -0.980261370454683 0.182111236970627
-0.852064331217097 0.160454905507628 0.498237492332822
0.972942330396971 0.0531974872900778 -0.224840496947801
-0.370773313030959 0.70939639356066 -0.599402958907592
-0.452838996760288 0.00216379975524925 0.891589681963489
-0.17534452029461 -0.861906454153984 -0.475785207305103
-0.919811727368334 0.266068848750468 -0.288363926177119
-0.64667545031485 0.00773954026884788 0.762726006817988
0.107525424511429 -0.920946557849191 0.37456070358403
-0.140895180552863 0.100131029961658 -0.9849478792991
0.866583854660717 0.0713173199430266 0.493909164439694
0.696696994954152 0.40222215525308 0.593995484027801
0.0955567642031038 0.936482707229891 -0.337444875312111
0.791340882141697 0.0213481656826014 -0.611002343754252
-0.753555380359321 0.636211284139755 -0.165497705919939
0.961085915712042 0.253014127317095 -0.110895058491866
-0.931568687724783 0.333904470000827 0.143831793996295
-0.211983172226129 -0.843950991599004 0.492757403264533
0.260255114265416 -0.606275229455791 0.751463652911452
0.771022613996449 -0.496468192874696 -0.398802535310167
-0.365978015754808 -0.873883572084656 -0.31998061570154
-0.0820197119770046 -0.108709022263419 -0.990684165274554
-0.686428305467443 -0.666872125902708 -0.289996119193168
-0.389297331122485 0.891159921883326 0.23298408016389
0.319360150673428 0.558138333265544 0.765826804898735
-0.743709507832495 0.666866931657816 0.0467403831909605
-0.412133780108349 -0.802652113346167 0.431155809695908
0.670092022606658 -0.486860572387198 0.560306580626828
0.243459591586706 -0.831516183163249 0.499307785240784
-0.0281938891607026 0.974078757680739 0.224445268270779
0.366287613524375 0.213545911554895 -0.905666344652824
-0.536320138568533 -0.73950553153879 -0.406807421010682
-0.942544523021783 0.326630133334663 -0.0701610869315715
-0.821602427016479 -0.412392312028956 0.39357595569349
-0.830519167803979 -0.308494332741745 -0.463755494389459
-0.259497647867791 -0.0342577511451325 0.965135937180645
-0.938166958707325 0.0562992187552422 -0.341574524163318
-0.13351187214982 -0.982162237449762 0.132408154290917
-0.198498389813947 -0.588627960682553 0.783655225940572
0.299475025776086 0.409450710047939 -0.86178003282604
-0.167783663537404 -0.251793639091954 0.95312570291793
0.814511734674296 -0.384581022559929 0.434359380196432
-0.294094848082126 -0.911116591063549 0.288746909628984
-0.0600113540363739 -0.069267984317822 0.99579143586158
-0.636064831526505 0.155985544641852 -0.755704995324196
0.0505783868846089 -0.49605372873014 -0.866817469247751
0.982721449946861 -0.135763041784651 0.125805199811924
-0.702795296228532 0.666854788542955 0.247756861855289
-0.128213222791712 0.143578799509033 0.981298373499573
-0.462148149072424 0.86704495950006 -0.186150816582876
-0.593720591385303 0.35180460822952 0.723691492967521
-0.10548270726128 -0.737496535004713 0.667062410367181
0.773500922425841 0.500490508089834 0.388851609638373
-0.540480832556185 -0.816440042440709 -0.203239087625354
-0.857101750447688 0.460651478812172 -0.230600963674631
-0.297080434227244 0.686699171562167 0.663466248859116
0.917594015813156 0.238821299477444 -0.31778232968463
-0.862591846528339 0.505684979350976 -0.0147650926727378
-0.0224696427071776 0.617090423287511 -0.7865713728858
0.00127981852735064 -0.846732113865636 0.532017940875276
0.68538860493548 0.72433210066032 0.0747359898416056
-0.63097736771714 0.639554915990653 0.439132179259204
0.798608542642853 0.598844082545282 -0.0600846104951921
0.71687818486459 -0.181437867181545 -0.673176030780853
-0.876156527637406 0.328468157166483 0.352786633542171
-0.234299463180421 -0.719492006059031 -0.653785144195338
0.436799362795444 -0.804109387415577 0.403254770252801
-0.257003318843712 0.52513749934429 0.811282873531633
-0.596662236630131 -0.720584916472539 0.353201859468201
-0.626297350404197 0.505108863296883 0.593815345958332
0.35896591176009 0.925198812016161 0.123087905328394
-0.456400351847967 -0.180869639512745 -0.87119738999585
-0.0821517647798883 -0.44694308345957 0.89078222237043
0.905495008467081 0.0309182875772038 -0.423229074065682
0.580204980089701 -0.377522380038152 0.721691785771072
0.0167875061698517 0.309131481468076 0.950871130491378
0.453800303649072 0.642235100733122 0.617737290273403
0.549465704522165 0.167524788055051 -0.818549256270551
0.505682177915303 0.358895124548672 -0.784525222356827
-0.99803675638833 -0.0584200217574102 0.0225772884936432
-0.33324675969216 0.176134987045225 0.926241363518848
-0.501974066102064 0.0250510832328599 -0.864519797453951
0.614937538852523 -0.785050344746362 0.0744834177761757
0.164404669786598 -0.814662132250962 -0.556144508944101
-0.23479022457901 -0.267104348846169 -0.934627635622659
-0.171364247548335 -0.944331812621478 -0.280841098013142
0.293789888113629 0.0739949542034868 0.953001704297849
0.207256638506408 -0.916362525885109 -0.342526505468537
0.248337400729782 -0.307693160012553 0.918506099424639
-0.65675325520095 -0.740560268538361 0.142287211109593
-0.105564538550409 0.668973518787716 0.735751696811785
-0.681954460559857 -0.561877286163504 0.468222200473292
0.608632608024006 -0.738090780830424 0.291184387807851
0.160488441492502 0.984079247801871 0.0763642206338315
0.535273508602663 -0.183358963510626 -0.824537301453673
-0.856550925493426 0.173219978634314 -0.486122773626461
0.810216412205803 0.563626498725118 0.160855635049637
0.985981039784027 -0.143072541649213 -0.0858582378834064
0.472599476669286 -0.678595360986636 -0.562279352901504
0.579926001029506 -0.803274051054853 -0.135781560721076
-0.694245586611711 -0.209991474648722 0.688423304402906
-0.527368069699542 -0.474168615183995 -0.705015633469125
0.961807154974899 0.253142309905402 0.104143975221078
-0.901746500175494 -0.431757778980386 -0.0209396683634746
0.468735844171372 -0.257335796471976 0.845023666084616
-0.484537137171089 -0.846616187107744 0.220147210814015
0.728890879320761 -0.575001971886745 0.371605729731611
-0.139005537205066 0.47237736966432 -0.870366061640359
0.833862903892607 0.208928809116861 -0.510902544750757
-0.595548379915905 -0.283034484273404 -0.751806895347222
-0.645150319615087 -0.0751019623235243 -0.760355680162717
0.196920439582508 -0.343739612379301 -0.918185939424014
0.33768458003153 -0.124608804607474 0.932974688951006
-0.564676156393643 0.660946071218257 -0.494258160622212
0.0446021662782548 -0.998849287701766 -0.0176280237395488
0.925159735202864 0.189733984279797 0.328755957464926
0.758019453224609 0.593277313351496 -0.270977006396292
0.135128557677447 -0.741317927755541 0.657410072092178
-0.0174213210446786 0.903953639777753 0.427275455304434
-0.0393163107810911 0.284456559921123 -0.95788240051919
0.0971248451925893 0.624123058786248 0.775265871774073
-0.724421160635555 -0.373728959162914 0.579258704817148
-0.334610916607346 -0.938821033051239 0.0815512255444121
0.770568107742381 -0.0474203988989446 0.635591139883645
-0.403175639796598 0.360528214279566 0.841111651436949
-0.0330259811949115 -0.784023324585503 -0.619852168724132
0.886664613290359 0.388033089603518 0.251507822763839
-0.628742484680139 -0.583514103460106 -0.513998228616981
0.520720459472593 -0.781734991084137 -0.343133511626794
-0.226777138246209 0.965781971786096 0.125846384699049
-0.262013007014017 0.961621815185412 -0.0814411978975372
-0.348871276605921 0.816141347787033 0.460654027217521
-0.507400838680246 -0.660346338565918 0.553612772657179
0.981602288410745 0.0617897586442694 0.180662594671592
-0.581618046378589 -0.486546250687405 0.651915020588407
0.450655919100868 -0.528949971719437 -0.719111375238466
-0.759798230716401 0.345976748271584 0.550460478377556
0.290953442196553 -0.913295458527908 0.285021928816495
0.391895016890593 0.375798973093689 0.839757957722373
0.880559673492732 0.43309217775263 -0.192472925337195
-0.314876401727109 -0.714283776346012 0.62502123042683
0.944769541576422 -0.145921581754373 -0.293457672054726
0.755574802064699 0.190827393918822 0.626651118418408
0.736886448378173 -0.281352365902195 0.614686268268489
-0.372819490716873 0.445576570379598 -0.813920848283398
-0.523801354617864 -0.851806352000425 0.0076209967995701
-0.432277620242697 0.90146283141245 0.0223790665390382
-0.39966076395493 -0.551443123896392 0.732244327299536
-0.361769131249452 -0.784272070914679 -0.504024220110718
-0.837740487379017 0.509396004181344 0.196739896132044
