# command_history: dirgen -cart 0198 dir0198.txt -force  (version=3.0_RC3-1000-g3151ed7a-dirty)
0.119947738298324 -0.978663667383314 0.166823158527103
0.347258334402872 -0.211869089217122 -0.91352237970509
0.0776664181398852 -0.657659309362891 0.749301114573871
0.598788394251515 0.353872387100588 -0.718489243174471
-0.443778238479675 -0.371077664112404 -0.815697396249834
-0.659909658073104 0.515198583231657 -0.546890905956511
-0.903009004622552 0.100077808934049 -0.417802788082544
-0.633399537215847 0.384503622540418 -0.671537035842437
-0.237121372308943 -0.622025581087695 -0.746228940250135
0.503468108761986 -0.333728981658183 -0.79695974193244
0.888795326229208 0.291042355079375 0.354029964300999
-0.405066931495421 0.51506857316374 0.755397343090345
0.984654100650636 -0.151073457469555 0.0873676857887472
-0.743809725874704 0.540915581664892 0.392628864458956
-0.938025674975153 -0.2837148055086 0.199032013059774
-0.163088809964075 -0.059019085692918 0.984844549961299
-0.380182904381013 0.91949593629317 0.0999408943164105
-0.921477900489625 0.300410493741186 0.246235688232658
-0.995569053297918 0.0441110702585873 0.0830450094595005
0.197485078792355 -0.968826318319836 -0.149583450238352
0.446607273421268 0.686849048534245 -0.573393693595267
-0.608803164516809 -0.614230911963884 0.502074788913299
-0.178806844560924 -0.902083963108149 0.392775554027057
0.174809375962768 -0.220722650085544 0.959543221441704
0.319686538645639 0.165515136609704 -0.932955120336365
-0.436776761935703 0.896332816361199 -0.0762465903956591
0.517367404828416 -0.754387335911502 0.404018212259616
-0.96946961021775 0.231383856760502 0.0811799587021292
0.385492724796165 0.590055075806555 -0.709387317792015
-0.224488794157048 0.723399834390182 -0.652914589285744
-0.797649325061781 0.25745770786936 0.545409096813705
0.119039658138067 -0.737553336052957 -0.664713950709271
0.352833228756939 -0.856207509425759 0.377382317402249
0.694195288444264 -0.71763039503474 -0.0556733115960242
0.995691492540993 0.0311657825965118 0.0873335312273356
0.480754652884181 -0.823778610030121 -0.300439287356118
-0.762943172240633 0.339060798377741 -0.550413926908513
0.985767911381405 0.148462449232206 -0.0788703116433387
0.748890864519727 0.0665589367262527 -0.659342385245153
0.965557786627238 -0.0388688217151182 0.257269071949947
0.0674115770165546 0.9919785611365 -0.106930882020585
0.641779578084019 -0.724491111475263 0.251458948036526
0.267708725833412 0.515179922359018 -0.814200028070993
0.408322151945721 0.535815032456318 0.739036718454672
0.186408318765728 0.864761617547925 0.466303853201785
-0.517946863257867 0.323734682438612 -0.791787157150018
-0.311020317493515 -0.0949034023851033 -0.945653058114848
0.809742600971469 -0.158132029761905 0.5650762615217
-0.831033854074094 -0.480813708255487 -0.279644258543537
-0.66215663286275 0.629666935351756 -0.406285791137953
-0.211791057538477 0.498087519844486 0.84086465648278
0.386640956535002 0.784670953955631 0.484561930766398
-0.0668000306669817 -0.696006270171959 -0.714921693463143
-0.531390424620275 -0.810429259190984 0.246634613282556
0.0290647952062687 0.818152279088957 0.574266563453909
0.936355443137859 0.35027115611717 -0.0234222393985851
-0.192693534219403 0.412494617369794 -0.890346782164671
0.301763837169676 -0.749038762491077 -0.589813121982268
-0.621264099176725 -0.176553444432121 0.763452552771478
0.81778258333215 -0.572030689674866 -0.0633445851568507
0.47375138369441 -0.740886501829536 -0.476074382690799
-0.0414851619360782 0.43654044557401 0.898727667715411
-0.57038609950047 -0.687224046788161 -0.449869766724486
-0.620911531462551 0.683875099345671 0.383123633559427
0.377559739579029 -0.456853187083548 0.805440133405718
0.29949109202782 0.281272135466859 0.91169680903571
0.598767091725076 -0.796261354202954 0.0862891978753552
-0.180644819090376 0.134742390830225 0.9742750830485
0.0278419483248707 -0.329857005019018 0.943620253149199
-0.726010216765258 0.0275680997592076 -0.687131111963452
0.114393811691232 0.594659693147846 -0.795797653422063
-0.619344442879743 0.754086212051938 0.218555361103633
-0.183924965856521 0.319561500136287 0.929544003565901
0.469464445718488 0.257745501173987 -0.844494162697886
0.603883972422999 -0.589512767475268 -0.536468866602964
-0.392556045152463 -0.905104455386759 0.163357510550619
-0.028082868512021 -0.958206588734058 0.284695426381908
0.625196250761581 -0.00552791519491197 -0.780448006075524
0.146874430889608 0.246534354065281 -0.957939827868363
0.865922730574061 -0.284291796391909 0.41152885582839
0.909640801899926 -0.408792565467938 -0.0737716065773361
0.563635211997674 0.816161269174144 0.127264018859961
0.447675202982991 -0.637099612224733 -0.627448003213998
0.747094514391 -0.624626050870014 -0.227358930199382
-0.0157040194068154 0.893276727380262 -0.449232759374558
0.87287832517061 0.467375042157926 -0.140157052677447
-0.961997781165676 0.115006269977893 0.247656671418494
-0.165412921746983 0.926417846994166 -0.338213746157397
-0.609258052112176 -0.0895605967879889 -0.787898169460658
0.825842635642164 0.228196881440564 0.515664740365681
-0.711755491919443 -0.347590974160893 -0.610397112054434
0.260414280325141 0.954082197418236 0.148025549052619
-0.556511642474006 -0.828430706009007 0.0632246560473237
0.684936655350615 -0.217927623193165 0.695247674722103
-0.481880759163059 -0.0776175607145336 0.872792328230009
0.0990502909506406 0.538703084384866 0.836652871110131
-0.230247242628943 0.567713533789322 -0.790371780122627
-0.596529806154787 0.104323930703634 -0.795781821764908
-0.332732623736746 0.301276061577264 -0.893600434098906
-0.648374254204201 -0.682533791747612 0.337280965380162
-0.27220360943353 -0.458084122699195 -0.846205726488699
-0.857123992695909 -0.40672290788223 0.316093241542501
0.0194359675710821 -0.249051207080158 -0.968295274911786
0.256442077823694 0.701032073961646 -0.66542579751502
0.375008044208889 -0.755503679606163 0.537199364184445
-0.244229426954802 -0.968843885322663 0.0411523132061386
-0.457859355890431 0.1780713444442 -0.871008270059151
0.329787586764198 -0.905675128650285 -0.266444570146468
-0.147369388470253 -0.173790299789803 -0.973693583752545
0.688955962589982 0.723558312413063 0.0424623380146795
0.717619883911759 -0.43875599603921 -0.540846446003036
0.217243856606888 0.9502713138093 -0.223135691716302
-0.369395458478569 -0.686247709986951 -0.626586846169846
0.89552085522053 -0.187224635238025 -0.4037193750925
0.329372005510835 -0.0203328206288812 -0.943981280741861
0.153427642070942 -0.0193192944062768 0.987971013497964
0.0274139470671184 -0.974611160244674 -0.222219625219583
0.210303448610151 0.764499997561646 0.609353931004734
-0.497806500302211 -0.799911068210832 -0.335158128665664
0.299764631965552 0.344336707754909 -0.889704106495563
-0.791255459704451 -0.414487741175338 -0.449571696065559
-0.548615286697377 -0.525011769791215 0.650679574585411
0.775893541039996 -0.573138212107731 0.26363194570152
0.142898592670109 0.946837732349469 0.288233066826514
0.359188653931427 0.868795343612973 -0.340849177501348
-0.0429761072222823 0.510466378178542 -0.858823108071331
-0.96743178799587 -0.080301513158352 0.240057081877608
-0.534784191687689 0.840318553435072 0.0887163855989091
0.908922041059722 0.091652772790838 0.406768352401683
-0.486593122170252 0.839224480921706 -0.242753793128552
-0.313044781958849 -0.884823503198474 -0.345094672048001
0.692824185380926 0.438063564618521 -0.57279574152133
0.734279944493617 -0.127080601118008 -0.666845922184381
0.374164828849563 -0.626443096979743 0.683790704162031
0.775675173744116 0.58148039457158 -0.245374358004081
-0.599988844704124 -0.274108637923673 -0.751583555465551
0.768910198586717 0.616736489222541 0.168562182504824
-0.813631821633105 -0.33194248022273 0.477302261307841
0.84371251870569 0.138876289318044 -0.518519586943976
-0.848808707143959 0.471907158524097 0.238385008778476
-0.00736138863025546 0.13951144471735 -0.990193095689074
0.0622994887915142 -0.798007899081181 0.599418190164726
0.571047612700004 0.447562982450187 0.688180209516315
-0.836664483753274 0.372744247862062 0.401315670403752
-0.916549794886617 -0.355020607248524 -0.184110950033369
-0.745901046204353 0.657615420547466 -0.105705193483722
-0.123492642505787 -0.425007890583852 0.896726190198771
0.480764381449589 -0.111377329136222 -0.869747492140032
-0.346524181433785 0.379125183869975 0.858012288162124
-0.972942011172485 -0.21455584103389 -0.0857300062631509
-0.463278371702949 -0.194808341695068 -0.864536211108755
-0.311817174189151 0.0975455632504409 -0.945121639245895
-0.149090093584521 0.845091157528404 0.513413166428619
-0.525305629794374 0.644805165202149 -0.555229947170509
-0.906944628440225 -0.212555713456498 0.363691503365726
0.0737746177760746 -0.605424764646691 -0.792475968168431
-0.940648783478216 0.223424830282605 -0.255462739659118
0.730899149428815 0.16386567285775 0.6625213012599
0.667171985652549 0.52030713674752 0.533068499360103
-0.865903287451581 -0.494908543583698 -0.0726431708311812
-0.162841110004983 0.924833477117149 0.343752545438938
-0.00848354707734042 -0.9111354744706 -0.412019631316543
-0.876731547493948 0.404347979158951 -0.260469778244885
0.2645220251563 -0.634065491435269 -0.726628550759025
0.307475460136192 -0.927370968274077 0.21317112519391
-0.792410434569424 -0.607993408977861 0.0492921679881868
0.956593471197514 0.151376309439646 0.249026391779512
0.565092628987749 -0.473669536673163 -0.675505359483954
0.918616530628628 0.0100731812570837 -0.395021772406515
0.677767895701856 0.719016211428529 -0.153773753478426
0.716383925312073 0.591362953671153 0.370248468706888
-0.209078044117338 0.842348524940815 -0.496724605790876
-0.0122854444453318 0.0583343881850182 0.998221501977322
0.417884720038314 0.886466367050913 0.198871166452196
-0.669264982997873 0.32161797863647 0.669810613793666
-0.0751709280788703 0.997019926035348 0.0173377812949065
0.465951315566547 0.0110430486105063 0.884741443925393
0.840200048686675 -0.0598082771053941 -0.538968318342176
0.494182567337775 0.761992905159865 -0.418509740179933
0.510985398770917 -0.511324981412179 0.690970828347161
0.831416938431606 0.0332669899298538 0.554652307188948
0.782849188855176 -0.465652220445901 0.412692569720602
0.135456004808646 0.825577987986359 -0.547788879508954
0.734882121927265 0.254737150000399 -0.628535799522474
-0.257313132010203 0.965630248102647 -0.0367175168593912
0.128726988094582 0.361725697242273 0.923354689429089
0.521979767623779 0.608279443077542 0.59794083429776
0.323437223351305 -0.840517173056154 -0.434648414639337
-0.602430877337449 0.191537050762041 0.774848756994429
0.939035436052731 -0.331093408175178 0.0926801213864203
-0.859216312118115 0.501557992053259 -0.100930221428716
0.646146971093106 0.718087915566324 0.258541751492514
-0.314941796438971 -0.800934497991413 0.509230394598592
-0.412497155507571 -0.910784624465338 -0.0178175345010666
0.746247514117041 0.518978144939353 -0.416864885483827
-0.0806366710921348 -0.724640060434171 0.684393534517342
0.0953910118335698 0.991757255912132 0.0855458953252893
0.441825831091674 0.428705429950542 -0.788036540593818
