# command_history: dirgen -cart 0043 dir0043.txt -force  (version=3.0_RC3-1000-g3151ed7a-dirty)
0.906186036766702 -0.285396880490049 -0.312050456457935
-0.327509762370037 -0.0712786494662986 0.942155353263241
0.371352390542549 0.853585335996261 0.365362116550807
-0.734661440473218 -0.466678360743987 -0.492426517863449
-0.936929696049064 -0.242645397185871 -0.251567000788894
0.0380040686410388 0.80943770849683 0.585974646917534
-0.0255640689760014 0.262524899721428 -0.964586520434349
-0.335146657744594 0.942140845674569 -0.00688074954030526
0.529289259292709 -0.633374933937999 0.564525529144972
-0.0400955842871836 -0.531974236557886 -0.845810709177487
0.875078339153054 0.482735852473273 -0.0346986610986046
-0.375437495814302 -0.311628043948039 -0.872888680738732
-0.306680859298298 0.869311720346306 0.387613187867239
0.384887921740591 -0.0878025033485612 0.918777452979738
0.982024431766653 -0.161485611521489 0.0977262128853472
-0.678411230370393 0.499455304769291 0.538797365477175
0.2732654410722 0.85230087521819 -0.445992395470957
-0.819013385968357 0.440332673306161 -0.367864391350532
-0.283445869735022 0.498660908278287 -0.81914329484238
0.642777776132137 -0.277664995151478 0.713959999564509
0.979933483747514 0.115977655498121 -0.162109687729081
0.349474144172917 -0.639035801057559 -0.685201479509006
0.0356522868739177 0.136388959936639 0.990013619122516
-0.302595756336733 0.327354313394941 0.895139632542727
0.26213319169904 -0.864719997823807 0.428422122646894
-0.0292998595340615 -0.979206067683969 -0.200741114976933
-0.848087894531794 -0.0191575234325641 0.529509124042786
-0.625746279179093 0.18566443691014 0.757608283323488
0.422843051600434 0.621122736151897 0.659856272493043
-0.681970978231932 -0.155330871329762 -0.714694273981063
0.879162596303851 -0.0592219521154458 0.472827547471494
-0.677802567949444 -0.708435819710909 -0.196729174836044
-0.812662440659939 -0.402485167573698 0.421408883892833
0.629914741908014 -0.738768559568396 -0.23964230286032
0.519927527738849 0.609037705237003 -0.598956124853076
0.606782574509711 0.248680862388864 -0.754965387254871
0.00550077121004729 -0.729901344739035 0.683530371281513
0.635140975003078 0.735754711160633 -0.235076470275256
-0.251952818048579 -0.486242880516688 0.836712398990366
0.377251003323632 0.925616588204728 -0.03025908345524
-0.0162021711888578 -0.979886983382537 0.198894417835792
-0.614419387357158 0.764738602551166 -0.194071343087394
-0.852172200052754 0.522799511167889 0.021982096803206
