# command_history: dirgen -cart 0131 dir0131.txt -force  (version=3.0_RC3-1000-g3151ed7a-dirty)
0.330229378925551 0.932865449115668 0.14391181723774
0.342340166682783 0.555961264831108 -0.757436652323479
0.675675537458692 -0.247200861409763 -0.694517315981523
0.876909374092014 -0.368314867572358 -0.308826987089388
-0.383484245820497 0.870091751112793 -0.309645245164461
0.66798010633511 -0.0152389430762795 -0.744023085767138
0.0739722391842351 -0.186892803795261 0.979591337099107
-0.746684304792111 0.532252984352542 0.398960285774079
-0.908223105240271 0.0106344733892723 -0.418351167183089
0.654820675829622 0.197366791057278 0.729558929966449
-0.0745437537767142 0.608523102556771 0.790027127652942
-0.00331514711750147 0.918943034744821 -0.394376354125813
-0.477505934303053 0.162031934104334 -0.863558761773498
-0.630770144239075 -0.76209686726727 0.146073235187116
0.894030493913347 0.218935142220723 0.390866830843764
-0.342509324136025 -0.742434034971861 -0.575742187611161
-0.273999733885806 -0.370352606280682 -0.887560191114729
0.908980809812547 -0.406993907041798 -0.0900546890693574
-0.87968327952718 0.410024527151225 -0.240909142322826
-0.117993373355465 -0.0569098692016366 0.991382282790877
0.725255291211501 0.623114195830397 -0.292802768983422
0.812459499745236 -0.0899269056224194 -0.576040547981561
0.973296314300097 0.0988689550695391 0.207169530320712
-0.602069880494515 0.609124598140253 -0.516216120381566
-0.250884292807155 0.901166609509052 0.353490895962844
0.758614764728147 -0.365658059990209 0.539256730973898
-0.707257097268507 -0.645341993333184 -0.288653962391095
0.931773821321117 0.319621058927314 0.172162494727588
-0.47270559573618 -0.289504892797629 -0.832307837765533
0.967714945295502 -0.197868004995508 -0.156128271785803
0.837433147892208 -0.542408121994492 0.0670757184512823
0.646646499779899 -0.720233716665162 -0.251220416568982
-0.154835500090235 -0.689278746407568 0.707757569837737
-0.881648522923733 0.25400619208252 -0.397714390499185
0.856656647111499 0.441933362191296 -0.266147125368623
-0.984152056019951 -0.176495206347285 0.0171514654806426
0.209254256387888 0.931358062523965 -0.297967809595531
-0.105009069961221 -0.504837110169313 -0.856803704136354
-0.6873255586047 -0.72248457761517 -0.0748305525635578
0.830069591258306 0.437457564606203 0.34585452554084
-0.941730181264248 -0.236412818069986 0.239276503543944
0.559391699499354 0.60193477512045 -0.569873190308088
-0.0812109164117861 -0.27794126972234 -0.95715904511251
-0.0832876726046431 0.976531059692216 0.198620877675281
-0.797533367335906 0.576180588140536 0.17876369272276
-0.663489161717588 0.0247660052084633 -0.747775887060626
-0.087884973693979 -0.0475414868214159 -0.994995496688109
-0.798887523241593 0.314748280416979 0.512554626536009
0.153677539940452 0.947867180063084 0.279161284344925
-0.287965425165388 0.0735787565254247 -0.954809970882945
-0.168869309173272 -0.835055424237699 0.523608245609768
0.228299197782536 -0.707637670880888 0.668676605723665
-0.249196790066427 0.516587457118914 -0.819169310318693
0.0337625491664782 -0.792848483960519 0.608482844257164
0.914408639194221 -0.147835950499016 -0.376830694486298
-0.265982979086897 0.297008778141214 -0.91708169785637
-0.801169973639396 -0.593116057248871 0.0796242172470405
-0.312248730616793 0.940002809274817 0.137460717238249
0.518954140898967 -0.850535246340285 -0.0853017841354213
-0.727680584977666 -0.498269155004663 0.47139030051275
0.354524329559253 0.859852331667915 0.367377826597922
-0.530026158372296 -0.44492314058717 0.721883418850409
-0.844924397748189 -0.292752252208596 0.447659335786327
0.0226776889923306 -0.911803983813144 -0.409999045760411
-0.963619952194972 0.129138186721825 -0.234008368358824
0.118796495393251 -0.178514416306093 -0.976739471841481
-0.759824220003153 0.524721824513991 -0.383841323433666
0.570679222615527 -0.743280292896516 0.349083988556634
-0.597659449077905 -0.414829666320579 -0.686090031168106
0.561485396640285 0.73155034431667 -0.386740537169126
0.957077311229137 -0.279084943719063 0.0781960006632953
0.495999126290983 0.868302463933218 0.005974767450305
0.316668716478777 -0.0728649496072552 -0.945733378454211
0.152047124489863 0.495638628908383 -0.855116378903002
-0.275223400407028 -0.958180569951155 0.0783713929726465
-0.164311307338261 -0.846153349293193 -0.506977616626911
0.77138975170847 0.136553619201999 -0.621539186248124
-0.581101524178683 0.667506525051577 0.46557067950074
-0.65005377319873 0.467459689197955 0.599092255771217
-0.178936215124855 0.952058730156076 -0.248124979093986
-0.292403314672085 -0.151351072535705 -0.944242105824068
0.80359904780937 0.098837077631938 0.586906979380082
0.318405417294747 -0.295518909162504 -0.900714474494977
0.139698908906069 -0.989982173208915 0.020481981813459
-0.439998164959358 -0.871978062792613 0.214606320598531
-0.157044328158244 0.818227738886743 0.553028431737115
0.511523660068893 -0.175666462473632 -0.841121179825906
0.699974359048412 0.34428130583495 -0.62570462610352
0.210345629241651 -0.85706009724595 0.470321917379678
0.554406300765506 -0.82088488265012 0.137046207930046
-0.107766806187696 0.406043759217775 0.907477151824993
-0.767334727065892 -0.32540116968529 -0.552549993580815
-0.0263044963592704 -0.754628941078583 -0.655624309157235
0.467526859607256 -0.592800671322967 -0.655748427085279
0.722319061320097 -0.658476412914239 0.211338560819485
0.318128196096716 0.160833691287974 -0.934305610919112
0.0982004164569016 0.993389081586365 0.0594542748058553
-0.357148684586566 0.930002713198374 -0.0868318521151532
-0.0392374178722938 -0.985830860772288 0.163088745741958
-0.507189724927083 -0.605235826337546 -0.613553728247084
-0.579610791804488 -0.227122517542872 0.782602512166146
-0.0439528083283274 0.617183699266973 -0.7855904989237
0.299997947247245 -0.500373818383598 -0.812174410778656
-0.503454058563664 0.393009983672175 0.76946550517211
-0.369066737088918 -0.828921933441277 0.420331026495207
-0.384033320519344 0.769274586280182 0.510622188740698
-0.900683287221948 -0.0761089394714564 0.427758162343626
0.422393338882254 -0.592523578233085 0.685929789778635
-0.836141313335616 -0.531687349838101 -0.134819383456268
0.495217882613764 0.0527326897489963 -0.867166945963334
-0.256802343224098 0.679650933004416 0.687115103735058
0.998727669196528 -0.0474684582547056 0.0170231681008948
0.977256437321088 0.0207815886251748 -0.211040236184261
-0.686897004386288 -0.535795099030389 -0.49101539407656
-0.798814134263829 0.135797080488742 -0.586050451608958
-0.918101739460742 -0.39347838806016 0.0475810269828027
0.643160560915673 -0.243349020649891 0.726034260232515
-0.06145377017165 0.41376698593137 -0.908306289466807
-0.206919180039403 -0.654220322428512 -0.727447745651435
-0.370203138244234 -0.351751515645954 0.859779336617771
-0.534490551296001 -0.815642056715676 -0.221467573003179
0.597986468809043 -0.450077994014506 0.663205837146485
0.698142105195188 -0.715732287245595 -0.0180248147790639
-0.367744835294689 -0.708764143437792 0.602010901139652
0.380208006418064 0.517259673129708 0.766736136105081
0.539478826395273 0.726040229806329 0.426413157130443
-0.489542262140409 -0.0629855991134455 -0.869701781004714
0.406953411209403 -0.752315093509295 0.518083893962292
-0.443307536142379 0.381610602711036 -0.811080622563437
0.135951518108227 0.293348322228773 -0.946289568033819
-0.462234913981162 0.832228653198503 0.306160665488292
