# command_history: dirgen -cart 0063 dir0063.txt -force  (version=3.0_RC3-1000-g3151ed7a-dirty)
0.830904097968373 -0.080395531358016 -0.550576914260875
-0.593761878494736 0.226568191025531 -0.772083989253644
-0.0914884356295858 -0.988685438255911 -0.118873757939956
0.169508188370671 -0.98226264339446 0.0801690305979869
-0.837594464978466 -0.546051938261926 -0.0162108900998978
-0.680606516282983 -0.556359840377987 0.476695393314979
-0.0590324498440006 -0.415700649683796 -0.90758368193676
-0.479250737027471 -0.730990164184067 -0.48576960683515
-0.247138472305596 0.78235549366837 0.571701370501573
0.20264593595739 -0.188571759408716 -0.960924198984215
-0.629596917667891 -0.763344942143659 -0.144610582485461
0.209973708703249 -0.897614754554657 0.387554891672373
0.733544060776717 -0.626683233777521 0.263023260190716
-0.878640113452366 -0.399451274998043 0.261591723750678
-0.0531012857802815 -0.168234580783811 0.984315690861919
0.195892190337771 -0.724180437439332 0.661202649567324
-0.987319528017444 0.158723180626668 0.00266486907093939
0.751331060084269 -0.567769424026426 -0.336362184695827
-0.982759819880977 -0.184069384111751 0.0173665845873832
-0.274912116564937 0.247217444617277 -0.929143080070389
0.305138800877696 0.624882541523919 0.718618202870989
0.827460887733363 0.221026645682091 0.516193472614714
0.0805251543591215 -0.477960675437387 0.874682395073136
-0.149965075032351 0.937205554428441 0.314890814440529
-0.413934659776181 -0.820568998491714 0.394112440999117
-0.79959309334477 -0.250757037382896 0.545684701341622
-0.130852945114591 -0.96869610488997 0.210962942541663
0.911429192726032 0.33386997572855 0.240473836318615
-0.735967764299976 -0.560596194087594 -0.379583135934409
-0.655349597200195 -0.116157232296425 -0.746340674782486
0.89652221058728 -0.334692251654165 0.290222367515603
0.265242122898055 0.398018953345097 -0.878195609769604
0.00153002891765429 -0.684910268844744 -0.728625817990642
-0.409242026153397 -0.0278673403559253 -0.912000205795673
-0.110473976515742 -0.103018230097118 -0.988525540783068
0.130181801979961 0.665962304692868 -0.734538567511206
0.95433485120513 0.054432447040041 -0.293738149521843
-0.494656426115346 0.710790412525944 -0.50009200109979
0.910918359444118 -0.288533703122371 -0.294917013056433
-0.485539241967626 0.850025387464506 -0.204226553551002
-0.879002681062349 0.476615544628024 0.0138531333688093
-0.427221720091247 -0.628269540071207 0.650199190172512
-0.504197888834546 0.581764286650877 0.638227861874099
0.368377909010993 0.0827531050389832 -0.925985766499192
-0.128156011646989 -0.862831659353497 -0.488976036525338
0.508925792262728 -0.775457296452333 -0.373711813231256
0.562610299702341 0.34277221622211 -0.752314334872748
0.635967685133888 0.01947809656829 -0.771469835586279
-0.717626680199132 0.361866892757467 0.595033024119189
0.821515597177131 -0.129810668656293 0.555212854586156
-0.402518683230458 0.908422635743626 0.112902721486342
-0.42125384503794 0.503617488712005 -0.754264292608476
0.678911671899991 -0.732205002488767 -0.0543578521318095
-0.606466801928433 -0.447315176275797 -0.657348576656291
-0.498204666159276 0.264817178851345 0.825629440125738
-0.352051083195836 -0.900349773641808 -0.255793510323823
0.414064812296585 0.907446088864773 -0.0713577397471381
0.258451599078896 -0.497690290612992 -0.82795358901518
0.100779342686972 0.860521487129392 -0.499345866385415
0.666329525279221 0.718031392411043 -0.20108675553956
0.703747075541551 -0.452150255972103 0.547996532553881
0.37517216280662 0.340742061308161 0.862056086290485
-0.958844180041452 0.00411888358544767 -0.283902929182924
