# command_history: dirgen -cart 0149 dir0149.txt -force  (version=3.0_RC3-1000-g3151ed7a-dirty)
-0.0625107076251431 0.991219921334143 -0.116513857470002
-0.946577124797652 0.241388350088176 -0.213830332861171
0.507957650846468 -0.573388913322148 -0.642809597801544
0.388901021581509 -0.875985127796137 0.285317457041878
-0.107988556296136 0.454075542190178 -0.884394636852673
-0.466254068504012 0.759283809656668 -0.453977135984527
-0.273223474140397 -0.961286065169739 -0.0357496026430029
0.256900127447718 -0.595362661681244 0.761278940726177
0.329669888257668 -0.275016584227778 -0.903152059830382
0.717480426097022 -0.213154807747077 -0.663164282890705
0.623369110089628 0.634182780315239 0.457409175397365
0.426500321945284 0.575872028047921 -0.6974732128853
0.104871149281593 -0.888665708780417 -0.446402621056548
-0.70524777611496 -0.66241845250873 -0.2526407885929
-0.44577046555863 -0.712317158598555 -0.542118951524223
0.987820509329137 0.153498133145028 -0.0254747810533258
-0.510804621768975 -0.689288757068873 0.513770033923644
-0.946215470323206 0.0560898465831009 -0.318638059295054
0.461958407177806 -0.844234417865721 -0.271776889614756
0.536806872934699 -0.249844222107782 -0.805863664554636
-0.193440695727017 -0.280697197095225 0.940100941803343
0.315036996434543 0.457838801351616 -0.831345489465371
0.530822060735695 0.301334947051822 0.792101754525001
-0.896703803767328 -0.041417731720144 0.440689073847269
-0.0283299798606655 -0.790811476496337 -0.611403811635794
0.330549188491063 0.629542647812274 0.703145282692995
0.00104779708005395 -0.482377423273291 -0.875962855169955
0.888661550198124 0.274052663910907 -0.367662598863147
-0.942242939805378 0.120856330185988 0.312365154652203
0.790932298605546 0.113389469260725 0.601306018000251
0.245981730618442 -0.934081133659334 -0.258815424470125
-0.173814609961298 -0.858659835332386 0.482174002359066
-0.226517401375815 0.250456912672855 -0.941255120447336
0.74657735612088 -0.655761827368239 -0.112243828757867
-0.315631889760692 0.84518430637933 0.431323542617586
0.212549720017167 -0.457367417548632 -0.863503133685987
0.0287130103152873 -0.964144646375987 -0.263819377421668
0.738037293054482 0.646154626655873 -0.194384033583065
0.229634711326436 0.113201230622852 0.966671288877194
-0.382662607111965 0.919894036134544 0.0858154496717971
0.438431409762313 -0.250305061963657 0.863206391825965
-0.849589179996851 0.173800570814547 0.497987536808721
-0.513352521239302 -0.11403981707966 0.85056693390802
0.37356333721213 -0.719231251450582 -0.585795903047952
0.693668134404914 0.461790634355024 0.552787417849928
-0.835470824319766 -0.474431587875902 0.277314208319734
-0.17654807612194 0.93907175242206 -0.294915277021391
-0.103518668319143 -0.46591654745728 0.878752329223041
0.582439210838055 -0.76423780285552 0.276956939550015
0.431629609854906 -0.0843170733240549 -0.898101615098519
-0.648776274580621 0.704904888859029 0.286702708748856
-0.961181134332585 -0.116698026688762 0.250024793910671
0.649502874489598 -0.451861070466585 0.611528894678364
-0.212933679372967 0.105514383998197 0.971352646034473
-0.492645363631742 0.864983772578441 -0.0954128862791473
-0.192181719007771 -0.950528677216286 -0.244052085974849
-0.0152325873313856 0.275107627269525 -0.961292755460751
0.666701002220209 0.157153422308283 -0.728568854327004
-0.56724770059045 -0.764891179998678 0.305240116850779
-0.405546015066763 -0.457207693570878 -0.791513458257702
-0.311483666748103 -0.734124387692168 0.603356701085482
0.671813036122298 -0.73579398470268 0.0852904248523354
0.11110942791847 0.30277736459982 0.946562497943806
-0.525152373257107 -0.779643288498858 -0.341132419393283
-0.110770177929984 -0.894273255644167 -0.433595793246362
0.965756083942922 0.161931202735441 0.202715248335899
0.426900997896605 -0.434785878831821 -0.792916627119979
0.864102093325977 -0.481580912223048 -0.146312669622564
0.810712356304691 0.198861424456224 -0.550635641053262
-0.122373583163629 -0.650825714210348 -0.749300070643454
0.285905675888767 -0.952428165981853 0.105539249282104
-0.525272395324595 -0.37694989855883 0.762887727445166
0.0564149574262259 0.995795228952249 0.0721748888086085
-0.685425001926835 -0.608499909733642 0.399900520864563
-0.85988901968086 -0.506425423074709 0.0642196597304283
-0.872139058132542 0.341938152586361 0.349931083337148
0.415526478119502 0.889488657673588 -0.190125416111686
0.481849465120614 -0.448595002075433 0.752717488222454
-0.388467588856831 -0.823646907728296 0.413156996548981
-0.874698105340191 0.263253665120103 -0.406940698769628
-0.0456775412945877 0.870582240418476 -0.489898076021154
-0.346145874591339 0.0653645375305688 -0.935900908609887
-0.76396476242414 0.38284839606276 0.519408266594208
0.325966900616705 0.852648862863325 0.408332580576444
0.863151729112892 -0.438642162782295 0.250124260236979
-0.944267602286441 0.282506724893057 0.168963444751861
-0.458141334081288 -0.888869464765244 -0.00419435503592425
0.536588845679933 0.531646720486194 0.655304643115057
0.685135230935394 0.339147372027802 -0.644646240489883
0.778023313461465 -0.536364217872053 -0.327098073208853
-0.607286880593341 -0.525644779407537 0.595735017051047
0.814025853618102 -0.57611852883691 0.0738197153348359
0.904026015389508 0.12717667683595 0.408121374554107
-0.247275829056894 -0.9234200008576 0.293513485857765
0.658832647879402 -0.567173487075256 -0.494220373565387
-0.934689086029326 -0.319399241542513 0.156014220376638
0.175776287469536 -0.769808766329201 -0.613593644072476
0.991667801589754 -0.0425940530573905 -0.121575975975059
-0.738875511648292 0.61565359610334 -0.273922667721201
-0.633174183270315 0.622710203517948 -0.459698222831681
0.581022309449998 -0.807927678071828 -0.0983155273944848
-0.842574072460178 -0.516166178736153 -0.153757628580793
0.99344209419803 -0.0190447349091197 0.112739095027738
0.257021503948815 -0.847186217258816 0.464989741601454
0.773594742691063 -0.455708492219318 0.440319139034342
-0.00795671446250954 -0.112885513168442 -0.993576142835394
0.296018156853481 -0.602865962802405 -0.740895324392992
-0.610587739123829 -0.785733417166967 0.0990232799839145
0.720741328763101 -0.0814421788279347 0.688403303682194
-0.780290051753974 0.00480270003780012 0.625399367769209
0.821222424710357 0.301932299913665 0.484180354229378
0.637834273500824 0.107472961898698 0.762638185516826
0.395317724038957 0.272147618764233 -0.877302439676089
0.619689316533731 -0.402466018994949 -0.673799862368875
0.324004934837596 0.291159575313851 0.900137158384178
0.685152678238455 0.296616061196292 0.665270410993207
0.0353981377519506 0.949245999903494 -0.312536403497112
0.163202303321741 -0.983839343744806 -0.073655643981082
-0.202575074885453 -0.621945257802921 0.756404280349874
-0.897221451125491 -0.337865542043878 -0.284324714261117
0.0945017729973247 0.0843006362865372 -0.991948999506551
-0.0876466723583737 -0.758827553801737 0.645367185729005
-0.398306839771953 -0.892624125860577 -0.211125155589097
0.206085628889804 0.481942790171615 0.851621900004159
0.625827325229581 -0.0563934853581713 -0.777920261855382
0.157857249004581 0.979664493778672 -0.123848974828559
0.772579873945825 0.424129823377844 -0.472476699208895
-0.765058816098313 0.26974609357875 -0.584741013534412
0.916474136143171 -0.397890481797287 0.0419323535679985
0.744240729172542 0.667277478393733 0.0290947395455564
0.785893276947177 0.499472576609945 0.364553017356667
-0.1261075696384 0.751177970537349 -0.647941770114635
-0.0870936563981638 0.640917006231321 0.762653319758512
0.615377578526287 -0.269981083289807 0.740554285999876
0.594922752207976 0.792845756801669 0.132145846801461
-0.306746678315001 -0.0855615337063794 0.947937603058622
0.979778492684137 -0.199584009865589 0.0141537373005558
-0.549998390801843 0.0733204952141936 -0.831941028617371
-0.9374763218021 -0.341813018352003 -0.0655896832245704
0.449963235177807 0.117047716452982 0.885343390477087
-0.523477665044051 0.726166134349255 0.445706046093485
-0.309404118845559 0.423023560322713 -0.851657301180057
0.327866056699822 -0.717467796984307 0.61460866342299
0.854523609974615 -0.0726314553771083 0.5143093151847
0.491777824898504 -0.604480173944778 0.626704308462761
0.235078162387182 0.777017504905561 0.583936687183638
-0.0258328391871397 0.621322608848776 -0.783128903918686
0.106513355456295 -0.293995586201781 -0.94985340995509
-0.121923785504175 0.0733016657742557 -0.989829003577411
