# command_history: dirgen -cart 0093 dir0093.txt -force  (version=3.0_RC3-1000-g3151ed7a-dirty)
-0.232539490835217 -0.0920871455386208 0.968217611298538
0.115877000777432 -0.990199329426054 -0.0779603020454641
-0.237704833808968 0.915060468315474 0.325823190258331
0.294622127583033 -0.369514582145999 0.881281325979346
0.181524350662406 0.838229803556337 0.514217567325832
0.756116472879038 -0.470388825788423 -0.454996958247361
0.443636551842328 0.893010388095018 0.0756244446183592
-0.642034272559034 0.764771048823815 0.054011440829824
0.72840292116624 -0.122028404712706 0.674194521543864
-0.99924230835807 0.0245074743839856 0.0302356228074375
0.183174436997611 0.679479316137874 0.71046110700827
0.970651398179492 0.238812707032922 -0.0283611384081329
-0.497581001367206 -0.628812041272729 0.597501936255299
-0.427575270129519 -0.736615515618861 -0.524000926070965
0.285465719551153 0.944736475034541 -0.161190308953276
-0.883837081422056 0.407472230913151 0.229779012396699
0.450443778981321 -0.529688131201638 0.718700831807744
0.225084174520305 -0.427851327785271 -0.87537440886337
0.384418540812865 -0.918624606851437 -0.0913849942077494
-0.0230171454765096 -0.0439667993767579 -0.998767806633092
0.433426838680389 0.551820627654354 0.712485207149369
-0.0218609633515112 -0.296487904641353 -0.95478637437006
0.300892670010952 -0.106390830278119 0.947704907851813
0.95799355677913 -0.1633324807834 0.235734693863275
0.407503674047914 -0.55581056049889 -0.72457944800785
0.184186251602314 -0.615142542116008 0.766599685363713
-0.370109600266527 -0.503550429100829 0.780676532978238
-0.531698418366755 -0.0128447418264604 -0.846836350491465
-0.735313309220461 -0.50118536010881 0.456210008763352
-0.565190274693703 0.642561540522639 0.517372805656453
0.046301824072732 -0.20274972871336 0.978135312006573
0.76357810889097 0.618129161920088 -0.186721211452955
0.0249873520159265 0.535926043753998 0.843895081076682
0.649382232265869 0.580224001995812 0.491571789187867
-0.512396416322205 0.847017487634148 -0.141461260358086
0.951445703381983 0.119357610718265 -0.283733738352687
-0.722196052118825 -0.13736996601411 -0.677910285171472
0.889330473587105 0.380753609371317 -0.253215318849494
0.37368261724922 0.842154073156119 -0.388764477071055
0.478538903107197 -0.0188503469249204 -0.877863988687183
-0.870497965205832 -0.491892927343855 -0.0165722841394826
0.765811844168615 -0.488739578441657 0.417930429372803
-0.851881174740605 -0.0124978917598662 0.523585968895391
0.0326818058087877 0.951180286800831 0.306900572776536
0.0701413292418805 -0.834474561350567 -0.546564177742158
-0.45948068294202 -0.244711799781346 0.853811242049968
0.313520243979205 -0.745701394202434 0.587906869580349
-0.823126759609834 -0.316718841109865 -0.471329516686827
0.234655759108673 -0.168434584590809 -0.957374777937488
0.154270784861331 -0.671524634595903 -0.724744913793197
-0.120496957607565 -0.614731328023862 0.779477951935358
-0.457830117916259 0.284014364693357 0.842453217559654
0.824354437992666 -0.566060860093083 -0.00385528630251606
0.645020021672435 0.388900230622126 0.657803756650681
-0.207362292430433 -0.345536940283024 0.915207682757221
-0.521124203474919 0.251598690438158 -0.815553593286447
0.721076580665772 -0.641362329689004 -0.26211243173732
-0.882504091028838 0.422843064868672 -0.205888979330687
-0.27489105160089 -0.153448484841829 -0.949151448531531
-0.83062255922784 0.236508190175389 0.504113122306646
0.0380552378984695 -0.443920929012578 0.895257509129692
0.680906155675971 -0.133811384452439 -0.720042582458491
-0.255507200813941 -0.7521934012877 0.607388802491012
0.598318772801525 0.708515057133078 -0.374193880132997
0.780643951303207 0.561571120569289 0.274286160489861
-0.625529832404283 0.394926065950492 0.672863902438775
-0.166796777599422 -0.983217672697184 -0.0739042832208095
-0.619124780655103 -0.391328058478547 0.680842754699043
-0.501266639905974 0.809348955551029 0.306081727428859
0.0122407151574403 0.985546885220395 -0.168960060146806
0.700534747859264 -0.674952496568991 0.231711446452358
0.318677869964586 0.898918102749042 0.300650394553037
-0.48945888030317 -0.270880149431411 -0.828887175154969
0.820594670543032 0.263714308350388 -0.507029733100189
-0.159635811993655 0.90153810691374 -0.402175893498747
-0.949832926800322 0.146706825113027 0.276214624216732
0.853996434114514 -0.232876710907204 0.465251037652509
0.336800078541974 -0.772233126697627 -0.538722289426497
-0.0272123750422581 0.787567262761712 -0.615627560519007
0.265624173195486 0.420194578355678 0.867686760838673
0.880542408296482 0.0427329737872081 0.472037032596738
0.957981629150618 -0.286493863203384 -0.0138731595798964
0.969863061296131 0.0902427283226359 0.226322540455395
0.693446442057765 0.717893402075944 0.0613277690223158
-0.912858477097667 -0.334634346252735 -0.233900096406422
0.11287426843138 0.90671458445049 -0.406359522923797
0.574861865777317 -0.646991074464371 0.500935509660137
0.547093236092901 0.824171973259746 -0.146388351703728
0.430123712747578 -0.822977841828334 0.371080939407856
0.258325361874607 -0.952885718516676 0.158986838635504
0.680041672741249 0.130732763756168 -0.721423778244076
0.665795167054119 -0.388813720266694 0.636820764783743
0.571305618868417 0.766514445643222 0.29336921186389
