# command_history: dirgen -cart 0226 dir0226.txt -force  (version=3.0_RC3-1000-g3151ed7a-dirty)
0.847586160760617 0.196949170605861 0.492756252405529
-0.456949591481359 -0.513053096596275 0.726617912604687
0.605018788999622 -0.589507030676833 -0.535195035234832
-0.24979059487295 -0.875661609984257 0.413305460298792
0.873134513221063 -0.119233170007746 -0.472672796966486
-0.476668960078668 0.712558636032237 0.514827051264207
0.727330389721026 0.28609184026309 0.62381244226381
-0.591460976873951 0.773853481231413 0.22654955842229
-0.942607461432919 -0.282272256822014 -0.178363523960465
0.123994693929806 -0.43166243426617 -0.8934723603563
0.167036334369249 -0.893219930311042 -0.417441036669399
-0.178252081658833 0.803673127876564 0.567746157110194
-0.390523302496231 0.920103360349532 0.0300225995033274
0.121911201469337 0.692975689934116 0.710578885217284
0.604279354199895 -0.696160906105516 -0.38756477509973
0.452370713695809 -0.814214159375079 0.36389014834628
0.295501811818513 -0.941231384991377 -0.163591439626864
0.727927225200492 -0.0263826814961729 0.685146633158905
-0.00864344755128872 0.166195860899463 -0.986054880133106
0.608351028766733 -0.701697966655948 0.37084901157933
-0.871776623105389 -0.183648953696593 0.454179018904562
0.964762028093397 0.108730459907898 0.239607838430491
0.0873064064498897 0.317441954931562 -0.944250071030993
-0.795556507118769 -0.361621410092221 -0.486127349306638
0.413703768840306 0.904657985860653 -0.102191586081604
0.383604637467961 0.584844983259384 0.714705413208411
-0.921723893641014 -0.0302342589231048 0.386666462831495
-0.824370797326023 0.297122310535483 -0.481799876606577
0.778633947610113 0.487541361676144 -0.395009615432414
0.370212904368643 0.419639111809082 -0.82876137776746
-0.45277168317104 -0.888374031493886 -0.0760879956745014
0.961613466909832 -0.210919209363095 0.175535259646888
-0.423791252600136 -0.821246046092082 0.3820417594946
-0.772848843854812 -0.12576965937276 -0.622002136116541
0.293707024876961 -0.447635275058023 -0.844605732908351
0.490296298954227 -0.603979779295846 0.62834541888481
0.315132248883123 -0.891023256539891 -0.326755599827935
0.890206087810865 0.440163604444986 0.117427094601175
0.166587023638398 0.153615332672145 -0.973987214045095
0.870202479782396 0.347188846825879 -0.349581962950445
-0.373912761687644 0.897750648441371 -0.232879839982375
-0.719707020121067 0.566748310407422 0.401021393243286
0.588146934335337 0.733346949349253 -0.341006503621396
-0.773460853301341 0.137130454352755 0.61883240614836
0.448245052860078 0.303278897488574 0.840891362141734
0.44695064465954 0.792724873478922 0.414514651377065
-0.518992351186253 0.17147434223509 -0.837402823834031
0.570347348082559 0.676047124647172 0.466544947236044
0.199426332445885 0.455381297547318 -0.867673332407597
0.28390694682376 -0.954290448713887 0.0934161925934627
-0.00733231231509629 -0.610667680379498 -0.791853030136298
0.329537296498303 -0.813472482813047 -0.479236569892747
-0.652449869360616 0.15767234440681 0.741248001535637
-0.0243009753938809 -0.144000758200478 -0.989279153845159
0.738552033415286 -0.448096253096057 0.503736679128511
-0.723911954988352 -0.0142702538816822 0.689744765314746
0.417289618679642 0.268351118336615 -0.868249417753728
-0.113349066928161 -0.304125610772902 -0.945864473325077
0.594856228756294 0.299246392709557 0.74605473228186
0.429395829120219 0.700937102891143 0.569479059952805
0.471206454525145 -0.596022433452854 -0.650170543807377
-0.58184577614343 -0.756036148257527 -0.299774640875395
-0.331534065123376 0.711180563254657 0.619925293976265
-0.591742777723506 -0.438465992144852 0.676452554688427
-0.672880909745664 -0.538000857550541 -0.507726657341064
-0.296921282992779 -0.572718179597436 0.76408876347223
-0.446107889444646 0.0153961351817294 -0.894846752241248
-0.32135097632586 0.587208841480844 0.742912731416781
-0.68954198686248 0.306387506202494 0.656245795717397
-0.727896839796371 -0.622423971100415 0.287670976662657
0.806200435570921 0.589209360323736 0.0536021211534624
0.818227832172221 -0.516412255094241 -0.252629367744978
0.451481921859978 0.857175614581334 0.247818562663762
-0.449888003425147 0.458746407891677 0.766258779800022
-0.655607168260374 -0.139818163240479 -0.742044555369603
0.866344470148516 -0.496011479625665 0.0584796641803382
-0.354475671930356 -0.451309420839216 -0.818942491675267
0.878816608019764 0.473397770808414 -0.0597989971676877
0.711839750073127 -0.31969290014063 0.62536438962856
-0.579395364648769 0.321007412382583 -0.749169708823681
-0.34041987688299 0.156335713962914 0.927185769931073
0.564007330214134 0.824190796596444 -0.0510417698600233
-0.812570311394431 0.419915521010964 0.404228208137988
0.935281605076087 0.199605119376212 -0.292243247184785
-0.596031082983304 0.0177216461798973 -0.802765776160409
0.0732955303237169 0.00589786771909698 -0.99729282579939
-0.922342360501745 -0.342793031268917 0.178262468673402
0.589761959271648 -0.459715245685868 -0.663959881529034
-0.153511339774994 0.568322037326651 0.808359035608171
-0.715200592143474 0.654737167961964 0.244555420890178
0.356409677457602 -0.781263947244752 0.51244393503106
0.18410088777305 -0.166669471932612 0.968673397098774
-0.906302213337406 -0.238987997253652 -0.348569986184134
-0.335759082811113 -0.905326347772376 0.260096217463789
0.00494488796083901 -0.934784539351214 -0.355180817433873
-0.281923374307034 0.876809130231775 -0.389518882933207
-0.549355280033432 0.833506128448179 0.0589602420171217
-0.235935065243292 -0.963665501428788 0.125233567164108
0.557391524868421 -0.313621969917269 -0.768736592071737
0.14661453063061 0.986617794663462 0.071340778390575
-0.299520491487602 0.705165250820351 -0.642673668524311
0.707660189241769 0.684336491050027 0.175785732013834
-0.366681070341458 -0.142403017697556 -0.919383692048033
-0.331790765199097 -0.778313715490291 0.5330503244613
0.254698635226732 0.298032027948288 -0.91994864831178
0.973431100562504 0.0484093087352573 -0.223804448761516
0.0167740595844843 -0.858156413108354 -0.513114218830525
0.692215048929227 0.633845609540165 0.345076903461481
0.763696421492719 -0.642042170927971 0.0674509195586954
-0.943731836682685 0.329074147373943 -0.0328698336113559
0.0833666997766153 -0.322751570849962 0.942805078943807
0.300905680159752 0.953358936826612 0.0237172768341642
0.0282369921494593 0.470765524608644 -0.881806380740296
-0.663106078173298 0.176162173217812 -0.727500665165886
-0.902828496362106 0.383623495644388 -0.194251691745834
-0.69540466865679 -0.718618021957326 -0.000696655208766613
0.14258519203861 -0.469972921583462 0.871088351425743
0.202295181668166 -0.603370256825271 0.771376038422539
-0.31147922850813 0.455852448293233 -0.833774091461857
-0.588640331478995 -0.798254195633456 -0.127643250154027
-0.546135025690652 -0.315230657347409 0.776122520213266
0.211297701513552 0.577554348654445 0.788532976916901
-0.888033576633196 0.260115488246007 0.379125704149157
0.399645680007224 0.657915347239893 -0.6383030050985
0.507764646924745 0.831433091231884 -0.225597158975867
-0.836036935594103 -0.0262434288659455 0.548045184965419
-0.650837118978379 -0.429668647544778 -0.625936017398716
0.363620172895002 -0.581141711266079 0.728048543223968
-0.89399621136189 0.436969432271041 0.0991387377936126
-0.252018647598144 0.0099832004031893 0.967670882569333
0.987281823618888 -0.158034079931712 0.0173156094868081
-0.98506738340526 -0.157329400898921 -0.0699264596837398
0.157221663150072 0.816631294410357 -0.555332943040471
0.953799777211289 -0.0768916956147143 0.290437002011091
-0.423925097776392 0.317565514863376 -0.848197886842944
0.696715639838374 0.468167037356319 -0.54351351624188
0.897819732285762 -0.360206362927299 -0.253320161899937
0.519199305242962 0.144815555257618 0.842294803730056
0.907347183505823 -0.263019940760146 0.327935358487888
-0.478828405801176 0.871872307170714 -0.102771775243601
-0.406117854307581 0.308876771145713 0.860036876336826
0.0180298463951113 -0.829141024349344 0.558748679085589
-0.654787507910608 -0.735505399666799 0.174026223728488
0.0175595660646275 -0.999564043156597 -0.0237357382033643
-0.279635251364988 0.0117294965636175 -0.960034658282921
-0.507364212711772 -0.448759657576906 -0.735660468824322
0.254267947603935 -0.316263516483615 0.913961267758487
0.97564487938165 0.187923940135574 -0.113144430089545
0.230094318068821 0.706361328409031 -0.669410396185086
0.954961502945133 -0.263551238060738 -0.136342483509084
-0.195350735986656 -0.440048193612346 -0.876467727442365
0.450279709713835 -0.870133292289728 -0.200290380870037
-0.84305061996114 0.00206939759071354 -0.53783024252709
-0.433839536659554 0.0118357271155792 0.900912410833966
0.799969411446524 -0.285275176142994 -0.527889206772108
-0.733202963338978 0.571375651592544 -0.368704867499924
0.53631146769522 0.57443692163321 0.618378712993227
0.173570263069579 -0.690693399968442 -0.702008540559152
0.304102103244694 0.884992509020118 0.352576473662709
-0.497734090804506 -0.714009610528743 0.492393187324525
0.947363322144407 0.320160356675954 -0.000286126962736954
0.870882373892047 0.391483694903345 0.297160575226556
-0.649208937358972 -0.165239002823171 0.742444494625179
-0.105811331237455 0.0115009974329195 -0.994319711782788
0.687656925557916 -0.721473786430296 -0.0812620958760369
-0.150993140062046 -0.954260400322766 -0.258046817515809
0.15715178486282 0.947190431748236 -0.279523885417725
-0.888381489187004 0.132431179979087 -0.439591073884841
0.189066409574754 -0.819527604888228 0.540951381915857
0.833719127248233 -0.424520175561374 0.353121844979584
0.302584266511525 0.934363762961417 0.188167797787675
-0.91603227800554 -0.0581454275263177 -0.396867704543672
-0.779673023046223 -0.614725025237797 0.119260724802234
0.998927305039351 0.0280667399194445 -0.0368306578425225
0.94522359602206 -0.129231713472393 -0.299752427439903
-0.515698631762886 -0.135134874007338 0.846045794874549
0.0698391548226256 0.90311517878772 -0.423680854295878
0.991105163697624 -0.0245708963032157 0.130793063832766
0.556702963335318 0.586016690886099 -0.5887837027437
-0.0557141902326521 -0.727581846629585 0.683754769973711
0.778293993301508 0.491416191100303 0.390856223073476
-0.711782370858143 0.446281406796966 0.542400924116914
-0.469012235879018 0.805046781293523 0.363217844446969
0.0743730939395471 0.990380437732447 -0.116684323946045
-0.613403808252083 0.4660466734393 -0.637601965334177
0.635196284194231 -0.768154723766436 0.0803990105732156
-0.789124776461353 0.164812847789102 -0.591708384576783
-0.98431457243433 0.101950578475306 0.143982297668748
0.796457675611779 0.330118611594982 -0.506632878164933
0.629686199576892 -0.585449552321104 0.510631091639972
-0.279029114165796 -0.703541328805862 -0.653584234900088
0.556581310649901 -0.797448128593694 0.233010143207658
-0.69329298832481 -0.308556335108321 0.651258643247195
-0.805752012012003 -0.547718562512736 -0.225317712170151
0.181243997959514 -0.981942826822656 -0.0542116044328427
0.147731449541604 0.892002098131068 0.427209170952719
0.00226081792766676 -0.98279113836871 -0.184706434772133
0.698974178956327 -0.679071631912927 0.224269516170709
-0.121017422306906 0.727892285718068 -0.674927850877646
0.356982769221829 -0.167627258643716 0.918947443893451
-0.105489834883752 0.905419458855272 -0.411202502743386
-0.0365283821677639 0.610558604184262 -0.791128224849027
0.840572822193985 0.489504793428661 -0.2319965254033
-0.13107682230299 -0.601105888695177 0.788346736678051
-0.0521406741092766 0.297007682055885 0.953450463790973
0.803014410773988 -0.588631623946517 -0.0931700991702309
0.506579554110203 -0.161864152352378 -0.846863124442642
-0.77617651873902 -0.170513919372162 0.607021428829757
-0.11181156442595 0.986567668649655 -0.119089920798555
0.155958160317312 -0.152747927298425 -0.9758817156482
0.652976202655284 0.612028806768605 -0.446142150498339
0.199893074143436 -0.945232637952288 0.258027167289117
0.0176596258841667 -0.962745655024338 0.269831320171307
-0.197615761180213 -0.147365717029982 -0.969139492734356
0.296074354371882 0.808128174107032 0.509184476292932
-0.289491927769802 -0.296118602430717 -0.910224256461342
0.152348698073805 -0.956395564205116 -0.249193497033923
-0.498658947499286 0.706049500311248 -0.502825374448368
0.026555417654583 -0.752459068584119 -0.658103456835406
0.812922362276264 -0.54082313879781 0.216026770220879
-0.594165063825893 0.00905148607592848 0.804292202827175
0.237899941716186 -0.297525185995995 -0.924598497419006
0.47876406280772 -0.457133204264319 0.749542664378007
0.0371975216521291 0.472358318567613 0.880621350674009
-0.13603529156786 -0.804674850179028 -0.577921088849858
0.339150641444604 0.130946898131144 -0.931573803988468
