# command_history: dirgen -cart 0141 dir0141.txt -force  (version=3.0_RC3-1000-g3151ed7a-dirty)
0.193700106558208 -0.938909914429679 0.284479245824702
-0.605593399589276 -0.697566400646996 -0.382959202869312
0.647874466418543 0.688424587053489 -0.326083215917534
0.776759461671197 -0.518776406359085 -0.357093515636207
-0.274951837647554 0.268699727908701 0.92314784471179
0.253083954100437 -0.965892562023478 0.0547729021013971
0.770212627927402 -0.408130707453545 0.490103900631932
0.860782510433403 0.401150879303829 -0.313259384162284
-0.420336946420066 0.114211222055485 -0.900151458495095
-0.815418471661518 0.171460672855344 0.552895970085863
-0.959054961341919 0.282533336459496 0.0197102743389244
0.997797604222137 -0.0653633368813571 -0.0112949192249222
-0.886999567477127 0.272806009785536 -0.372570326677103
0.310777639585376 0.322079472198742 0.894249446363777
0.397359889260531 -0.894423518972603 0.205211323068498
0.201836273759583 -0.0443568375267386 -0.978414324077215
0.371134183479815 0.111231357428024 0.921893162452944
-0.513692354341241 -0.270650040609513 -0.814167501567965
0.397565985549719 -0.0859021776602667 -0.91354370612856
0.429241424688993 -0.621286242817359 -0.655557170517456
-0.489811295001842 0.347066842189286 -0.799768405440835
-0.361041136077973 -0.651557422844533 -0.667174806775343
0.0285207901645801 0.937966022832715 -0.345552173397543
-0.0844348275669797 -0.382662470951136 -0.920021843881603
-0.632421755841477 0.768361495761735 0.0983022612617455
-0.0739851578724682 0.993350631512769 0.0882083855864609
0.270682496999273 -0.256357844189561 0.927907129803797
-0.871913957364781 0.303824109051046 0.384001252226898
-0.156694456544712 -0.175039960522218 -0.972012273332255
-0.833089853444188 -0.0768811843628728 0.547768728186727
0.164612321743488 0.968022919626083 -0.189299790303141
0.00268224408100951 0.571695845670396 0.82046125174191
-0.0626700778739057 0.223980200914013 0.97257664527676
0.150434156502795 0.681152296138701 0.716520142091113
0.700637120929975 0.202171929485502 -0.684276359158392
0.237206193935783 0.513679197256616 0.824540419788077
-0.44669076382862 -0.471152722268662 -0.760580353288877
0.571270982249237 -0.134239679999406 -0.809709313984747
0.649688294855282 0.751927242865923 -0.111850529565521
-0.800560226668815 -0.309919841839083 0.512886941840416
-0.0991671153915051 0.419738371260198 -0.902211495668706
0.384388264844667 0.656309397735697 -0.649233113984117
-0.979095591575855 -0.0653167556434714 -0.192627993783193
-0.313074644550173 0.870695385233346 0.379307016904695
0.987407185466141 0.158075817537398 -0.0062518796947378
0.777718074075236 0.628571137717287 0.00727475673144324
0.482551429786071 -0.687808583226347 0.542276193882401
0.916256558524158 -0.0651038557343811 -0.395266248154309
0.478092674774524 0.764859346485881 -0.431761015401036
0.821934909199201 -0.162621798771494 0.54587283830946
-0.483916720529079 0.839544774151372 0.24695987485319
-0.336762844633187 0.487227632290618 0.805729496051276
-0.791100394647694 -0.576327699888679 0.204954990008265
0.142066151665241 0.989554716953545 0.0244677482825598
0.649573116712709 0.416243263898466 -0.63623604998718
-0.750781178234867 0.657411314511201 -0.0643271790219273
0.326846014345541 0.339672425760685 -0.881926485646217
0.113681987012795 0.964836551193547 0.236995433098963
0.692280184591272 -0.294969878400154 0.65859009775343
0.0495985645612337 -0.743825244320964 0.666531310820672
0.255678728784834 0.533493476096506 -0.806233898201656
0.63383238840878 0.401904897274432 0.660854716977075
0.692776756241752 0.189561947182273 0.695792091210888
0.216949171502773 -0.0437258879020095 0.97520310895292
0.485031776245744 0.835598140562585 0.257914566320419
0.045621581110492 -0.990596150691583 0.128988129577869
-0.890331834533544 0.413702354891442 0.190156740541608
-0.0298245271458211 0.760159024808994 0.649052197116663
-0.0912938245907627 -0.848750911036097 0.520852501776641
0.792267016734196 0.301731256024125 0.530350095062876
0.620057089479875 -0.590524969136329 -0.5165360264418
0.717591566794307 0.509995180637054 0.474307135717638
0.977749226698087 0.0345744264715922 -0.206908334113087
0.719997392391119 -0.0272767773288969 -0.693440503841923
-0.449830675871277 0.89267706683317 0.0279287915119468
0.910836112554965 0.173490853536637 -0.37453771479637
-0.218454062736827 -0.801070597226266 -0.557282442513066
-0.348471941242855 -0.932965152336692 0.0902404049847356
-0.368623519318283 -0.132048969830879 0.920152036661337
-0.561735942967722 -0.0569413481624196 -0.825354719649443
0.191590992689237 -0.636100872541815 -0.747441349854217
-0.408232405798191 0.574156332121471 -0.70971177892229
0.915170800253314 -0.361438828364828 0.178393889228217
-0.103386965312799 0.949325365034801 0.296803784856176
-0.948867424117178 -0.260178150301823 0.178767842619286
0.673236328453616 -0.270619856917054 -0.688126252291314
0.309345390273713 -0.441905711240281 0.84203608704712
-0.464105003999503 0.318666985510132 0.826473168111649
-0.487632843926849 -0.842897019515138 0.227461697910464
-0.660099266499205 0.590945991784579 -0.463736771413431
-0.16615950037758 -0.704114305327761 0.690372410708219
-0.288760550648449 -0.889633912007664 -0.353792095721688
-0.0741828031170719 -0.892575755884703 -0.444753225652772
-0.958031475609383 0.189630571583041 0.214978924694487
0.131535760108135 -0.861233786581985 0.490891748415504
0.814797941312777 -0.504044646782717 0.286432031871693
-0.327004983555349 -0.935159103628372 -0.136180731496585
-0.725141324451804 0.0329989955010039 -0.687808931221606
0.529301191867613 -0.77470416808111 0.345938867786319
-0.42569588173842 -0.767124710552285 -0.479898629640701
-0.18110539669876 0.605788780818886 -0.774739174381
-0.474960334302935 0.747342040957382 0.46464239438142
0.59133026847168 -0.163817369983568 0.789615338554716
-0.274643968720172 0.736688098295042 -0.617949299114473
-0.694472418017292 0.668915559221711 -0.265066095991776
0.0353231736241621 0.576212456608469 -0.816536268792973
0.551024898991103 0.59694366471694 0.583120760945925
-0.291094529409569 -0.800737570264629 0.523529673002897
-0.853165569869787 -0.397408650513744 -0.337897728441028
-0.282023872867984 0.756267383041144 0.590357671653925
-0.465792913855063 -0.483754860762948 0.740957620981545
0.642169173819047 -0.697472897565792 -0.318041364224437
0.140551926601055 -0.432211632249878 -0.890751514664234
-0.591516277417492 0.484395385376175 -0.644569316812722
-0.33981649464362 0.838341676974277 -0.426272193106799
-0.291191215280058 -0.895360294441723 0.336953437852998
0.945431321505628 0.289724994212328 0.149060538187638
0.777810443303226 -0.608769435152456 -0.1562392047874
-0.901350719547928 -0.427746773163283 0.0678201918224339
-0.561630967403601 0.458750996915418 0.688562400427445
0.560720618743306 0.0819075489505335 -0.823943894413352
-0.754478620030215 -0.599309585452077 -0.267563137787256
-0.5719531577518 -0.6070340056785 0.551705810453053
0.0538034816857464 -0.215076426991523 0.975114001494723
0.866213717696987 0.482011693439125 0.131675824134544
0.513404590377705 0.857819280796696 0.0237024908509699
-0.91299901238462 -0.189116311320546 -0.361480046720726
0.733186359892559 0.518784674074644 -0.439659213042061
0.161118330401057 0.174571485141489 -0.971373090107128
0.582752422598671 -0.803709217787827 0.120212758051131
0.652079799411585 0.744555280463696 0.142931345522855
-0.83634163566045 -0.0825403487883403 -0.541959185993467
-0.922527774652464 0.0442861561532683 -0.383381326316165
0.868778988026158 -0.4946896440731 0.0224772331721234
0.969994629885345 -0.15232502700191 0.189492754854798
-0.127179884963275 0.85999947664489 0.494192449387122
0.741524672636435 -0.403189256044611 -0.536264471768941
0.287183488954408 -0.942970554916071 -0.168321645171529
0.526359816253145 0.28935930635955 -0.799510184836363
0.00580857013655352 0.00245881372300201 0.99998010717616
0.114730743220313 0.382628354826906 -0.916751001440724
