# command_history: dirgen -cart 0184 dir0184.txt -force  (version=3.0_RC3-1000-g3151ed7a-dirty)
0.310903916630264 0.806517776398779 -0.502859653359396
0.573503507623196 0.774607126103627 -0.266603688896777
0.697370178812359 -0.580128147948379 0.420863595077078
-0.929472445072472 0.277878845269549 -0.24261970489361
-0.848206512301365 -0.378774489794255 0.370237219051051
0.958378835742544 -0.282141888264274 0.0436573257018357
0.205466735389667 0.907396632077036 -0.366626203023684
-0.446091340793154 0.877483172334314 0.176141414606206
0.287206026985856 0.600422367986118 0.746328130305258
0.517521390370725 -0.393866639630123 0.759631937648244
0.524725474349291 -0.539332241409719 -0.658622737190936
-0.291798334499508 -0.587094603731722 0.755098442755913
-0.579108966043935 -0.595470012405052 0.556819782132291
0.00869405171532481 0.769161355080004 -0.638995479887192
0.706265911913593 -0.703327272901937 -0.0807416179004673
-0.0930234514952221 0.657707779696456 -0.747507266853423
-0.282536108776826 -0.958928017227733 0.025107867550595
0.794338064064344 0.537742273559447 -0.282595624887623
0.354734253053939 0.415330372893216 -0.83765404019956
0.727245496864438 0.0905301162622894 -0.680380985433847
-0.0265031240701735 0.210584781708007 0.977216267838144
0.00316812198880099 -0.0119431301684846 0.999923659408478
0.712745068406645 0.678012209775115 -0.17970506631109
-0.625497118521736 0.217570405119294 -0.74927730082876
0.518188652326918 -0.839044728686053 0.165784389686604
0.0483564822952337 -0.993022268277328 0.107556614512458
-0.332359112535954 0.798977435625938 0.501171106185217
-0.985390076511257 -0.0468586647276625 0.163739618458941
-0.791127277565463 0.270881828320555 0.548398272952762
-0.127343974236331 -0.978532501525304 0.162042141692611
0.886966181752327 -0.275854532635929 -0.370398797584322
0.612121746017022 -0.691952981949617 -0.382763685351818
-0.10004545232492 -0.632108506011212 0.768394263446426
-0.935138898324624 0.104356245130101 -0.338563162412206
-0.411530691797886 -0.212673238668195 0.886235060953207
-0.918205178043497 -0.396006060748822 -0.00885724925195766
0.983256338986987 -0.11663256956635 0.140013626330646
-0.326491594691718 -0.732321509139055 -0.597585513418754
-0.0897886312123659 0.992029350310232 0.0884068426541108
-0.636348265602694 -0.434660835090531 0.637283958140204
0.547549635991498 -0.697087778043432 0.462880141967712
-0.338553937130789 0.1339756682207 0.931360162331447
0.519226530830623 0.34064543220172 -0.783814071831898
0.899128209211179 0.389895901369117 0.198870936781277
0.990530086211549 -0.121496642599654 -0.0639430539367158
-0.228489378306076 0.971596442761279 -0.0615869825119812
0.0754482873749251 -0.885173017279982 0.459103785011236
-0.955789493322911 0.125878659683355 0.265746133536981
0.571120797919852 0.138144809964515 -0.809158232772342
-0.377286074780387 0.498253501662459 0.780639907933169
0.440839221999692 0.895856573509002 0.0556936266319269
-0.171918376571749 -0.471287076409257 0.865062173145115
0.192628070753094 -0.268756130928613 -0.943750268050941
-0.189067738742599 0.759084720894614 0.622931598709767
-0.849922375945042 0.0808663166772103 -0.520665529582088
0.86328846931743 -0.430514634252342 -0.263420136736243
0.661037504368654 -0.377336852939345 0.648572522723475
-0.705800551357139 -0.281195641920079 -0.650211190821193
0.99818417807795 0.0506129856535496 0.0326599497562458
-0.408275835603071 -0.84710976975556 0.340170369149485
-0.489917895143978 -0.121388312411948 -0.86327593133799
-0.878479226664311 0.110299544508969 0.464874454880442
-0.24174831693891 -0.286476601791651 0.927086246194556
-0.156932783372329 0.952690782273474 -0.260292863663546
0.362322963357355 -0.661767210966652 -0.656343072419724
0.0630649439031253 -0.533565790883736 -0.843404031084218
0.0362570648648097 -0.690116492772999 -0.722789493317442
-0.341311968834407 0.3814683271258 -0.85906231166908
-0.181926065366098 -0.837026185942229 -0.516033013272809
-0.743171064448483 0.589622209378217 0.316294829509524
-0.121068949053522 0.952916810599673 0.278014139301625
0.629414040703028 -0.0488267922570042 -0.77553459608439
-0.464683374252387 0.224948258561801 -0.856427254741131
0.607760786889438 -0.763935741780245 -0.216861726337769
-0.885382001459881 0.441861891973557 -0.144418765790472
0.941703776119379 0.219125425361064 -0.255299913832409
0.36904166942559 0.295181423064337 0.881292331582027
-0.864766759591348 0.264137401184864 -0.427094702380146
-0.831285349210646 -0.549230211319173 0.0855034687134398
0.898011713303948 -0.436756863049164 -0.0530886555523997
0.273355621114997 -0.672048459445094 0.688206053854738
0.790592764002881 0.0913596326351943 0.605488644840717
-0.838210883738263 -0.0679196552411041 0.541100207738502
-0.456484605558768 -0.594570431704816 -0.661897126923969
-0.212835031095859 0.434951286845358 0.874939213665722
-0.00421012200913465 0.817576066129003 0.575805219640889
0.96708958440309 0.223875163796018 0.120903460555789
0.402627521210217 -0.915183722229529 0.0181613251229064
0.0213019866876099 -0.507116938858301 0.861613971385183
0.298735576267212 -0.898259905687645 -0.322313818050545
0.611019695563605 0.563999387186796 0.555481433430747
0.216866257798847 -0.611085702122201 -0.761277407316243
-0.589030861803876 -0.431079787621279 -0.683529707142986
0.664622815777335 0.632112251698392 0.398385007249263
0.398250759471002 -0.054053078166906 0.915682585463682
-0.671479682311622 0.403803313262139 0.621335594056225
-0.401211125537371 -0.676272506395069 0.617806709124437
-0.828097972220727 -0.241581733273487 -0.505857701881169
-0.0294635249297057 -0.912934712246583 -0.407040675945249
-0.923664073156296 -0.221616211530534 -0.312619472757495
-0.732649458410976 -0.484837989720008 0.477657717214289
0.358323990935611 -0.775655056195203 0.519579783400772
-0.315936051258944 -0.123761757650741 -0.940673928020813
0.546467421800516 0.283950246859881 0.787874110641357
0.156009376503841 -0.874236252731334 -0.459752160248495
0.668655982783535 0.260197768079825 -0.69656033347734
-0.27824454452077 0.220324892559139 -0.934899414462985
0.0649022660209941 0.972547552246819 0.223470254137014
-0.0104774937920086 -0.389031460358854 -0.921164884792563
0.654465130759702 0.119816726466562 0.746538240600255
0.722877223171141 -0.0624084361227311 0.688152386700138
0.365792325486508 0.827879398899406 0.425219561512793
-0.570852206714745 0.0473563941086816 -0.819685994772345
0.217458702012727 0.914591810942967 0.340930392125729
-0.901141036893534 -0.393169194692911 0.182654909517854
0.806411069736938 -0.589052645212784 0.0521360506132665
0.564466202043887 -0.825044002700233 -0.0260825680968891
-0.530691806805111 0.37164811110978 0.761737413875976
-0.0514492159100976 -0.336702296758582 0.940204521122789
0.448942755223209 -0.82257242286431 0.349034398986306
-0.760137529460062 0.418613714271362 -0.496944156349874
-0.806485564363621 0.572393014982237 0.148146113255248
0.598872030534179 -0.538010585071667 0.593208986272723
0.410293107697217 0.878378426002848 0.245175256722451
0.166952123418014 -0.0665970197325745 -0.983713284168185
0.510771283423004 -0.186774008153047 -0.839183034807582
-0.828774401099381 -0.547804047073997 -0.114209098112685
-0.373701700600863 0.320220115617484 0.870520600860168
0.676617557689839 -0.727880907028456 0.111256756241
-0.401647651552694 0.530449925377147 -0.746526651010923
-0.260008251093989 0.879185147945937 -0.399285843718915
-0.944415336112287 0.285154479305001 0.163604999459704
-0.934119243424025 -0.0393329090802105 0.354787487558701
0.230647497419446 0.447717781164669 0.863915806293144
0.702203451416673 0.67971877374231 0.211878978288934
-0.623001766504574 0.725242771363857 -0.293072894544433
0.452885566819952 -0.644489535372694 0.616058359379418
-0.836551244998932 0.439145834352638 -0.327617079318923
-0.0756964400211397 0.195270485550427 -0.97782385246067
-0.0979104657219018 -0.994587830392178 -0.0347647571241389
0.664351582479024 0.643086287326169 -0.380889750335527
0.971868777598627 0.225022700813131 -0.0695403713515748
-0.783884925472545 0.435014335697809 0.443042832414989
0.502227687959916 0.734339477778139 -0.45663210664929
-0.842236894731993 -0.378824466175612 -0.383574030636815
0.776754352420972 0.297568114497642 -0.555072871999159
0.463856381626773 0.00318409822774161 -0.885904689423526
0.108851835419279 0.573717719161728 0.811787691854046
0.255610211552041 0.953425252885483 0.160136525847711
0.108178278340818 0.853007427003924 -0.51056418751354
0.207544828384119 0.734364800521159 -0.646245683905529
0.472887961890642 0.519676175908494 -0.711557199170972
-0.12312337246116 -0.149477764162858 0.981069331482064
-0.460711848067594 -0.876934763734659 0.136857638456099
0.661393969251731 -0.234041035950926 -0.712588809151854
0.877539134005389 0.206386295041959 -0.432816087395011
-0.146629777165567 0.367937261632589 -0.918216684639681
0.494752137412538 -0.689273146847848 -0.529266333295621
0.146674713971656 0.722760527940691 0.675354534694354
0.419214744479257 0.450977558125142 0.787958273056813
-0.548188785881234 -0.771505435272821 -0.322906206782331
0.272538322408347 -0.952693419282412 -0.134529222382462
0.175214475834113 0.294551428032992 0.939435651708994
-0.768784789593323 0.0972715804938773 0.632066600065352
-0.65456732970549 0.55742041050167 0.510709405472794
0.46318597786472 -0.810534333696358 -0.358458984834952
0.581806193658607 0.802180026147246 0.134196716319315
-0.769069176977925 0.231642173186482 -0.595713441701579
0.216032307372934 -0.527386426151134 0.82170164882557
0.209292301119329 -0.0519943337021965 0.976469826443726
0.971472382694103 0.0535302398295515 0.23103229879485
-0.901386939399341 -0.072809747428963 -0.426849301463198
0.296350413534569 0.073891743381749 -0.952216594403761
0.78790985244666 0.532652911099719 0.30899666780481
-0.734447002881352 -0.43524522558846 -0.520719880128511
-0.496351249155955 -0.71066612059316 -0.498587106233596
0.729457205277754 0.683699448027837 0.0211482962623561
0.60344809066133 0.795231933204107 -0.0587926380565963
-0.342542796065065 0.914947239423487 -0.21339161636594
0.13315698650177 0.120635931903953 0.9837256674904
0.0247587284217754 0.948021226966508 -0.317242428732119
-0.766293827172157 0.595845430738071 -0.240337248686946
0.174438030485249 -0.792590449036286 0.584270274459419
0.300019810316676 0.930547859911806 -0.209925686449047
