# command_history: dirgen -cart 0117 dir0117.txt -force  (version=3.0_RC3-1000-g3151ed7a-dirty)
0.690370640168698 -0.669333308779913 -0.274556553283281
0.83386596416733 -0.219102079001481 -0.506618034401183
0.146823172154134 -0.510919459902369 0.8469972028358
0.232692419324378 0.599844072004123 -0.765533361304705
-0.170528261761839 -0.21419675342989 0.961789926522721
0.289215449814982 -0.329075314824881 0.898923723550126
0.150440931702811 -0.980085808846028 0.129612242350089
0.410302696831137 0.671691157811728 0.61683278568072
0.111749325507821 0.39610836282344 0.911378216302037
0.482419409721224 0.8755879830962 -0.0248434494737603
-0.711513824184013 -0.615214968914347 -0.339497599430041
-0.0222203412417805 -0.0236836736767454 0.999472530906314
-0.227096295388679 0.852456335582441 0.470898575646704
0.295188592699688 -0.823872342851254 0.48383680867082
-0.0587934246460088 -0.87386403463126 -0.48260230231151
0.70219385491535 -0.182865088836384 0.688101845226404
0.374327455230606 -0.715253927041319 -0.59016165252628
0.519352045031479 0.750021619329918 0.409561990252207
-0.565114579707528 -0.29987950532202 0.768581676915215
-0.97256685849262 -0.1410056979887 0.185016482769819
-0.269191614595834 -0.554786419914036 -0.787240689313158
-0.0780848870266538 0.210325316534916 0.974508087007246
-0.671979658933506 -0.735462671591158 0.086821637139626
-0.603284354954489 0.46463846986077 -0.648196790637372
0.31446464887318 -0.23489127401586 -0.919748918999242
-0.536848773724683 0.302051525026245 0.787755209681043
-0.384104364344905 0.92322309175509 -0.0110887393949093
0.456662503819286 -0.668119341807529 0.58743161534614
-0.31844422663774 -0.370528809542432 0.872526031600296
0.497226976286646 0.465495093705603 0.732174604714511
0.898590591064126 0.368384445812099 -0.238385926041656
0.129885278249315 0.90746269300476 -0.399551342506375
-0.26703470648639 -0.963308026901663 -0.0270205632538033
0.386404225305626 -0.513395709716943 0.766235355429515
0.710284941274917 -0.703164951595767 -0.0324708029683594
0.948958102335661 0.0106953294664233 0.315220763813404
0.744366215179254 0.60703073002704 -0.278267192645038
0.386295065646775 0.107700650536966 0.916065877615179
0.65617243083024 -0.596559078991954 0.462120121062268
-0.423779778729559 -0.151526704113844 0.893000759843082
-0.859746686872833 -0.181063663024637 -0.477547468157132
0.596015919607577 0.665384941845795 -0.44947514140295
-0.108414292540851 0.928516774761871 -0.35510975790406
0.809580971032871 0.409316011826975 0.420760090554621
-0.189512830345466 0.976444058084248 0.103159529692687
-0.758207644887639 -0.642710820758633 -0.109745014072186
-0.737570827326175 -0.102206598648485 -0.667490139155695
-0.416685288081264 0.13002311344631 -0.899704040596886
0.842236170001647 -0.06698533175064 0.534931022909696
0.0811729651837701 -0.766772588372952 -0.636765849777701
-0.49162006198326 0.777138433926532 0.392893839567119
0.542084182921425 -0.827423600596353 -0.146679663902595
0.788969226835678 0.434497902290234 -0.434441172095485
0.558018856066021 -0.820446290637268 0.124430062502259
-0.589922130776189 -0.788315733328783 -0.174786109879427
0.901875292582897 -0.221950281500648 0.37061979058099
0.181388128191673 0.778540562258469 -0.600810236155634
-0.347487531713928 0.444984523683736 0.825373363384911
0.944099126941588 -0.324130909282689 -0.0601331202891403
0.0567449781389856 -0.823417919263921 0.564590947227354
0.318631424992093 0.924422220563894 -0.209565200200863
-0.623054976275996 0.605564230913225 0.495070155408496
-0.45118440890976 -0.504431639487286 0.736193826543608
0.121605190873454 -0.431790574927817 -0.893738819206224
-0.159067462660174 -0.166745272736277 -0.973084557653115
0.261419290050293 -0.0126021676915448 -0.965143067197333
0.559865090651549 0.236835523546838 0.794015122687237
0.497193179575708 -0.0763484192326855 -0.864274181648433
-0.818552525988246 -0.0222081100849497 0.57400223174193
0.500828669667807 -0.536453095175384 -0.679256004990405
-0.984218941919038 0.129853338306685 -0.120213081228207
-0.535669732186446 -0.801932851245876 0.264502627797836
-0.223031581621639 0.624783099059026 0.748266658838645
-0.915812827716693 0.278778926382322 0.289083335380431
0.948177814081307 0.317738325643119 0.00109055100846039
-0.1748133211588 -0.737859098603635 -0.65192350268514
0.0847772825404893 0.452858426180036 -0.887542707819061
-0.341881400606688 0.901871257690281 0.264093435115983
-0.636850701133531 -0.485980108168569 0.59853531134779
0.706749709763577 -0.669486036736371 0.228677271201416
-0.413729591687443 -0.685863619957651 0.59868098331309
-0.390090120414688 -0.891547639917537 -0.230157562796282
-0.841282878391293 0.51234322962012 0.172474733187462
0.772325292585707 -0.344193419655567 0.533895619291082
-0.702395118076279 -0.340938387874368 -0.624821665578458
-0.51606402081369 0.773782022834138 -0.36734086018345
-0.231685680557017 0.690143006451019 -0.68558323788697
-0.0788370490601905 0.948322306310818 0.307358948216597
0.59104134854454 -0.0110484280394161 0.806565593456917
0.749517113575118 0.258108990857873 -0.609593180158993
0.0874613055570617 0.980759459264415 -0.174531954362594
0.888234489432272 0.197091795465844 -0.414963029609916
-0.81308949880296 0.475238574097769 -0.336204944380464
-0.0390033641084487 -0.997177091398564 -0.0641606263850643
-0.839836578310537 0.538273956873292 -0.0702543171884688
0.622164674952 0.557868990491119 0.549266152871532
0.93727681709935 0.240282391514591 0.252540175924822
0.0632005687801909 -0.276382708205842 0.958967302211428
-0.299724590330753 -0.837026983243344 -0.457767407395513
-0.164342578807214 -0.948990952547678 -0.269086768113272
0.203269928996585 -0.0774710091599782 0.976053061419029
-0.793816109423224 0.456764709432853 0.401524575383498
0.932170346009121 -0.0397527411876298 -0.359830745753201
0.697400961197743 -0.149497548321948 -0.700915388878138
0.845723930392517 0.52837186970464 -0.0746605710281956
-0.345925299783356 0.902830135858509 -0.255408364693684
-0.34202644455118 -0.338106548406365 -0.876756450305564
0.987884595784488 -0.0919989869818389 -0.124980845756601
-0.52773403816937 0.303551825757189 -0.79331776359598
0.993758746157531 0.093741835871945 0.0604650530700961
-0.921771649083511 0.346603936584042 -0.173789349760883
0.648924023306855 0.0788033845811008 -0.756761282409326
0.00519293326468206 0.66644375499533 -0.745537225678124
-0.36094678779665 -0.829991795589141 0.425242325779072
-0.870404916458825 -0.454719585487246 -0.18874686746702
0.68988492066215 -0.387253381591166 -0.611631927460614
0.0259869979783214 0.604290007193981 0.796340544705325
