# command_history: dirgen -cart 0077 dir0077.txt -force  (version=3.0_RC3-1000-g3151ed7a-dirty)
0.700060094278924 0.247196901558925 0.66993250126998
0.559694716939864 0.0174935166394889 0.82851421273578
0.33670143844805 0.831606828351556 -0.441658492940053
0.141099991915364 0.728839589254837 -0.669987794975644
-0.0392685442171571 0.989608454409377 -0.138322407427536
0.390251831204171 0.731977367554185 0.558491397991265
0.303656737080112 0.470886856956753 -0.828286275372984
0.4507148408253 0.286601821106344 0.845408497945432
0.176360773535691 0.266256378821952 0.947630950473081
-0.91742141473237 -0.375955269652142 0.130367108624997
-0.770661477108528 -0.615841058266409 0.163770200751574
0.469130093015497 -0.535757062179042 -0.702055073446915
-0.298375396520762 0.0049982883474526 -0.954435508489009
0.609128690802673 0.420170392286918 -0.672621051920381
0.617720279926432 -0.0324197089724322 -0.785729354318492
-0.480989708830287 -0.223257758024121 0.847823609886749
0.634587304866491 -0.250878486755093 0.730998589181783
-0.767984903966308 0.629352579271677 -0.118804537977083
0.122815169317575 -0.294244176801961 0.947806308590332
0.418436204982413 -0.731475424194007 0.538381691887934
-0.155042847596787 -0.904796753911322 -0.396616375759517
0.885567185021134 0.171212595140527 0.431806679057874
0.546730139308067 0.804538183402845 -0.231957897513819
0.443908493783017 -0.255710246789425 -0.858811689972945
-0.586673828370773 0.754454909874515 0.294298501645895
-0.0462690165606962 -0.516375297563433 -0.855111530838395
-0.42156012280631 -0.642899775474763 0.639505231842578
0.236676549664348 -0.464535332412997 -0.853341160251236
-0.989740138536021 0.118010123593173 -0.0805485499572917
-0.58059691116236 0.814076216720154 0.0136799166418754
-0.846726411813935 0.366819319273856 0.385354344135581
0.860420041739024 0.489782245112716 0.140679437538556
0.0092950965746366 -0.0188203781463131 0.999779673001056
0.549699913482118 -0.511492883482552 0.6604582009972
0.32098373375624 -0.944789260320745 0.0658991369175866
-0.319645681441596 0.0050315983007156 0.947523784057307
-0.891225551863103 0.39075305958285 -0.230280398933451
0.00920991873230472 0.535069272672803 -0.844757983589585
0.125234068707228 -0.882390658601115 -0.453545095496053
-0.121107740760169 0.232063406555188 0.965131851337406
-0.957478344365252 0.14018743454912 0.252156108920867
0.394868012539175 -0.280727570229041 0.874797853213336
-0.963532574331405 -0.208229116683791 -0.168064312593077
-0.580971235145691 -0.50869558646178 -0.635374869071476
0.788388356380508 -0.589484969739072 -0.175929730220238
0.17220907046718 0.253025764342976 -0.95200945301372
0.0408960696100432 0.901819171527721 -0.430174026825779
0.524245023783211 -0.807602249193703 0.270084731400746
0.31882620927697 0.537465928952097 0.780692143865773
0.667165652834466 -0.560607207295389 -0.490519674229714
-0.244060835651025 0.900951261583424 -0.358777274576527
0.282168339662905 -0.545753865431076 0.78900807756253
0.796578012557781 0.435377487545394 0.419416157590712
0.989605719665681 0.105722741252552 -0.0974844684399303
-0.458833641916168 -0.888365047304525 -0.0167102296086778
0.428101697839296 0.853943114224902 0.29582105059476
-0.685626107730925 -0.721945073515097 -0.0933389052058328
-0.91389141492982 -0.140733816528765 0.380784026191776
-0.0843487961858226 0.982830078476158 0.164104592941674
0.788496611327343 -0.0383021284481813 0.613845290673176
-0.16890595579328 0.700066366198025 0.693813995978643
-0.244893109334166 -0.950065486991707 0.19339838527727
-0.395552057906638 0.759654893193567 0.516200554758414
0.794481152620863 -0.342453709504037 0.501522835947826
0.75154366713744 0.177083775926953 -0.635471047876347
-0.68966588829702 0.600635227526051 -0.404472849489569
-0.349093254308559 0.907501275873105 0.233613642762885
-0.642551634604648 -0.668220608862035 -0.374978152375504
0.926354874711213 -0.3715679549231 -0.0616757729828948
-0.635377306887696 -0.632505269623098 0.442981672071375
-0.811666904528722 -0.407511259511638 0.418487048143668
0.929977816343339 -0.106779220830304 0.351766199496411
0.677735850397237 -0.311100555746009 -0.666251124802697
-0.112613327638438 -0.749520302932799 -0.652332395278453
0.144596101189933 -0.75908692936244 0.634727501524688
0.189805210620817 0.976243149857052 0.104514565388604
-0.833334517753916 0.100431752220584 0.543568803985063
