# command_history: dirgen -cart 0191 dir0191.txt -force  (version=3.0_RC3-1000-g3151ed7a-dirty)
0.454809115076323 -0.600443762697728 0.657735476221928
0.776035374514395 -0.0182563331692507 0.630425097693228
0.348581428763788 -0.348726077121497 0.869989143987698
0.820921131699709 0.516834898721806 0.242837770933785
-0.312813706542885 0.58053005704345 0.751752910116103
-0.114014342157615 -0.223003284257795 0.968127194635397
0.420702713821054 0.828738570622322 0.369055020486744
-0.158008975926903 0.336070889086101 0.928487760304576
-0.0459643083913588 0.139900219954101 -0.989098180572029
0.955648403710281 -0.290485553140289 0.0485208398811602
-0.983721872604054 0.0325538686611882 0.176724426708826
-0.367909605397905 -0.0346402035990899 -0.92921610971322
-0.361376102048524 0.931547053449257 -0.0403410470640132
-0.179830945143807 0.442949028574695 -0.878326243063146
-0.383348526676424 -0.751407904556017 -0.537056857386395
-0.109452543596563 -0.791424912403737 0.6013873533148
0.812953790132872 -0.439738013850126 -0.381754651947747
-0.098888668352391 0.909949595196702 0.402756459256521
0.0222021536712592 -0.998639898825466 -0.0471743240144541
0.986632516985492 0.0391015220834604 0.158200339435884
-0.188611115256467 0.898438943237179 -0.396526559610542
-0.767861875761993 0.212459298761051 -0.604358491394997
-2.11911419793564e-05 0.591461945139425 0.806332913257808
0.845947427059522 0.0939490768169785 -0.524925253361478
-0.639793951176315 0.162102149388389 0.751256675978233
-0.512003387906561 -0.406708149184729 0.756598316254362
0.452570018200403 -0.627748307476117 -0.633334383313394
-0.593613672845263 0.634117027165958 0.495498136494341
-0.473269150608892 -0.781046435045472 0.407409839577664
-0.522395873233087 0.0510123602831013 -0.85117582832655
-0.863771209519372 0.0913088467953841 0.49554211940292
0.823130551857728 -0.525195680965722 -0.215929598002088
-0.592598128339014 -0.800088114771025 -0.0932012172197607
0.995927718109168 -0.0899408891189496 0.00621423900075211
-0.474015571501949 -0.850721571087277 0.227116812368606
0.140599462746901 0.0363832425010861 -0.989397822284035
-0.198495775892193 -0.570976713712691 0.796608447953455
-0.715132454627792 0.588104818090604 0.377780750272757
-0.935516062706072 0.155324654768381 0.317307340034883
-0.170271478637726 -0.984771699490009 0.0351044647599443
-0.130928730353975 -0.97916312460205 -0.155232866969103
0.70816462909507 -0.67729088903413 -0.199449015364829
0.314350388763912 0.94659068626131 0.0717628439188353
-0.501548576294515 -0.607726087843142 -0.615725610781146
0.281537433707712 -0.845689666872856 -0.453371437968642
0.327655231463358 0.935007531994255 -0.135657526177892
-0.476376089893328 -0.0759256323849754 0.875957258845936
0.145165112957874 -0.613931061424664 0.77589673397812
0.348674293748058 0.218352448692139 0.911454027929791
-0.188055456156938 -0.510811830469022 -0.838872111386768
-0.0216396382830105 -0.990142942533588 0.138378753448311
0.723898289866228 -0.5248660176234 0.447757668245787
0.338302956702049 0.445883363053123 -0.828697252341945
0.0337514057402931 -0.3411143830822 0.939415680231602
0.158400011290907 0.655196263118484 0.738665887406894
0.836132898163676 -0.352423645718743 0.420332428616591
-0.0537535817481034 -0.859909636651118 -0.507608086267143
0.129734001895648 -0.962917388383025 0.236556952765619
-0.445226964568655 0.754393528214645 0.482351899145055
-0.905766746313725 0.41528789667825 0.0843952850863375
0.913682466831014 -0.210763147626327 0.347510065189825
-0.475412094954694 0.856513175665838 -0.200919187440152
-0.822968301665269 -0.565559348605064 -0.0535331454297039
0.934520857292148 0.163699453463588 0.316027302968703
-0.664047238757012 -0.351409691428032 0.65996400922296
0.278039764236644 0.923903259290991 0.26286242975122
0.874580857222088 -0.475848919761814 0.093145744627399
-0.0397262306576081 0.859306325077645 -0.50991613651589
0.484488667573559 -0.431320627401102 0.761073746342046
-0.492304710096119 0.110575636686272 0.863370778396282
-0.161589333730008 0.508851935260177 0.845552242742378
0.323977511276284 0.883756533215415 -0.337658055118335
-0.909528737536115 0.349241374132017 -0.225361793989891
-0.971579618714357 0.154239472465021 -0.179563998709588
-0.440996819813928 -0.262294304460906 0.858325988632158
0.81651822136289 -0.502480352039877 0.28427361818548
0.789603838335716 0.44700380797901 0.420372898909729
-0.401494243462892 0.90514424274075 0.139700652466031
-0.473829401224885 0.465684124604386 0.747411529631644
0.863550047638396 -0.119173950444009 0.489978453362281
-0.688073641101158 0.652881618573755 -0.316702157476562
-0.178212340768522 0.982017148804356 -0.0623111631408607
-0.200650373193705 0.251856407424896 -0.946735326147837
0.751533778285681 0.638840819869333 -0.164558156784546
0.933123791851995 0.0309478495041523 -0.358220909064257
0.966780245943284 -0.221046606622227 -0.128352459090745
0.308145381391854 -0.924926557149431 0.222614662155415
0.725807760993649 0.583366369612506 -0.36453638074479
-0.0246332158488103 -0.0507592629792037 -0.998407082255907
0.468532089170636 0.883149407486107 -0.0229086331835554
-0.604194151257066 0.499755814635201 -0.620639632415672
-0.00367459782694222 0.526217134935684 -0.850342298272226
0.219860502818336 -0.969006635457699 -0.112638802103979
-0.994631188118151 -0.100614277828915 0.0241984858956305
-0.716924301200463 -0.67097954475972 -0.189224725821617
-0.188868912759658 -0.137127741185319 -0.972380849456835
-0.0144332531547951 -0.747634064513619 -0.663954054722324
0.0925848244239409 -0.751412272609683 0.653305171308126
-0.717083123490674 -0.69698765657116 2.43372562373862e-05
-0.65650757312372 0.130961669747766 -0.742863949514365
0.942926243501089 -0.0224817512505953 0.332241885044062
-0.241366011754975 0.805023593297391 -0.541922007860959
-0.254358561360306 0.923972726791686 0.285615339937916
0.825893732733437 0.398069618899123 -0.399299537616983
0.88297003953105 0.463019314897889 -0.077311210843104
-0.595153996245576 -0.646601417485395 0.477177459294546
0.582959497100618 -0.643182237268188 0.496462319217564
0.896884076218585 0.216799586945922 -0.385482675260008
-0.166633201283812 -0.32309442779678 -0.93158111131376
-0.326560559048026 0.0550445607850369 0.943572094544038
-0.733726421464184 0.380762910745484 -0.562730081163242
-0.595465815886829 -0.214478628482066 0.774221789950841
0.326112965490113 -0.41053002613504 -0.851537099239257
0.765462972227838 -0.627872659863836 0.140862916140607
-0.286079251643412 0.683024126429861 -0.672039213509056
-0.206890508907047 0.0522708419614592 -0.976966773439519
0.965128782620765 0.223968177514868 0.135516376935148
-0.731153644344472 -0.1508393279669 0.665328374188484
-0.201915874278469 -0.776512526142388 -0.596873752529234
-0.915541182798786 -0.329732527801378 0.230349305857678
0.0148707324784901 0.938373230056796 -0.345303551137734
-0.296895009302389 0.731705962638383 0.613563148902191
-0.303833646968332 -0.124035654648249 0.944616467856613
0.707131640188081 0.475911868426361 -0.522946208453454
0.372494890268759 -0.845145734058302 0.383374809979373
0.622117861752946 0.725906233786551 -0.293307868693917
0.607082848279966 0.786115044873467 -0.116075628569789
-0.791818401499795 -0.282819571119894 0.541328651779922
0.0136298291610249 0.428819761211929 0.903287241220192
0.160318565575944 -0.149410409765161 -0.975691799179166
0.56407745139335 0.534264412992032 -0.629585709685236
0.00604427793018771 0.238749092804995 0.97106247862282
0.327229375492651 0.646103181781166 0.689544497698984
0.640246387021485 0.253983175839402 0.724966971865938
-0.89348265844951 -0.344408663026319 -0.288221116302085
-0.872040707421734 -0.0760926062082302 -0.483482078137176
-0.769137442658438 -0.172109206954937 -0.615472188796684
-0.447906518534919 -0.874841006757958 -0.184480252462565
-0.629253966749094 0.318072840965611 -0.70913264850139
-0.759731094998611 0.0410757051476857 0.64893871031002
-0.581605019747559 -0.440566431003333 -0.683839762574118
-0.411208197385292 -0.506777731842981 -0.757683409420598
-0.304869023045319 -0.800449492233987 0.516077018641352
-0.270738889358629 -0.300195377828501 0.914649216322443
-0.514875280389572 -0.141608932378604 -0.84548823523119
0.440235487967626 0.68797914641452 -0.57695529223039
0.330217590146223 -0.236099544554715 -0.913900075620457
0.966305855456659 0.152428726795297 -0.20740896064958
0.603894681360953 -0.506024948556575 -0.615832741304218
-0.656211235119746 -0.535130656737247 -0.531998115713374
0.395091549677371 0.575446610855489 -0.716075321058103
-0.551263220006331 -0.697567504799483 -0.457720917717417
-0.905269458554821 0.336784822057861 0.258965617484865
-0.176120862736055 -0.95358776540389 0.24423721129493
0.529202373907899 -0.848340084962857 0.0162464671685201
-0.322315202066319 0.527945790267767 -0.785739239859822
-0.150731745435926 0.674903809655218 0.722346723278172
-0.7274491924801 -0.360331139662677 -0.583934193338125
0.0626795790573905 -0.971586113863422 -0.228236048241642
0.831896056289252 0.498962462838562 -0.242869125679792
-0.566144601214131 0.808034658412724 0.162973253388172
-0.0537884894972084 -0.672246643944358 0.738370671210035
0.680568342730473 -0.732514416468022 -0.0157911538404066
0.733326261951428 -0.415449458367614 -0.53817686783659
0.909840860409078 0.401053963399226 0.106514445836423
0.957290500289415 0.284952545286772 -0.0489586048640337
-0.422617905626199 0.736752542132156 -0.527816064084764
-0.580484136802393 -0.763054379339427 -0.284229099656777
-0.489543054807835 -0.32646539302818 -0.808559178195616
-0.32063675186816 -0.394612795505844 -0.861088157492889
-0.0917025879388656 -0.936836957710056 -0.33753096159298
0.629476778498567 -0.758803736161708 0.167259903497816
0.363784343008832 -0.156564251767103 0.91823122733342
0.585565934448537 -0.737571929379466 -0.336303710067052
-0.628297862685563 -0.0229993040106988 0.7776328360864
0.539900081836463 -0.763012404127198 0.35541521180306
-0.491009918908355 0.29131304653494 0.821003025848348
0.760113392956258 -0.229493963276286 -0.60791459159019
0.254638869510652 0.697609129650505 -0.669701835418272
0.852180838081596 -0.270349664501602 -0.447994283568908
-0.13069206781113 0.812909059622449 0.567537174284642
0.135834406237485 0.421490406628575 -0.896601835377437
-0.846488010027468 -0.266102555813047 -0.461137158196453
-0.429815058543792 0.846339889113387 0.314591493121692
-0.630312720846703 0.33990979881667 0.697973640338399
-0.804979542319501 0.591732630300115 0.0431327101535949
0.657172220321014 0.0635960424285989 0.751052738644743
-0.158634484750936 -0.883310020114653 0.441133209600974
-0.243509521916326 -0.865262753071584 -0.438204838954415
-0.506394927350281 0.241869614438719 -0.827685488072111
-0.698821402664427 -0.61414250401593 -0.3667119195488
