# command_history: dirgen -cart 0400 dir0400.txt  (version=3.0_RC3-1000-g3151ed7a-dirty)
-0.550978999449105 0.764298251778347 0.335067641670493
0.901332031593054 -0.339610527747922 -0.268821982484905
-0.676566486207337 0.656842544365289 -0.332889864148475
0.471350890272151 0.350631835344637 0.809250056708371
0.0411770965062864 -0.0452230194864769 0.998127910255914
-0.028685589744595 -0.774855232768794 0.631487533678871
0.609319191584224 0.424529069978134 -0.669705301987858
-0.494769773536637 0.601259136057313 0.627447465930112
-0.432025336195374 -0.651409194458567 -0.62371481484739
0.818344771202575 -0.538331454301549 -0.201273646449267
-0.470938962735149 -0.130424798240191 -0.872471125815604
0.480019370348703 -0.0270100909437872 -0.876841980676817
0.416674162934153 0.561197324599099 0.715150477036782
0.464396771870429 0.884881225957157 0.0363435582309223
-0.738767937997467 -0.5712816774267 0.357574018663978
-0.768254955721155 0.483846452468152 0.419138322566513
-0.349845915585262 -0.354128887308304 -0.867294970884815
-0.119466594631859 0.862462786044575 -0.4918187424807
-0.0716382876427119 0.555646836943105 0.828326353763263
-0.966055619089351 -0.208850459961515 0.15204613181451
-0.163079390778461 0.475226908583218 0.864618122445837
-0.292354610457554 -0.557944773437165 -0.776676516664668
-0.920506992600757 -0.38994837175373 0.0246402909829679
-0.694275990358797 -0.719702915727208 0.00292614166915365
0.991051696679753 0.120406684946823 -0.0576087209396148
0.867976065145028 0.131111109225174 -0.478985832121472
-0.551666473460587 0.834063339464263 -0.00156455146348463
-0.92229873544853 -0.284663242916902 0.261403673887871
-0.837309681456447 0.525233800989688 -0.15179575632154
0.654707707647294 0.0748327707930537 -0.75216878023663
0.417064222092377 0.895631912361899 0.154599198605452
-0.679893718057901 0.590500896665927 0.434802510551789
0.69640619253601 -0.707567759747056 -0.119859419171088
-0.322931169085918 -0.729916537736113 -0.60244278398212
0.278541781066719 0.260238122884263 0.924494778567113
-0.876032770606095 -0.462169254118773 0.137717701736221
-0.899383407388276 -0.223133688787491 0.375926646359022
0.55813222504938 -0.273888562268259 -0.783245475454569
0.258192686350549 0.229269060728265 -0.938494664080658
0.209192715634287 0.799143019440499 0.563567957042516
-0.558187255566895 0.104690301448975 -0.823083791910168
-0.519041727433448 -0.0140829818262095 -0.854632877208562
0.627704349777283 -0.164617173351537 -0.760847182756451
0.549928899221337 0.0870926842821832 -0.830658214999246
-0.162700040223369 -0.516164447423714 -0.840894143235096
0.181843353575667 0.957980092110859 -0.221826819567936
0.135117692052099 -0.619965536566675 0.77290746067308
0.883935672131241 -0.356820930689209 0.302219375546931
0.0969975480851305 0.860222324418924 0.500608657772492
-0.788558196665287 -0.382043008146086 0.481891181075853
0.719395843594205 -0.494114291624615 0.488180998228819
-0.188773710943794 0.949044252215924 0.252347960943667
0.611559249450828 0.197911021076298 -0.766046024823363
0.729340040578946 0.592218679828435 0.342549471566616
0.653458715065264 -0.610558244487147 0.447448698505234
-0.0519716114982868 0.702484888321976 -0.709798515973041
0.940397552078083 -0.331061087106752 0.0777881780815367
0.656356623975027 -0.28896699840141 -0.696917538880307
-0.958577647470252 -0.21841584630248 -0.182820709588298
-0.728776341058984 -0.514240758691415 -0.452152061604453
0.536810833676577 0.532481133010688 -0.654444781349132
-0.80746984664148 -0.575430715604405 0.12989202555888
-0.652923976256377 0.74852523626817 -0.1157594570618
-0.56406674521612 -0.317621223350494 0.762197786285573
0.392785624673293 -0.474680006956265 -0.787653695507112
-0.6359951724508 -0.534936276198724 -0.556195398242309
-0.935407489557005 0.114980681648224 0.334353512510893
-0.201156529933531 -0.345375180407051 0.916652625166097
-0.919575938374628 0.230061814007657 -0.318514764646679
0.0523293007998496 -0.663653184350247 -0.74620780964794
0.739034946914309 -0.67360668246685 0.00902133999853223
-0.657189292616653 -0.673985296845892 0.337410807926448
-0.73844715930304 -0.63081649354924 0.238256887378964
-0.342044120858307 -0.864046366721009 0.369363906659127
-0.259809433475287 0.627869134111172 -0.733675274701102
-0.129764649963317 -0.82852188411441 0.544713340357482
-0.0265719399924361 -0.49167985167468 0.870370527684734
-0.122675596515998 -0.248619140402009 0.960801343174129
0.119607724126388 0.919194331944765 0.375200976078051
-0.626950818338098 0.344414228830105 -0.698792895187518
-0.360969229103003 -0.798825673225363 0.481226307922612
-0.363491454259077 0.929357626298063 0.0645628772767422
0.750657929628271 0.651635728129694 0.109011698964292
0.557714509863498 0.768442739627818 -0.31376787821734
-0.315134570514225 -0.914614995335794 0.253317217681153
0.542828145026746 0.633385312934432 0.551507615836603
-0.754211806888949 -0.292997191008073 0.587636959704447
0.964668651479541 0.261030022794962 -0.0357452102009013
-0.778370220798119 -0.315053555460682 -0.543029517214553
0.0864735919748144 0.787300171910892 0.610475844894828
0.47221992002716 0.717578413698623 -0.511946840329453
0.462880002569295 -0.774881759023759 -0.430465286351519
0.179254002078483 -0.411435663785526 0.893637900552685
0.484791378203576 -0.69379398744866 -0.532566636769115
-0.374712561364826 -0.88410008576217 -0.279208765461857
0.242221158198706 -0.969922176385436 -0.024080744934855
-0.124037652029237 0.875311576090268 0.467380258078413
0.0897203398094397 0.401955734474498 0.911252900213517
0.178151979547423 0.128486596706623 -0.975578324200617
0.472523609717373 -0.201229671432346 0.858037328788727
-0.834357857195352 -0.260359203123769 0.48586011514132
0.118837726246977 -0.992683273586422 0.0213895573164418
0.814728127967489 0.523102887751576 -0.250162839615626
-0.503326166540716 -0.210421097324519 0.838084561292101
0.0473489374128116 -0.957584135374478 0.284237052132532
0.74616484860011 -0.294845396225945 -0.596912230598385
-0.143963620967872 0.916582452109709 -0.373029602474618
0.267667151990043 -0.90428699407018 0.332594840761336
0.417535425082117 -0.424789732892362 0.803254537261217
-0.0649354904036293 0.976069117477248 0.207539056548944
0.534836605093094 0.238439190565197 0.810614926000692
-0.203290321170748 -0.159344762031289 -0.966065366386502
-0.0927835434926454 0.167923085759571 -0.981423991619286
0.849361744725327 -0.0713053555873465 -0.522972439868213
-0.714847886621893 -0.428212225371423 -0.552835227743916
0.0929578843403231 -0.791353639466816 0.604250154357941
-0.328012421540913 0.942110350841116 -0.0695409099228327
-0.546442543679261 -0.706759698137248 -0.449323130437646
0.0153142385034734 -0.0764692607696072 -0.996954325060285
0.299479461980483 -0.932431719628669 0.202195796400924
-0.531871623412156 0.412638561164099 -0.739487656455021
-0.703258456542714 -0.41063576502876 0.580349732299762
-0.339377710127051 0.781110327213289 -0.524108220303468
0.391492759379563 -0.584638225953822 -0.710585367219832
-0.341621490515403 0.844796211797123 0.41184234574806
0.557523428009772 0.624065917282382 -0.547457174678285
0.99370140589037 -0.11163897289124 0.00970853558940947
-0.83116147764788 -0.546122780444291 -0.10450122848077
-0.460927387424186 0.752608916544066 -0.470240111284311
0.530068739149018 0.549375763127895 0.64592058541636
-0.19582140656908 -0.974005076622365 -0.113877510699732
-0.785472671289801 -0.618814683402305 0.0100533707069153
-0.975919423961746 0.0790648360734933 0.203297883980246
-0.138440112234802 0.290556142116014 -0.946790084233604
-0.102698106013212 -0.994312441720431 -0.0282111194612056
0.830388261032168 -0.280580827543877 -0.481383147975461
-0.88784930306461 0.0438381772556725 -0.458041296459813
0.153506066971687 0.468188215896851 -0.870192899246028
0.341979186361278 -0.530747064031201 0.775472623706304
-0.447012599916528 0.893917643771768 -0.0330300116469322
0.810239693841671 -0.431594312890683 0.396532454666419
0.478361491947123 -0.872231401391693 -0.101895365195896
0.145944644400174 -0.799980649000604 -0.582006118520655
-0.833890734829334 0.477117910674231 -0.277461243563222
-0.341650818101415 -0.620091256507918 0.706230523337151
0.788153088336278 0.573038286055077 0.224592591287085
-0.883923694895991 0.180839373769514 -0.431249373908033
-0.350855201040687 0.194730131910486 -0.915958953026184
-0.412899220731395 -0.895195142734994 0.167749485671582
0.441347295581934 0.802053063866022 0.402397126512653
-0.829365140844636 -0.0446238505109884 0.55692205479522
-0.0675393365338399 0.202649893346945 0.976919371671501
0.896953132422906 0.431396594885435 0.096809380526827
0.70816546762058 0.187300399905816 -0.680749756272338
0.404660743391038 -0.13646562822579 -0.904227192176365
-0.0639495623165989 -0.17836336074452 -0.981884394938343
-0.210258982939637 -0.373475137523392 -0.903497361227509
0.454385317418069 0.629747608173577 -0.630041215568108
0.863475767910108 -0.498607183108654 -0.0761608507338417
-0.00224869362077726 0.905359898626131 0.424639137782521
0.77384863972745 -0.377066011345839 0.50890029070508
-0.799435204035914 -0.404345537186031 -0.444306246980388
-0.996243405886783 0.0238540960824293 0.0832469718800154
0.73258847502349 -0.64274449312024 -0.224039377847652
0.727577790613105 0.497125834463644 -0.472754125646069
0.331248989568224 0.85892701772228 0.390536150870494
-0.741662551069407 -0.219313375800632 -0.633907172649237
0.864584252814561 0.0778612531023472 0.496418870562371
0.387032593380435 0.215646556680504 -0.896494469728095
0.278975851407687 -0.657514191722166 -0.699891107255481
0.143320845362604 0.984667506672633 -0.099443635229456
-0.504990605552591 -0.859325364379018 0.0808975057618931
0.543088292559201 0.767705031320038 0.340123641299795
-0.876131573616432 -0.40763429367895 0.257347524428075
0.00781685417015955 -0.600904000182489 0.79928297827213
-0.85622798013693 -0.287881916984559 -0.428949470105663
0.904398200995621 -0.0170631952777791 -0.4263481457715
0.322843625143474 -0.242184645907039 -0.914941851152904
0.968018185318451 -0.250169018411475 -0.0188747217148262
-0.938645570177697 0.280720045186258 -0.200351565545199
-0.20710162297159 0.971635449231723 -0.114164230645164
-0.175092401381007 0.95326581609825 -0.246225374072557
-0.686491310778966 -0.333658108050885 -0.64606651914248
-0.271561157359676 -0.441265280771627 0.855300818308396
0.072960725888358 0.372497090032207 -0.925160878115467
-0.274023600997361 -0.45821236915784 -0.845548633046733
0.218885261345621 -0.898116039227054 -0.381414239965903
0.280420878515642 -0.117665097663914 -0.952637945750776
-0.898671323754984 0.252513106305171 0.358646041389807
0.287232314771369 0.937517090439855 0.196365227278836
-0.867273885909814 -0.375457527861737 -0.326906181634493
0.853636067523674 -0.307454631542481 0.420448705273064
0.663533656113687 -0.110076327080608 0.740004249596478
0.836858714240995 -0.458480221132241 -0.299104294903033
-0.253441926519192 -0.790099761347863 0.558130412180066
0.860732489286715 0.3448050400868 -0.374498419512065
0.154896607385499 -0.98096027426069 -0.117149397535176
-0.151909473568324 -0.958596585658559 -0.240865310503503
0.807116778654762 0.46131380546895 -0.368445489180851
0.645349606832878 0.73156419705315 -0.219858387492107
-0.621314467405283 0.552736754831982 -0.555383122223478
0.392346953410854 0.0307708239234198 0.919302466299474
0.720722350730147 -0.178290797243463 -0.669904235526468
-0.479793031989439 0.377350757205852 0.792089043283993
0.2600314215279 0.0423078352434133 0.964672849672466
-0.215762246461068 0.794306446729889 -0.567911896059073
-0.756867626410834 0.567724230411008 0.323790973153144
0.807800608242036 -0.249510434315765 0.534043743986721
-0.793517140808344 -0.170239489322013 0.584250856669232
-0.982449550440645 -0.0645648506345646 0.174997888277293
0.523128926341249 -0.149243584569091 -0.839084309762744
0.858834555232526 0.463456948325653 0.218199137915856
0.0104042485504634 0.99798497616921 -0.0625918441383691
0.17704240558505 -0.0624276724248383 0.982221345899322
-0.504975225878323 -0.431580827753683 0.747487799475405
-0.0547296287801782 0.394137645603974 -0.917420396574733
-0.244281023381453 0.857040880782825 -0.453660346826466
0.310392866626605 0.648567681993682 0.694993690777593
-0.642211046155315 -0.685623131393397 -0.34276215353275
-0.749925585256443 0.546668878371515 -0.372511414587274
0.330861030225806 0.800138492979786 0.50030927507888
0.979751439851986 -0.165668958595547 -0.11243181162744
0.813896557162218 -0.0144891707939099 0.580829112708027
-0.53639341630407 -0.820477691766205 0.197733305893691
-0.769235869155599 0.587537265351146 -0.251149635532537
0.661119511125375 -0.670584325843939 -0.336508029535365
-0.591489311856506 0.603029621080035 0.535252902896926
0.148790152541086 0.746060308004862 -0.649041991959296
0.591173340945737 -0.797084159138261 -0.123170305698679
-0.333408143651519 -0.330819355782684 0.882834958294232
-0.703972749917895 -0.673005336693802 -0.226905672372243
0.0413351603622525 0.148066060987401 -0.988113275946388
-0.279679690634776 0.448512862573906 0.848890736639408
-0.118113279698051 0.326392330418956 0.937825836604352
0.213088554234927 0.916043216525169 -0.339791249905424
0.485824051574337 -0.798901298184412 0.354586670182562
0.264346107499663 -0.304346054473837 0.915147318509968
-0.440736396754193 -0.731536693943257 -0.520197552849588
0.617164914337942 0.444263544239363 0.649413097935451
-0.386226866078896 0.311967409468616 -0.868046740301647
-0.267300950467861 -0.70631091015285 0.655496071748741
-0.0488133273720379 -0.980223971121141 0.191776498847933
-0.35987837358153 0.0123666853909686 0.932917263920415
-0.0296908977144582 0.997085074657273 0.0702837427049123
0.732287697151499 -0.0148873469037998 0.680832648675664
-0.998850546730981 -0.0311504746445636 -0.0364312122312639
-0.947892245736841 -0.307467754451434 -0.083449807936034
-0.757609625568558 0.143531411173249 -0.63673101797579
0.0811143112713563 -0.984466371308562 0.155712659310431
0.804603640019135 0.488368747970735 0.337800160558657
-0.221241158395597 0.526180754753516 -0.821088401549307
-0.424814521068921 -0.535245723739131 0.730099060339045
0.198284264669596 -0.221294285848696 -0.954836210789659
-0.889397100010756 0.422400667945023 0.174786939477911
-0.0383295835079873 0.757262589204952 0.651984826524909
0.436149178090673 0.0959568556060047 -0.894743637201762
-0.860731552166362 -0.508789947342856 0.0165524798184254
-0.774212849417121 0.0637402493049429 0.629707586436726
-0.277933554721967 0.947196400598502 0.159912219210584
-0.0173971599423331 0.913362074417889 -0.406776424883487
-0.588026875000273 -0.123732602309848 -0.7993213605322
-0.761779289273489 0.635765705152717 -0.124476032173449
0.889873223513031 -0.453315517330559 0.0512902312517174
0.311038442699462 0.109772712275175 -0.944036566454311
-0.951937821118864 -0.153248180553433 0.265196870042866
0.0241015678739355 -0.837788599805621 -0.545462534425377
0.915821970917178 0.345061380157866 0.205433107139343
-0.237836153047564 -0.97122306452839 0.0126381656746013
-0.368126433812199 0.770218080929163 0.520813821378149
0.451293887441662 0.330293785046914 -0.828999302000415
0.0609693654468049 0.985524344361475 0.158191349788474
0.944038597018785 -0.29507893791562 -0.14737553303515
-0.653004896142991 -0.604193062455639 0.456656707925941
-0.508829654711009 0.5979749440234 -0.619288582816514
0.645880590820289 0.227146484589154 0.728864004420868
-0.63647113955093 -0.521793643391444 0.568010459617622
0.330050933141561 0.941293876307163 0.0709381417787402
0.510667452101517 0.453227086482316 0.730618889328011
-0.0270417831499778 -0.95551300243647 -0.293706731517873
-0.593494178201182 0.506142670474623 0.625766935500847
-0.650404525426466 0.759548099926969 0.00778698928371497
-0.929191061518953 -0.340297676330417 0.144227121850919
0.448387869673147 -0.254808976146939 -0.856750082582386
-0.963607033861157 0.144798325323276 -0.224710768048349
0.685784319130868 -0.500880265113956 -0.52803297970258
0.236668924024513 0.859808812699159 -0.452456214462728
-0.246200602806912 0.830676054034269 0.499362149578409
-0.18237752276012 -0.625182350280921 -0.758871180167692
0.240354962444072 0.916491763190019 0.319800469094964
0.694879738949179 0.108119919497584 0.710951637881057
-0.171362647646009 0.607866549525867 0.7753277377724
0.0965812422256226 -0.935072493342187 -0.341044712383848
-0.984124094783417 -0.0827766031842968 -0.156996178399314
-0.234519465857099 0.347284747014314 0.907961411418627
0.413997154203004 0.243712903895778 0.877046393748074
0.916767414475441 0.255239227247388 0.307230279481322
-0.0736702018885508 -0.677696661408406 0.731641945537296
0.431740855210238 -0.843293913237136 -0.32008625374972
-0.922147361594937 -0.0945628966143124 0.375102788695855
-0.58150759569056 0.395429626190838 0.710974209718438
0.500345322608268 -0.833191464681834 0.235470892734894
-0.148973179118691 0.0979698250906526 0.983976069462554
0.461882825430933 -0.523107559004836 0.716256055669996
-0.515727364880487 0.826790605165809 0.224594257101519
-0.947939463107393 0.20721334183444 0.241812748318759
0.198345402874161 0.718810072979634 0.666311623898083
0.786259407404606 -0.609960455441213 -0.0987136620012932
-0.280024923460768 0.554179794213598 0.783881877533959
-0.784214473195908 -0.102861108009671 -0.611904610612706
0.310315673483616 -0.904837578198073 -0.291501526361451
-0.630554398968291 0.740233072262633 0.233358412469662
0.0113888937941947 0.306228408935338 0.951889938311713
-0.266985461501339 0.749875036921631 0.605314953019252
0.396151600664319 0.460958034169623 0.794091682380299
-0.62093268281268 -0.777161646697156 0.102285767915257
0.585159055668988 0.34220767593785 0.735175343777111
0.581483558125897 -0.485250429594256 0.652999917463882
0.688403339053302 -0.0511425327229138 -0.723522829029569
-0.0585126373610032 -0.606694116698813 -0.792778985614596
0.386607684293225 -0.876488215774893 0.286884830643195
-0.0738683194301025 -0.702496234187744 -0.707843564876174
-0.436836158137587 0.0854858994079268 -0.895469894494511
-0.366832525448568 0.835683991895595 -0.408737279878492
-0.67957662878583 0.425332481390639 -0.597718902061971
0.577238143891446 -0.689114965371006 -0.438082971294794
0.230683309358849 0.00586159921001556 -0.973011229348331
0.0826816360214979 0.945458116074772 -0.315075701718098
-0.383773206699372 0.622107476949253 -0.682422459290076
-0.374870769322648 -0.925770136656341 0.0492093525942549
0.644463030161673 0.61524741927377 0.454024245863368
0.301230364362355 -0.713017778856468 0.633139727564708
0.201375359500039 0.640283541084002 -0.741272521818502
-0.924584548706334 0.377667634465235 0.050105590216444
-0.983091858592616 -0.172459743218408 -0.0615470107962742
0.275362236837177 0.546098979338973 -0.791170994974512
-0.462245515812345 -0.791570659804187 0.399681089931139
0.722700854947994 0.680635175742333 -0.120163354645423
-0.974767572882117 0.19738986104313 -0.104237333114778
0.00546322774797168 0.852593254033439 -0.52254654942813
0.485720018951859 0.836105831727216 0.254957057837482
-0.30964351563972 0.0759233358520326 -0.94781672294562
0.822816690851566 -0.567730317029602 0.0255925845030569
-0.215427445240692 -0.866423882150728 -0.450444971418186
-0.899093649947892 -0.166927414802504 -0.404679931316998
0.89575187905136 -0.407073937845494 0.178659957189408
-0.160697227092012 0.711581097910362 0.683980074491664
-0.503937388778652 0.313315073011732 -0.804910413160748
0.967931736180421 -0.00606642883373978 0.251140105391317
-0.934731743610199 0.0935623431659418 -0.342815774766471
0.828166964033645 0.197846699273823 0.524400765893556
0.442085899231864 0.850540348145797 -0.284852898662416
-0.881567316687349 0.162123691756938 0.44334520942463
0.547304179646917 -0.662649662364201 0.511227503084122
-0.496090054109772 0.496063427578078 0.712611909830907
-0.223972581248963 0.183646458349767 -0.957136490362928
-0.00889767087475038 0.271839827210014 -0.962301376802213
-0.84110963119451 0.372079334585398 0.392544974603323
-0.568028597899701 -0.702310821187289 0.429072281103471
-0.951568556860136 -0.129371965741202 -0.278890975249068
-0.0384994923869198 -0.503642509016064 -0.863053887192424
0.590283316370313 -0.0374406148747317 -0.806327357078171
0.576978597416353 -0.716505685209391 0.392065429725804
-0.764882350664795 0.392704024283579 0.510625634837286
-0.596903573318789 0.758513350231453 -0.261464379371106
0.385977911203053 0.445472298106733 -0.807821442945676
0.0531141537262749 -0.424605684496351 -0.903819063401147
-0.385234868453371 0.683275190124155 0.620265355060649
0.927519594913533 0.0424498012929955 0.371356184035786
0.372128240877157 0.717902393564219 -0.588333855609584
0.141489990279714 0.275536846289922 0.950820713377264
0.587825582644203 -0.226082126372904 0.776754759575833
0.53972112877161 0.831123880750434 0.133918624559238
-0.397053988480081 0.896147420440635 0.198161376331655
0.585391076200414 0.810600472226338 0.0156256945880347
-0.605638530190213 -0.762472842360047 -0.227677700735994
-0.339210191604774 -0.1460938949102 -0.929297056802301
-0.956437740853183 -0.00753964795118108 0.291838999416513
-0.0965054815299436 -0.026420785086202 0.994981725535752
0.124847507199999 0.57229150402456 -0.810490921829019
0.0983992667476126 -0.512652752352205 0.852938883982458
0.804072095812826 -0.184647317004355 -0.565131341422737
0.367127733155254 -0.354380779404043 -0.860018308373297
-0.729509887211354 0.304744413775177 -0.612328479440325
-0.675924641316563 0.402420786771305 0.617400509908632
-0.279914324779097 -0.950588979656579 0.134270482753756
0.683544264172398 -0.226758948435329 0.693792201038264
-0.109822408641596 -0.89462886084184 0.433103036134579
-0.747567340188527 -0.0625114211249825 0.661237774263076
0.4211124799612 -0.893620939341886 0.155260735508541
0.426636945069519 -0.693582348117069 0.580451930380252
-0.989758853321817 0.0575330289226298 -0.130642117458614
0.630776860416198 0.00706240728217857 0.77593213283564
0.832684882174197 -0.129331819393344 0.538432138241164
0.300408667389162 -0.421698301496705 0.85552625621442
0.691374058948526 -0.690113952995217 0.213879972167463
-0.176654181781814 0.714913762169829 -0.676529092293287
-0.664442115328872 -0.308599384001395 0.680649025248148
-0.551766696871803 0.824465380391649 -0.125739209313698
0.654858094983785 0.747230962279561 0.113166975946914
0.122845862748188 0.0581604139721396 0.990720071590479
