# command_history: dirgen -cart 0073 dir0073.txt -force  (version=3.0_RC3-1000-g3151ed7a-dirty)
-0.118979845574493 0.894590557011056 -0.43075692873559
0.983568271133027 0.000199664318742269 0.180536467658331
0.0593160268193123 -0.604789691681157 -0.794173178720222
0.598820676031087 -0.79598928079603 -0.0884017127407159
0.275384895086471 0.631507711399379 0.724818025439028
0.617986349546912 0.701908013505199 0.354144055930447
-0.950496881144519 0.296730916363784 -0.092230375736254
0.401553324758607 -0.795137010223278 0.454435982673573
0.826582071487288 0.41906262392513 -0.375697479795604
-0.0330671610729134 -0.585720879806584 0.809838017023886
0.667919036849589 0.684716795933223 -0.291628307235184
0.738903359581782 -0.0642454664273141 0.670741638220181
-0.634978114018355 0.61271032067011 -0.470519773933066
0.558619377140328 0.550064874143394 0.620784202212785
0.880009527521955 0.118827259782948 0.459851404045983
0.375082385289911 -0.910565058132923 0.17373681001048
-0.783073766274374 -0.420140223844659 -0.458560431001878
-0.45088024686045 -0.87785234041793 0.161500066296651
-0.163294467768978 -0.930574658631036 -0.327667089451742
0.0537455830263887 -0.988951746679425 -0.13815156548106
-0.210826795116201 -0.977485434906502 0.00861899104761675
-0.0442010847342555 0.0277276811540034 0.998637792097884
-0.630681556525579 0.748054030381615 -0.206533149611133
-0.159374732618971 -0.420327785286735 -0.893266056401216
-0.458655119466657 0.549807715322526 -0.698102397617177
-0.236714871920702 0.443404170413193 -0.86449916776811
-0.254107657122532 -0.4035103856933 0.878981608015402
-0.910044916723122 0.164291623284469 0.380560786294331
0.658579969839539 0.752308318130368 0.0174533033552257
0.719161996054245 -0.355093270977706 0.597256052575131
-0.61958137677192 -0.543390876192418 0.566432055261925
0.967150953949239 0.235547847183946 -0.0955837013412086
-0.0521566480585547 -0.804767452793761 -0.591294369148851
0.109181218045411 -0.315337304085864 -0.942678018348778
0.305779236098228 0.118831674054374 -0.944657658632279
-0.808782546854572 0.588019245747399 -0.0102058088406301
0.750334384818113 0.237332203218652 -0.616986009788718
-0.897530076615417 0.394494812000343 0.19701168715469
0.0850011298013151 -0.984611345762007 0.152693502576991
0.16969530960928 -0.899292912055045 -0.403082820552015
0.765375794498755 -0.391489143569289 -0.510819090934143
0.353202496473608 0.621342962057175 -0.699414698148979
-0.575255676565696 -0.0350599367263711 0.81722194501597
0.365722242964077 -0.174059032778482 -0.914303392813099
0.271101259441518 -0.146203372301628 0.951382510379949
0.991389763386901 -0.0676957572946034 -0.112087561736235
-0.277603771193639 0.728158006396606 0.626675405564628
0.00168894434252961 0.27176098327851 -0.962363297011324
-0.468432024032336 0.796964648661068 0.381338153933631
-0.120777743038836 -0.794241621829064 0.595477105303624
-0.340358142107384 0.932138680407877 0.123587279234848
0.852763121097249 0.513004806484823 -0.0980873479096439
-0.595237610052267 0.293760801894089 0.747928324674101
-0.551017773124044 0.584462949075258 0.595636193376185
0.348110321944273 -0.475935498468423 -0.807653765578709
0.512246972026273 0.0432566668000442 0.857748156761217
-0.776401784252836 0.071308979392333 0.626191104110428
-0.810773003684133 -0.554181960513191 -0.188492681923637
0.894065513176052 -0.188974739654324 0.406122402634752
0.368536034096478 0.78961935517963 0.490593992521458
0.196974446555654 -0.713738141490929 0.67214502362598
0.518224523909384 -0.266205349851366 0.812759530568177
-0.718201907514024 0.621841819561528 0.312247932719538
-0.433768140896599 -0.883183830267792 -0.178413906118949
-0.229715743934689 -0.144904242437687 -0.962410223092052
-0.524427863279951 -0.338613165393753 0.781227585558554
-0.179836927510873 -0.930175792626476 0.320049487290881
-0.936305964933719 -0.29009967156446 -0.197922511573926
0.445700494657388 0.350814247149867 0.823577824530768
0.689215994592395 0.241938493006423 0.682969309998478
-0.420919639997531 -0.784183905116232 0.455941070338048
-0.828887043587523 0.473729696495856 -0.297533936939435
-0.916427076870357 -0.132316403597652 0.377695356230172
