# command_history: dirgen -cart 0237 dir0237.txt -force  (version=3.0_RC3-1000-g3151ed7a-dirty)
-0.424427380615077 -0.684875084321682 -0.592290061928776
-0.756172012941087 0.130257644395149 0.641277500713421
-0.0741500098814533 -0.970525055560915 0.229309599805727
0.543069738955877 0.494354290755752 -0.678740814922583
-0.515826444399431 0.0337416659939774 -0.856028375250606
0.709682401229621 0.113758595129275 0.695276830779779
0.392187186025732 0.422691524484645 0.817019636389521
0.9350178174948 -0.0833871519266302 0.344656733375144
0.503699399727141 -0.0867374607855016 -0.859513541260986
0.337308223998789 0.904501356897428 -0.260960643380367
-0.100128842632848 -0.994344634803808 0.0353972048315702
-0.18643391453432 0.755952016318071 0.627518083035105
0.121231931459207 0.863495609323286 0.489569353078885
-0.481824316428973 -0.371188891983633 0.793765793270103
0.953510862634339 -0.203800333236815 0.221996529276657
-0.238549382429325 -0.529349875745647 0.814176210160095
-0.0697712825180869 0.178068157915224 0.981541491365729
-0.638592390060041 -0.274210087478232 -0.719033091924555
-0.624799356078238 0.49617811801182 -0.602854078405768
-0.819416038490606 0.373059557633388 -0.435182630998462
0.13309014498167 -0.282220543832076 0.950072932962457
-0.425013198426496 0.178716172533462 -0.887369320428799
-0.227336084908075 0.554943764186504 -0.800222296046031
-0.23363374147665 -0.251052575276749 0.939355033674986
-0.609037722547828 0.629698848719323 -0.482236884150636
0.474014518999053 0.809615457282731 -0.34616910189526
0.975714249524343 0.219032940369018 -0.00250485697197189
0.048982001467411 0.313885162138859 0.948196640218319
0.613302822238411 -0.659855805427953 -0.43410824027819
-0.485862978225153 0.767051411681174 0.419009902303159
0.463582973027475 -0.883989582776252 0.0604420769172887
-0.925175035670446 -0.379493322747516 -0.0059976130450927
-0.395516853472916 -0.519208046428921 0.757620896717051
0.0774273150208885 -0.950575875734868 0.300683413841775
0.956642292340307 0.067344996193511 0.28337285683985
-0.947690323500565 -0.277784367013816 0.157222441738221
-0.837427755342563 0.522486339151981 0.160383228491876
-0.829042703249887 0.461913708728169 0.315156979737253
-0.551653912193631 -0.216332686186616 0.805529720152364
-0.674332828544237 -0.644487330794857 -0.360432125083836
0.719867909231673 -0.530338071691204 -0.447807685254816
-0.604023353894464 -0.0553990246042248 0.795038826739288
-0.614464623427835 0.346187229146732 -0.708934149926068
-0.865594608183102 -0.37765257863034 -0.328822906954787
-0.0737334856136045 -0.52570895555225 0.847462959161892
0.924079234172634 0.227165592742375 0.307365193938619
-0.172747557370034 0.984964375333699 -0.00186030808820505
-0.851653900165378 -0.248761194022144 -0.461306300284072
-0.66784128331502 -0.415749871937487 -0.617365422002326
-0.185452961723599 0.968117548821528 0.168391242800036
-0.12503156875032 -0.648243149955048 -0.751097813438564
0.978654244408218 0.147511090415635 0.143095590799192
-0.186228533751675 0.0378779799130289 0.981776039560148
0.242189370822032 0.969101478493188 0.0467614482575679
0.601143096843406 0.687386331407187 -0.407586811013419
-0.864140833033358 0.0699084856840159 -0.498370769923139
0.219848756928181 0.963928365201593 -0.150028766697987
0.851036777919421 -0.192510406688834 -0.4885449272534
0.662518826016976 0.71812833719841 0.212980037763482
0.902506426213636 0.0766515786069698 -0.423800290396492
-0.759833639015937 0.28657104082838 0.583549380582601
0.00645624554537342 0.828312864199651 -0.560228628235677
0.964603983453478 0.00545932890958052 -0.263646260799465
0.527386815096683 -0.822807885638014 0.211778966363704
-0.739639357089672 0.658691739307166 0.13805366352429
0.662835150972777 -0.723018126085248 0.194664716852009
0.356819057664582 -0.0312865594373594 0.933649458461757
-0.778461919886062 -0.40066378383106 -0.483182751775645
0.638138003706209 -0.108783478353931 -0.762198165218911
-0.337132278739364 0.718044741407027 -0.608895373582129
0.825162395136675 -0.564880389169269 0.00414337836569907
0.679399305718804 0.456335250113937 -0.574608321286995
-0.897099306865922 -0.0850303334434215 -0.43356968991753
-0.91008932057169 0.362696651952853 0.200470863827015
-0.164139061933877 0.792206006090369 -0.587765269696853
0.755419588973099 0.65369404390207 0.0450037949807922
-0.0330716785475067 0.592574793984317 0.804836242730467
-0.145678153185092 -0.759109099035897 0.634453506133814
-0.889271572302259 -0.431446833877598 0.151821277270563
-0.944533279226089 0.314612659732675 -0.094211245455852
-0.418456862924065 -0.786786757171088 -0.453718472857293
-0.177585399759625 0.491951220853153 0.852318850016417
0.358020436287194 0.271538024507757 0.893357973293546
0.278948295109247 0.678721940903589 0.67935585343155
0.990863804035277 -0.0763318522218203 -0.111186196036766
-0.531513623587091 0.254032997246749 0.808059715770532
-0.985016950410319 0.0446548476547621 -0.166575964608601
-0.0355222490292138 0.909183351404295 0.414878058413748
0.125423422938795 0.766700530650512 0.629634228166275
-0.490374817834602 -0.871369147268287 -0.0157590362211197
0.893030405245062 -0.283645905714661 -0.349344665737362
0.31146836838495 0.75647123752583 -0.575098880447316
-0.567907679141989 0.419793620329353 0.707993067976188
0.860352263078815 0.243808698269269 -0.447606190823369
0.0289475913121183 -0.996638123421562 -0.076645207938754
0.557707812250436 0.55785207649764 0.614624321762573
0.874760986905474 -0.464325685806784 0.138545563942775
0.0311047633585315 -0.718786527499109 -0.694534679898839
-0.299834636007901 0.82220405101367 -0.483817826817822
0.0463091581483969 -0.99229280598193 0.114936717667136
0.342890838260027 -0.908117986684197 -0.24030729347645
0.727850848875688 -0.363248257052702 0.58162173750567
-0.435453171311959 -0.635836769016389 0.637253590622412
-0.256294120536174 -0.937032678593376 -0.237240559404819
0.623434472992073 -0.729481096922447 -0.281401469644206
0.851320574925115 0.524114144831004 0.023614442556135
-0.65414538496156 0.0404529628560412 -0.75528628554321
0.240807529940154 -0.197515203806448 -0.950262846684758
0.473742112869112 -0.677674697774694 -0.562428141623697
0.353568750591004 -0.0625435350591996 -0.933315297650164
0.711577674378856 0.693414269175748 -0.113286648061645
-0.704000054002862 0.204457546858717 -0.680133101309209
-0.176653091807018 -0.849312173837512 0.497456044818455
-0.782068991479361 -0.516671999936916 -0.348451054019991
-0.114923354975839 -0.936060853312147 -0.332539774128799
-0.556944575950283 -0.67325470380237 -0.486354647482208
0.253177314798234 -0.904226671092321 0.343911870334327
0.0309105140254076 -0.722102887156091 0.691094755068741
-0.0168795404684116 0.0102457146954752 0.999805034216149
-0.194218171790271 -0.921225153506082 0.337080877971654
0.335158592911403 -0.938552431792642 -0.0823896254013008
0.591860322449374 0.80051443453944 -0.0942231330625593
0.604887416600702 0.754548104507504 -0.254496308857834
-0.368303443021849 0.592794280950081 -0.716203542529028
0.754450297098606 0.301167061187852 -0.583183633569477
-0.679578533713048 -0.540719879767794 -0.495777196067273
0.502684210413871 -0.476187547137797 0.721494285875828
-0.0422616182861136 -0.910858626359864 0.410549045067286
-0.465099999887166 0.73370564698185 -0.495336263251443
-0.0573684691678701 0.139724367820491 -0.988527166942062
-0.841622582111944 0.0258063342533479 0.539449221328226
0.313917141448861 -0.946186765951961 0.0786551475870774
-0.709794107637445 -0.553934263394064 0.435142685335786
0.334966427254798 -0.6620027288329 -0.670484809395374
-0.4403424381575 -0.120543212754575 -0.889701000907784
-0.405036757003186 -0.864285408151337 -0.298254855338549
-0.325735117222162 -0.387873079647026 0.862236108901382
-0.726247331255897 0.507534535697724 -0.463652357826188
0.336056718611999 -0.772847830596111 -0.538304851007884
0.189689235320225 -0.924048614376325 -0.331891777953028
-0.46977990388261 -0.864272687347908 0.179832043341752
-0.342090885250036 0.853344830094176 0.393416353473503
-0.776885116559957 -0.596969366042663 -0.200192636413638
-0.197465081680267 0.682207058649585 -0.703989396685552
0.486359991741809 -0.867372601087325 -0.105445385465255
-0.625676413885213 -0.344845250814152 0.699721929125181
-0.591178845157637 0.563580399904449 0.576961615605081
0.77030042933677 -0.0543001307707896 0.635365048111606
0.795850272774981 0.404822627722739 -0.450267679728008
-0.326098655630227 0.525461685695748 0.785843294596284
0.537992694711715 0.425247857702347 0.727824236994339
-0.291155276823188 0.366821582870262 0.883555618576764
0.420822058540764 0.561747886854503 0.71228372623556
-0.705173369543818 0.625800443831026 -0.333323151591828
0.0322667888328078 -0.825312220639429 -0.563754017991564
-0.272187448996121 -0.548989212706473 -0.790268838396727
-0.031782546251072 0.420803636143409 -0.906594821054193
0.684669278278278 -0.431746335368428 -0.587216383693298
0.134226445516584 -0.328738094414859 -0.934833956702724
-0.379409257260227 -0.916293855407414 -0.128273871259345
-0.584034194602071 -0.120888034041693 -0.802676860736028
-0.987168935912918 0.153351569869932 -0.0445060443870832
0.805088812828963 -0.380239097111001 -0.455247440943781
0.358672964403829 0.93099028387929 -0.0679028418266017
-0.171277323524332 0.0146345900085581 -0.985114159486921
-0.599821843161118 0.798842610529133 -0.0454339088104799
0.807806265441581 -0.220157125670841 0.546790524359813
0.814522234854035 0.100718539066546 0.571322417568827
-0.191125804652185 0.426494055987885 -0.884066596475094
0.117389699914633 0.508607967894907 0.852958142787655
-0.108862334742623 -0.650978003318199 0.751250045770539
0.459621623121899 0.0778009468973586 -0.884700500859282
0.187749490375378 -0.853324727307535 -0.486402136744182
0.39344880324493 -0.229515508545106 -0.89023630040704
0.331265168930631 0.841602118991202 -0.42657855215995
-0.196654821264712 0.961682976045398 -0.191030717053073
0.436586534442838 -0.39721486654802 -0.807225215002871
0.0349070365648715 -0.967328912336209 -0.251110083741587
0.425091256621137 -0.828286160765588 0.365019806898839
0.895457685318446 -0.35408220371988 0.269780145327642
0.125086551249045 0.124725040386407 -0.984274869636135
-0.0688929602952078 0.589357808467347 -0.804929272433504
0.984833976415007 0.107961697228423 -0.13581719637131
0.125612494353296 -0.882331863690792 0.453554829737571
0.621689446606189 -0.773899936808972 -0.12075230757861
-0.868409225556436 -0.462235222438664 -0.179454774540969
0.248764201219292 -0.159350247455018 0.955365830887703
0.278078779147075 0.652871156374328 -0.704578913793565
-0.114618948009525 -0.980876639039648 -0.157300717555497
-0.18739802146484 0.634961603663681 0.749470308567264
-0.907157700213411 0.419363881621767 0.0346242939948155
-0.312852522151116 0.305202189205712 -0.89943033253706
0.478296531973179 -0.325503591141376 0.815646884170165
0.938449642528396 0.177630616983737 -0.296242522856365
0.230351269093524 0.403393661019696 0.885557365209126
-0.779619805012623 0.602195456182486 -0.171911582463914
-0.688360939362824 -0.188569915889248 0.700428871464514
-0.808568472203636 -0.139160148691299 0.571709260703806
0.374642935962629 -0.899398028552447 0.225224014637148
0.731957463592739 0.0289583210411571 -0.680734667204016
-0.278969620961352 -0.113747019670899 -0.953539493726751
-0.5804150279355 -0.600354165339716 0.550175673313429
0.653644203500549 -0.273727759712578 -0.705565283154483
-0.721389154164294 0.691973371009833 -0.0277586395093806
0.810364711256441 0.570187811145666 -0.134888453068372
-0.577315750691037 0.18877302927964 -0.794399941730004
0.462789671207393 0.732602434533078 -0.499118616302738
-0.491029108528521 0.829601145948762 0.265805103822683
0.298802139525807 0.0966895634186071 -0.949404239373682
-0.268840500261157 -0.875399254744941 -0.401747346240561
0.919281998374908 -0.0944413451759024 -0.382101347531255
-0.812346342092041 0.495919761513544 -0.306850143604383
-0.755686131755711 -0.263998432243419 -0.59936908332438
0.156762703723112 0.39341889246936 -0.905895705790464
0.721076164257651 0.633465228746192 -0.280661663411673
0.999307457274992 0.033508814038552 0.0161791599386403
-0.504898065357629 -0.27802222221959 -0.817179042529974
0.962694599178963 -0.25846490498823 -0.0800937051276861
-0.276712418031909 -0.788382055632975 -0.549439689195147
0.575107692584131 -0.738048809646166 0.352895305310845
0.0218282608486109 -0.445678769267413 -0.894926791225187
-0.889142978851311 0.230635899398584 -0.395261742479617
0.936187892762772 0.312834456807804 0.16027112053694
0.198585987141507 0.258849494528432 0.945283314617056
0.04774887672795 0.275106504419687 -0.960227293924308
0.361864064663741 -0.447317264680488 0.817900766244783
-0.63666978020756 -0.768789653211273 -0.0601170532024538
0.954962303139342 -0.181153462083628 -0.235011537499583
0.0939401716086027 0.136558264449443 0.98616787849164
-0.497067983248611 0.61531426685314 -0.611810242670177
0.814601371429181 0.495837768974468 -0.3009476906775
0.886771111775522 0.343080638870604 -0.309729996210478
-0.54657955043195 -0.765084673444976 -0.340435364657084
-0.464806436217529 0.55060860369424 0.693386719218533
0.526625311403947 0.830372233733244 0.1820651939102
0.399453302346623 0.236016279007545 -0.885851779525113
0.736991510730094 -0.606854556644118 -0.297608904759324
