# command_history: dirgen -cart 0058 dir0058.txt -force  (version=3.0_RC3-1000-g3151ed7a-dirty)
-0.0179468369434326 0.819927055801386 -0.572186625331802
-0.80844709807546 -0.515991207171365 -0.283136652051983
0.409454346857264 0.391836955780519 -0.823899834885496
-0.86411208819836 0.423756401818011 -0.271552593336396
-0.568899976872966 -0.28518188641895 -0.771378057746309
0.658145361353037 0.439008481804615 -0.611650419956603
-0.70416311453114 0.0171792643682064 -0.709830388902568
-0.345068427826724 -0.0657287799404366 0.936273201370591
-0.578618015010869 -0.776269228553755 -0.250214463022104
-0.114029531921975 0.953545289862906 -0.278834441972154
0.0768139465971354 -0.0246014452301975 0.996741885595643
-0.645750850890031 -0.11676603082414 0.754567116047589
0.170226989774506 0.97913975899929 -0.110941896049794
0.512101682249566 -0.357388870791485 0.781041011773103
0.374246581496825 -0.821970900426504 0.429305642974772
-0.268204464203964 -0.940234308559797 -0.209823283713091
0.667299522943742 -0.737109908365657 -0.106678627982492
0.830401830788935 0.445954438563161 -0.334002152909529
0.0161818665113364 -0.916527278701363 -0.399644710452275
-0.264111508755629 -0.246827423632525 -0.932374031108629
0.479521899249652 0.87308950250398 -0.0881672771347662
-0.0611345513191033 -0.594164043575967 0.802017241682788
-0.357967278109699 -0.670819637129745 0.649507846175742
0.594175768524116 -0.601896673249398 0.533549951579122
0.733561385070899 0.67736614712416 -0.0553425429758608
0.0280951229979976 0.47274405418787 0.880751794374411
-0.294996701641864 0.508112759826042 0.809196125375292
0.760625059097225 -0.317516199015486 0.566244631617909
0.283672582815224 -0.637662472101069 0.716181846623393
-0.87912646878057 0.473772293772386 0.051734568163441
0.6139399217354 0.566593780975372 0.549590083480009
-0.102231564299292 0.99182340418355 0.0763874477559844
0.589671603806264 -0.471575008295867 -0.655670962614101
0.910706119225743 -0.0738896250862667 0.406392283033768
0.940421826270547 -0.180922814437752 -0.28787796701014
-0.813744873588175 -0.259916647421988 -0.519867884276264
-0.27405757062578 -0.87216203623116 0.405247863090988
0.800585491236806 -0.467149474933644 -0.375278882020216
0.280181307566181 -0.759328326230967 -0.587297988991776
-0.506653074793576 0.206495484085868 0.837055719085867
0.67540059581707 -0.702873312375932 0.223166175572449
-0.91325499727365 -0.407040308396586 0.0168373779169375
-0.979475034411196 -0.118560824053038 0.163009165279292
0.110910063834182 0.297791865034454 -0.948166105099523
-0.337067488308965 -0.794241981207229 -0.505534552343459
0.423876091820576 -0.0498658539546052 0.904346424437169
-0.567779929868158 0.705520248913226 0.424107450550364
0.159771962349164 -0.211060148131 -0.964326984957912
0.211874052161091 -0.35392409419609 0.910959451110924
0.357975148404382 -0.897575781516675 -0.257315972220131
-0.591789895469452 -0.70765279323373 0.386021040681405
0.418246341458819 -0.903963627230205 0.0889930250138988
-0.962604163081956 -0.174339664002908 -0.207361777511289
-0.985439716875046 0.156902363717117 -0.0654997150009906
0.0423260477337264 0.733773362144303 0.678074596700605
0.862444449234243 0.138421216173292 -0.486856384263522
0.345593876931384 0.553229216888906 0.757959303530224
0.779148622919212 -0.176238121997274 -0.601554276651717
