# command_history: dirgen -cart 0236 dir0236.txt -force  (version=3.0_RC3-1000-g3151ed7a-dirty)
-0.0815212772698874 0.826240236513018 -0.557387973425331
0.957177554729306 -0.289022396665054 -0.0166488122223349
0.543982160321828 -0.536468779239696 -0.645201253991859
0.181241871825835 0.913015122040634 -0.3654514616501
0.414335739659457 -0.783957245379822 0.462316917554758
0.0135694997603004 -0.526596432132338 0.850007097818452
0.744037088382446 -0.234128167490166 -0.625773770862178
-0.893216959235469 -0.129226152873102 -0.430655390245798
-0.988806987477481 -0.149194101225036 0.00136443224919479
-0.029257202631227 -0.94503436548724 -0.325659429684333
-0.837118984038099 -0.411968080739105 -0.359880684415209
-0.128521690332558 0.900477318910591 -0.415478968470915
-0.183704477957864 0.330134821339472 0.925885340912893
0.305206468826466 0.919116397668822 -0.249146661472249
0.97569638604006 0.109139305212393 -0.190013616159797
-0.379259195268584 -0.924806884234668 -0.0299113636665465
0.169692668105625 0.12679394392734 -0.977306346124154
-0.466279562945865 -0.862464672794486 -0.196819860178067
0.503726844566417 -0.426881738447536 0.751020137841303
-0.114477296411549 0.833273040801762 0.540879827761479
0.628943163603735 0.586902181346241 0.509878737041612
0.0594191777351922 -0.20680349131836 -0.976576508674979
0.857044403518373 -0.455002143104608 -0.241760088037812
-0.775377323623928 -0.627937073027169 -0.0669704287567792
0.00455005954014666 0.948008638119 -0.318212066097342
-0.118981936629977 0.914123443427027 0.387584350732708
0.0519842268466694 0.881798112278341 -0.468753377952104
0.409978914352138 -0.663568243337968 -0.62577510035156
-0.536904704044852 -0.195546398412782 -0.82066737771298
-0.513407763132735 0.660263010716653 -0.548147083759846
0.228086763260542 0.828942348448049 -0.510716174968801
-0.477579724416991 -0.465415806922713 -0.745188387920982
-0.658403785530967 0.714910057474769 0.23538917757602
-0.351258373685641 0.46502709126477 -0.812629903034306
0.563313144527228 -0.725601599682455 0.395196937919702
0.869763959870639 0.488037913837514 0.0730044434762258
-0.0310450225771067 0.728339760880874 -0.684512526761328
0.814006865537113 -0.539824160762025 0.21443576734309
0.164485319026248 0.410485998238702 0.896909039465435
0.930268133775008 -0.312005874604279 -0.193011744448836
-0.498772894176412 -0.593644747819746 -0.631515251930558
-0.400787500995755 0.110074687298432 0.909534464581596
0.350901418494258 0.846654636800144 -0.400055146802955
-0.0723455656458811 0.377057087683004 -0.923360206939518
0.500460996575768 0.705508351653598 0.501793539868153
-0.805709772528505 0.0774344969243839 0.587227095030647
0.643765638233936 -0.367794969259826 0.671038496374401
0.58829214799307 -0.521523967721839 0.618000889725387
0.389659655226794 0.159637893344105 0.90701769337604
-0.95819601015985 -0.261149798656166 0.116881088186197
0.719679767805773 -0.450281376487739 0.528495708402004
-0.0444791911323801 -0.523914833510393 -0.850608516759612
-0.751308688476929 -0.52327031339835 0.402148521985434
0.700178675515072 -0.644465992724205 0.307267646484242
0.725858597176968 -0.673594326484511 0.139283811809421
-0.24908434805458 -0.71644778448079 0.651659082394155
0.252206852774711 -0.927169266034787 -0.277035837995719
-0.280750345506872 -0.589263748007839 0.757593214582553
-0.296169285265405 0.181470331587871 -0.937737848878229
0.51262994422548 -0.830076269320478 -0.219508376592737
0.896440586579588 0.436038182449516 -0.0791516151380862
0.622285777714035 -0.247972020427832 -0.742475782729496
0.281034158264936 0.288411999648856 0.915335086373765
-0.502079215431206 -0.755939709252443 0.420085250166339
0.440840617550233 -0.57384211721169 0.690191838862163
-0.737902876485518 -0.562512288252909 -0.372933332432051
-0.661503313406531 -0.74794467050433 -0.054700422451284
0.352009400111936 0.585130309583768 0.730555886321669
0.718498599894751 0.65906147723528 0.222256003684339
0.619400330547149 0.466497721046078 0.631445252398733
0.413799246411516 0.477961371529357 -0.774805208420179
0.977487617400055 -0.161504789831716 -0.135772459250682
0.760782320374781 0.381643966840533 -0.524936323356829
0.864242245007924 -0.180248722948956 0.469676207422661
0.896331416678201 -0.43789495388331 -0.0695557390815663
0.11091517219657 -0.730843474326602 -0.673472820988959
-0.483828515604012 0.254852619203457 0.837233605377589
-0.61484025432075 0.782669788605358 0.0969508312044821
-0.175500340595825 -0.950213693118989 -0.257475373307665
-0.657365968992697 -0.521136979142065 0.544321809025668
0.53315504520533 0.643358098552794 -0.549396081892323
0.361470078599574 -0.705838520291729 0.60920551995989
-0.0831877126799073 -0.995631431037768 0.0424011555122207
0.120282365484712 0.242441828266751 0.962680690810861
-0.682479555281912 0.200776946463807 -0.702787503012733
0.842347880891186 0.379803694021275 -0.382360041800816
0.529658973586833 0.847234518826215 0.0406822050564335
0.59820752993339 -0.765983959735758 0.235406721566146
-0.488527474554822 0.871790826256948 0.0363546676413916
0.128844120852689 -0.218751309286879 0.967236815473322
0.542845705049785 -0.754105633841733 -0.369652855415943
0.0451370774371784 0.24590987559234 -0.96824117725213
0.489500915390894 0.795779107246167 0.356545181291194
0.257822257769653 0.961859412839218 -0.0914010576041268
0.178169569679893 -0.0514487156036221 0.982653872990291
0.010931626165194 -0.0887571662194595 0.995993305697421
-0.990109086956713 0.132602722412663 -0.0458313640915805
-0.190909007573523 -0.888765178896625 -0.416713579822091
-0.928463608540658 0.193300209263952 0.317159828342387
0.657537137169483 0.373744494089934 -0.654186492049797
-0.599854594361884 -0.771653594227516 -0.2114833235475
0.0617466546011893 0.0813622659109748 0.994770090187373
0.700796551897519 0.705897960208262 -0.102918718522742
0.612740880276645 0.057652858447304 -0.788178128059043
0.202631508033978 0.976715867977841 0.0704740036621199
-0.855333309937647 -0.230356307604385 0.464048381591816
-0.864893831805074 0.341597616215407 0.367790331984798
-0.34934915762936 0.936669433565568 -0.0246076875714606
-0.41193631714935 -0.624595054716785 0.663467774829168
-0.727246974565057 0.685282951434242 0.0387183994961842
-0.826082838847872 0.561486976233799 -0.0481613837100493
-0.267494384273702 0.760872485488243 0.591202008799849
0.206321599968447 0.695058728748142 0.688712393512326
-0.829605617465091 -0.288336106852517 -0.478138901320003
-0.769488373501347 0.369926194147548 0.520617185588184
-0.00397851859001683 -0.357720624261135 -0.933820178818199
0.226155386036322 0.280134392615439 -0.932940760949344
-0.170133653714282 0.95065255498565 -0.259449917273226
-0.970543429224693 0.0977422367536181 -0.220208780803973
0.965244990080276 0.203553137988809 0.163915310876794
-0.92414108256005 0.0496625868943308 -0.378809829581681
0.219897306603871 -0.149796634740455 -0.963953392425587
-0.797474261760104 -0.154925611438572 -0.583123363235056
-0.3956841266044 0.854688352483327 0.336068284850936
-0.327682448917458 0.26028636687001 0.908226414443595
0.997488250407054 -0.00765752597003667 -0.0704169908182161
-0.435322953856202 -0.325173277392899 -0.839497626867088
-0.197470416375019 -0.565473618966914 -0.800777759999077
0.0466716368345652 0.779981254250762 0.624060094327935
-0.521261348770393 0.401379165072901 0.753114448223809
-0.318107656512644 -0.930621919482047 -0.180970610452595
-0.957720380050155 -0.0791571481530721 -0.276596853801446
-0.92381971960839 -0.0798150336206283 0.374415125323235
0.684646034839012 0.193280851010847 0.702781843541608
0.0388560924460362 0.874440201976686 0.483574748355203
-0.103040311768645 -0.661178886625573 0.74311854641853
-0.202030016713216 -0.803083792631023 -0.560571399877152
-0.550074867456624 0.267678589806335 -0.791053609278075
-0.112505080704803 0.624878037327472 -0.772573650392875
-0.589066152524815 -0.335066771537563 -0.735344359168551
0.0999298221729894 0.788940724451184 -0.606289175182037
0.402429061191952 -0.309976882680476 0.861374008727834
-0.0498045131625651 -0.663718082676504 -0.746322863911367
0.556492324649855 -0.0994386616057121 -0.824880746037793
0.253534735511628 -0.818814188850606 0.515037340419094
0.544598439396874 -0.657068231220032 -0.521223444722001
0.145454453468512 0.534577736663556 -0.832508045264337
0.668434390666408 -0.520094103921289 -0.531693133716
-0.253010530293377 0.505196036535151 0.8250834116802
0.232907927762265 0.116662684100927 0.965475900954475
0.615152202606888 -0.78521162622413 0.0709258039810013
0.820256747772352 0.524893236062995 0.22730147045112
0.75699156571952 -0.595389830415321 -0.269211291121909
-0.778441801927647 0.503202307800515 -0.375254311681922
-0.242876847570709 0.342286885726216 -0.907662120380686
-0.534450707604905 -0.354161553382881 0.76741907406973
0.0396302256633676 -0.987154918674153 0.154772774580343
-0.605064344364517 -0.748773457142131 0.270620488984407
0.403504527287302 -0.537314643323354 -0.74059237811967
-0.952087727078634 0.263045486580116 -0.156000102359168
0.288246027772468 0.00761531348667128 -0.957526101197191
0.737391798661587 0.0114201219277666 0.675368726016969
-0.228307641958658 0.968886259712398 0.0955773841648578
-0.262272958192866 0.644427694162731 0.718279780027858
-0.265463862551372 0.854414447761467 0.446659701714599
-0.102665921755948 0.971819471192652 0.212194778260058
-0.90568672307935 -0.372503805238868 -0.202416587068235
0.624783595314162 0.0600769194423829 0.778483283556315
0.359208463522988 0.704328685245192 0.612282927145804
0.478833764892036 -0.867174038590025 0.136848136248849
0.80821972702199 -0.57640335950705 -0.120582088228257
-0.911877644934274 -0.253786517275444 -0.322601246616193
0.375038926287791 -0.913210890347288 -0.159347649872894
0.543386635368821 0.507020352196541 -0.669074978579417
-0.919634498249005 0.228112667427215 -0.319745211988455
0.740759267506025 0.448781451817385 0.499870899441662
0.51115033434219 0.195039572545442 -0.837069233004749
0.638712548367426 0.648952146067666 -0.413409473370119
-0.45400672634049 0.837705302222472 -0.303525483388049
-0.466130907265422 -0.841572576547123 0.272905800040511
0.646813406283124 0.217122157065303 -0.731088494208281
-0.320855010546924 -0.447918435474394 -0.834518506307142
-0.9932313210631 -0.0289928730657844 -0.112476469408675
-0.0991422057469885 -0.394036210803309 0.913732065550614
-0.965231556950572 0.0421663655845697 0.257972942534995
-0.784594445510565 0.125854668752527 -0.60710143998113
0.660824861195049 -0.633988050284476 -0.401708420278981
-0.463169831241538 -0.0413811297861903 0.885302947880161
-0.0495583891894411 -0.988382488842068 -0.14368027634755
-0.488564686435835 -0.0239989851530267 -0.872197566999289
0.413445376597857 -0.769128157305666 -0.487344640074606
0.843202445270738 0.0773747421519319 -0.531998858613786
0.187801845957997 -0.491582517426336 0.850339400013639
-0.339379357146175 -0.878660973240767 -0.335822194094787
-0.653900838510357 0.595493808664734 -0.466691351149153
-0.454724064904672 0.14501607155206 -0.878747041979761
-0.725309942500671 -0.638307572967651 0.257854473689755
0.84689111951063 -0.218808879493839 -0.484662878657611
-0.42665034849781 -0.89614123846381 0.122067034252683
-0.945370248178127 -0.323032719211691 -0.0438743225398152
-0.897895446778432 0.0690331521395501 0.434762223014188
-0.382031201235502 -0.746646267231729 0.544583797878237
0.824087306987947 0.51087333285142 -0.244721368586061
-0.28269850244329 0.606663828577551 -0.742994317482946
0.622320782130988 0.69014079957876 0.369354194350985
-0.901350672036582 -0.367906044982769 0.228499689462236
-0.92513775841343 -0.225702723036226 0.305251386191458
0.835020396237647 -0.348942371604153 0.425417629120365
-0.10880727360875 0.464147552195076 0.879049502019738
0.298116803493943 -0.882663660576035 0.363361024014778
0.369222649893274 -0.397727041869279 -0.839933232448688
0.809002498456903 0.580906186239663 -0.0897939879890589
-0.330122034646574 0.922806227759904 -0.198615478370497
-0.200949357126475 0.730354568022196 -0.65284114517972
0.691297563534145 -0.088593757148429 -0.717118417589509
-0.601679788148153 0.097679885464227 -0.792742122325848
0.902687745813752 -0.418128201587621 0.101605317748571
-0.850348992504318 -0.0017088816566905 -0.526216372484147
-0.198957211824448 0.97608810706876 -0.0875673175446547
-0.654553275365265 0.390721960866696 0.647222032230894
-0.348236108021828 -0.162039108422301 0.92329569500324
0.273086557602611 0.430499665574626 -0.860287027681396
0.133340994178349 0.968845794836216 -0.208705546403805
-0.573567737833637 -0.810929501516536 0.115816206493505
0.738764100250538 0.0706707283410585 -0.670248649634416
-0.723022931778356 -0.324513411199343 -0.609859726555539
0.775342765060993 -0.488681576760056 -0.400042389257537
-0.074581452751526 0.996830421614325 0.0276896632279942
0.394122271259502 0.316361633315293 -0.86289220199474
-0.880897100151466 0.390422613021093 -0.267563977744614
-0.340592918221715 0.0153727500803008 -0.940085178381292
-0.766109937758745 0.293948943027717 -0.571550157169238
-0.106469490358406 0.607948654505975 0.786805364183033
-0.106808148664611 0.0324196715409559 0.993750966930858
0.353279053394131 0.802851229422691 0.480233082833138
-0.761891875271646 -0.228040780416767 0.60623277118774
