# command_history: dirgen -cart 0289 dir0289.txt -force  (version=3.0_RC3-1000-g3151ed7a-dirty)
-0.182529311293398 0.977609355979549 -0.104704334294284
-0.994114605116624 0.0739515491255641 0.0791664087586965
-0.823200764589895 -0.564243819345868 0.0630032817288074
-0.290220729950435 -0.939398692515327 -0.182488422667111
-0.973863620017823 0.225654632836927 0.0258773314894174
-0.226400567043302 0.944663013249686 0.237391184841591
0.643112639138664 -0.715056397772762 -0.274044670417697
0.333069526236799 0.540146785559192 0.772855834384698
0.379383504137083 -0.884870588560029 -0.270318697633177
0.714034107509537 -0.373697021891039 -0.592035327613841
0.611930142841376 0.780741492402266 -0.126428724282169
0.887083091803422 -0.448305854891743 -0.110024764059123
0.982372996641619 0.149786921189818 0.111835476079108
-0.6006598111093 0.78774686194839 0.136611393407008
-0.205088961367587 0.654790136753196 -0.727453362584774
0.48628724191094 -0.499633126010411 -0.716862230660617
-0.722878675083729 -0.482248228239622 -0.494856613039512
0.185871132268551 0.627420914170474 -0.756171223104063
-0.418726403980023 -0.816654926250467 -0.397168641814536
-0.78724087705064 0.232438034859604 0.571160539122885
0.720387851897463 0.0344152269713968 0.692717067056289
-0.534600568506743 -0.834072441796145 -0.136108023233325
0.43034615433127 0.850054838094307 -0.303659282230511
0.546721514151036 -0.376085909095496 0.748100912273346
-0.505114054378282 -0.756799905002644 0.414865876950037
-0.30786413307538 0.803099236993963 -0.510148303050652
0.465903239809046 0.548094360878107 0.69464144902896
0.940998481165206 0.318011467139656 -0.115717609776813
0.633160688115226 0.614009981942997 0.471274108242553
0.561224282226202 -0.717367284225625 0.412809259298329
-0.387399692368127 0.880215774769997 -0.274119806287568
0.901554349477158 -0.406439831771891 0.148345603534637
-0.0849035901245641 -0.72456546725719 0.683956331970346
0.554651126128869 -0.726801664224759 -0.405119080227158
0.904178060782372 0.224955425010305 0.363121317410949
-0.871720960508763 0.354768743849616 0.337996605599886
0.232471115012606 -0.939952530870217 0.249892817814897
0.468529846057456 -0.616206059603925 0.633063879447233
-0.0923407648990447 0.456147030668878 0.885100598547886
0.947657684041159 0.0688179074259097 -0.311783594012364
0.71281115160809 -0.689009309665865 -0.131020736285968
0.252844160641955 -0.147310083795839 0.956226735477171
-0.990631955766437 0.111491304412971 -0.0788544054232721
0.330957526371658 -0.707746084846831 0.624149497413829
0.863216826180041 -0.504038221300182 0.02832282592197
0.697936475428712 -0.504715580847756 -0.508081547308756
-0.121364248616038 -0.365476337389545 0.92287472929222
-0.956797093095096 0.261865934487555 -0.126354877229707
0.361473712061844 0.656895362475252 0.661683639095556
0.296456750888766 0.4050506382635 0.864897320665759
0.821147380149478 -0.546403582902129 0.164803230142387
0.0980568836433302 0.733577791282685 0.672494216857644
0.0638991431493627 0.985036310570111 -0.160063632231691
0.0310493337276147 -0.33324363667182 0.94232935722751
0.836183780678433 0.541658839648338 0.0860371219947364
-0.776816700941144 0.629421490926937 -0.0196061188976454
-0.665531075546418 0.370016172981128 -0.648194738650684
-0.755567574074665 0.0915614009294956 0.648640232229511
-0.576079072877223 0.499452771616522 -0.647054735488037
0.887663074942394 0.057726371846028 -0.456860954095782
-0.271808819798148 0.391951922966094 -0.878916182330897
0.193882387315759 0.521078382636062 0.831196089402572
-0.197789371178839 0.664533632540481 0.720606977395606
0.518797286502792 -0.809062530619955 -0.27616516265484
-0.447809350932103 0.221553948884438 0.866245134446065
-0.90698871166548 0.1850015628305 -0.378346268201056
-0.639724939119056 -0.768238150944452 -0.0237096120290737
0.51607298368977 0.856396871991968 -0.0159082729393262
0.195062826836377 -0.14671988841873 -0.969754488480975
-0.080648254680032 0.97298687981784 0.216315488856921
0.961026580929775 -0.149425505749189 0.232593914318554
0.747488400109173 0.631345552638044 0.206552378021634
-0.0318215708351505 -0.95200548688097 -0.304422306308378
-0.448051668004291 0.72654502136323 0.520943408376453
0.848285664493609 -0.444243943331228 0.288199150290484
-0.549205932980165 0.118970996418965 -0.827175159921081
0.243536440435514 0.824846074838198 -0.510214616611498
0.371493096054287 0.926309831431957 -0.0627931188626642
-0.999108124064323 -0.0385331048244431 -0.0172672018942597
-0.850802326206865 0.332337603187125 -0.407046826825642
0.932918449713319 -0.360082995202755 -0.00184465452291739
0.876515994310669 0.450525129122378 -0.169548871263842
0.0415030158940158 0.606898848407322 -0.793694706718879
0.230982462494927 0.737020537321168 -0.635175432133986
0.224398872021464 0.249197671320865 -0.942096421203134
0.344092516788445 -0.605105748992475 -0.717946636196904
-0.0782415622025888 0.973576815920606 -0.214537738978465
-0.739419321687625 -0.57056152742391 0.357377405747351
0.483826418705793 -0.86284583430405 0.146318361070904
-0.103356368407095 -0.8206994537661 0.561934042123915
0.982292074679488 0.179721048106428 -0.0529398232845061
0.344510434812721 -0.258946219505468 0.902363239338226
0.165845999446643 0.107171306477376 -0.980310876985192
-0.111008123176207 -0.23187623395657 -0.966390505290183
-0.375842790212325 -0.813360225767112 0.444057811760458
0.786314455867387 -0.0915144211169391 0.611011200569684
0.567178361506786 0.777366660332515 -0.272047388596088
0.449260164469821 -0.498742325992874 0.741229651918869
0.65636112076383 0.290278266627673 0.696368154838576
-0.645743549530142 0.0911834840109425 0.758090258797618
0.130263830536295 0.980451556503625 0.147465520728168
-0.24529422093657 -0.749634009214461 -0.614719120740664
0.556301116712401 0.42434590220084 0.714464570731041
-0.0998828876118098 0.0389927820096861 0.994234867480251
-0.831118758272458 -0.454447648981808 0.32049796252481
-0.49576636464069 -0.653479304754846 -0.571996949247177
-0.612557659400345 0.77574243500485 -0.151646920320587
0.00428726480631063 0.0714381623975669 -0.997435816638715
0.409910359305287 -0.123859269418262 0.903677142962787
-0.274755754485185 0.881138535790929 -0.384843027897732
0.659218723993581 0.304887076515213 -0.68736783784978
-0.590849168773396 -0.542310065851079 -0.597324913456977
-0.846609691927956 0.0871971287039031 0.525022561686111
0.675335628563103 -0.619841031606951 -0.399648450928701
0.527270833414412 0.288091637926569 -0.799367672843516
0.624640675589302 0.175591263162046 -0.760915064051499
-0.46368218946091 -0.0145021491122639 -0.88588290131815
0.954752095187322 0.294155215244714 0.0438308804355513
-0.917800319566098 0.0773717263504358 0.389430596340249
-0.0279094643917078 0.808430683988749 0.587929324819618
0.174499395841208 0.943950099987166 0.28019309339324
0.469920653731984 -0.620844903619899 -0.627476043244125
-0.836632126957458 -0.189618324852983 0.5138984092431
0.901984527366155 0.0776873656773058 0.424721774349014
0.661053832678262 0.562877523042946 -0.49616199406486
0.924180269457485 -0.332863942016271 -0.18732972441895
-0.843321318872671 0.475378294426086 0.250648419750462
-0.0297915254381118 -0.946814160571565 0.320398830137116
0.0584179807155146 0.0801026622146687 0.995073315407083
0.454300190237087 0.628692585988142 -0.631155265742186
0.050911720944319 0.493006625534364 0.868534664736939
-0.444159060512539 -0.516947559115412 0.73177042170973
0.612675383646455 -0.371966478374283 -0.697330490685373
0.406153823791792 0.909907766376432 0.0843025984603002
0.599795286213965 -0.505937008991612 -0.619897860593283
0.324003733171489 0.635570456179802 -0.700765136206373
-0.631401944739207 -0.673777272510655 0.383869471601546
0.966066140117119 -0.196587239505789 -0.167540055457505
0.576538022699495 0.0434924771073297 -0.815911951632543
-0.875892964420851 0.0678669721823466 -0.477708686298308
0.388164858389316 0.750826142266264 0.534404478649985
-0.431198843345747 -0.420229142300673 -0.798420331315862
0.751599054298028 -0.603676635309066 -0.265844656820924
-0.00923035917566568 0.88479221577323 -0.46589433928369
0.061101412848031 -0.697493434769215 0.713981460404833
-0.261248243611515 0.51966759032573 -0.813446341669165
-0.305475204371341 -0.515957229063417 0.800295593697409
0.821989163901657 0.0499864118937558 0.567305185111367
-0.00142487116084157 0.890269255494354 0.455432346747247
0.742421800886904 0.182003341075446 -0.644736111448104
0.452409634536718 -0.722200172800291 0.523213563457202
-0.726634900657549 -0.680666187309008 0.0932483919465239
-0.0695891188526063 0.590615592870896 0.803946873863615
-0.161219773511561 0.983562116990239 0.081324944823594
-0.233499103684916 0.407421141825023 0.882885146421852
0.759036861597011 -0.57993470918183 0.295869524999023
-0.418043586097461 -0.396123819770744 0.817511761097668
-0.540405891973876 -0.662779672873778 0.518347930588372
-0.418114906192555 0.815187433828946 0.40081089424686
-0.405684650877158 0.392453935947383 -0.825469485930331
0.669300185337321 0.418494752219049 0.613921333944785
0.48314190911435 0.157709851952656 -0.861220934635482
0.314491585196547 -0.00479513156510165 0.949248149618337
0.486176049023279 -0.256551022179645 0.835352872967283
0.0762912827651458 0.622323864251038 0.779033149588452
-0.55595092601473 0.831188624696499 -0.00663611622154625
0.270464504456454 0.832195509198747 0.484045025073663
-0.684279274687379 0.491427257083509 -0.538758874849123
-0.361003912900825 0.111698344840326 0.925850773413419
-0.830693646537872 0.213249686774604 -0.514269031434079
0.27181354895703 0.386215228742693 -0.881450617840055
-0.162228465759 -0.50239581018245 0.849282270395774
0.0409626995115663 -0.193237940767086 -0.980296463064527
0.676564115846162 0.431377448913478 -0.596803563761311
-0.264288480415459 0.00505789017455596 0.964430410587861
-0.956203394915022 -0.197364060344885 0.216153869355066
0.118937629869362 -0.925561004921111 -0.359431031451767
-0.0163154772502352 -0.477389848730355 0.878540117200863
0.259614711278734 0.261274796443133 0.929696553952557
-0.28031774417516 0.959907144476586 0.000486089865329262
-0.10841924993416 -0.994042203832697 0.0111965728304778
0.805237491485009 0.0498266474269511 -0.590855217048238
0.00834812446185786 0.346763569275651 0.937915420409101
0.516910235678958 -0.0896478200971092 -0.851332529980007
-0.844353558980179 -0.328697563465342 0.423113435392274
-0.213988639436667 -0.113942907144549 -0.970167962830918
0.301523747857118 -0.807772969907204 -0.506543441933159
-0.0410358822789508 0.800362002081217 -0.598110961269006
-0.767206327459824 0.355929650720975 -0.53358086064181
-0.730471902267268 -0.583715983042823 -0.354522849952425
-0.535169532487405 -0.793580406763031 -0.289523245179094
-0.746586695528363 -0.662866675755977 -0.0567104596371708
-0.759765655446335 -0.313621093740286 -0.569559442345878
0.137607410246639 0.897231804666281 -0.41957036280045
0.67736944849017 -0.104977874696195 0.728114191646058
0.49824959896944 -0.364546094515876 -0.786672410918302
-0.678507917353494 0.603238777874997 -0.419201601805747
-0.640136247761728 -0.695739578991528 -0.325840486321492
-0.505553458166608 -0.15363801994859 -0.849005924456396
-0.186694946197672 0.763250984208911 -0.61854097048488
0.156810492962603 -0.034170568038279 0.987037406371596
-0.255026854438589 -0.966170256053232 -0.0384231679223711
-0.286955180842457 0.249528273965133 0.924874242629588
0.299799468203245 0.889953341336007 0.343661649169541
-0.401889509342205 -0.281595314078582 -0.871314467554434
-0.748646136258307 -0.173735683588172 -0.639800652479863
0.22095539583014 0.968547960164394 -0.114427103061021
0.364177508396086 0.138975784915275 0.920901989131092
-0.572203656518723 -0.534443179528104 0.622055836177504
0.800930698891005 -0.368299968318362 -0.472085955002539
-0.765695557422263 -0.315362703120063 0.560586013761151
0.83990741624781 0.190614529181818 0.508155127295516
0.535054137587417 0.291250053185423 0.793026151126225
-0.26863251661741 0.885567052800953 0.378955889265797
-0.652848056983228 0.69970855917962 -0.290167790603995
0.779490218954792 -0.494852515509876 -0.38407809941125
-0.138921715601844 0.30293896865314 0.942830174636775
-0.90636917532204 -0.200610287395901 0.371820427917805
0.690796771359404 -0.23321550915956 -0.684405104427831
0.673918386861984 -0.738712117056225 0.0117650313918321
-0.942596903702394 0.0355814710966973 -0.332031679279635
-0.425012573235603 0.810575173866312 -0.402904703501026
0.325925822054579 -0.713680734888745 -0.620025940720796
-0.885592501798477 -0.363077302576765 -0.289656336219138
-0.0903270352748517 0.181510383257646 -0.979231845615796
0.530809684541972 0.724559272490716 0.439607710856142
0.152105057944071 -0.856687664707947 -0.492899884849931
-0.791150516058235 -0.573828850568515 0.211663202271925
0.900864368783915 0.433810043025878 -0.0158819276363355
0.725466667551458 -0.669821341797003 0.158232374516232
0.418491455657457 0.875672924889802 0.240960225258532
0.762209504962708 0.450427948307621 -0.464920782422006
0.904169210695359 0.404316417976418 0.137863238701441
-0.775321416515014 0.4729183153601 -0.41859881520391
0.120665160732795 0.825451177325397 0.551425672994507
-0.904046039023402 -0.329017812949097 0.272851677818352
0.478758974599475 0.863005941720786 -0.161277986083281
0.182797035471584 -0.28864287234096 0.939824736889576
-0.067214913472139 -0.221076209948763 0.972937544142286
-0.344109521267153 0.596276847845834 -0.725287913932341
0.558143135814743 0.413672741962976 -0.719271230134863
-0.340320804306326 0.929994895515899 -0.138892924480219
-0.986529536102947 -0.062349873400288 0.151234809761089
0.57779948034705 -0.228892443515902 -0.783425816406378
-0.983970752651314 -0.00197056483498801 -0.178319025347935
-0.92639584936812 0.213182812192181 0.310393007104466
-0.47323472087786 0.870005022095812 0.138347968845659
0.173686403548639 0.949033413350055 -0.262999265336395
0.145046628928606 0.896360099524162 0.418927257907005
-0.58120335842462 0.615358433310076 -0.532481600348886
-0.598304833957031 -0.0192814381221081 -0.801036548359432
-0.955090843909761 -0.114375980913131 -0.273348888547037
-0.214954969347447 0.544004293755745 0.811081801995429
0.734265064306195 -0.232441164428167 0.637829068339393
0.866266910489646 -0.225460187790463 -0.445813126222425
-0.15888738350237 0.853947457158574 -0.495508364991124
-0.1777130212217 0.769112864942268 0.613908366996698
-0.0494753783157736 0.997663133908432 -0.0471217378766654
-0.221127537059873 -0.645141822465635 -0.731364916617931
0.808631786097404 -0.57563320137018 -0.121495069831004
-0.358800734657316 0.483800613902118 0.798247454613733
-0.648523528480986 -0.74071315175284 -0.175388881708465
0.0498017245740537 -0.708157847507686 -0.704295570937892
-0.424669699166504 0.905340273792317 -0.00382560576686632
-0.830035020980679 -0.335679451155965 -0.445377558951093
-0.528494995017586 0.800232596303832 -0.283409301283834
-0.619916480874483 0.242692741356752 -0.746192863831424
0.00417868598963654 -0.99519331236419 -0.0978407359385249
-0.830069947432785 -0.506788206684946 -0.232700657356163
-0.330101757106615 0.934358825867642 0.134187981870088
0.154551581979761 0.380351084446912 0.911837080331575
0.701345959829323 0.0463652722432264 -0.711311539454336
-0.377440767648186 -0.73336011644854 0.565439127156701
-0.121573610243381 0.924700461628811 -0.360761574389312
0.129592951557523 -0.440905932867045 0.888148425247295
-0.278329335775178 -0.891702620137872 0.356930270621873
-0.378272114247489 -0.267388152435021 0.886235738119447
-0.634129926511084 -0.156308585987066 -0.757262743207251
-0.107280594770163 0.572202923422404 -0.813064996425633
0.581079089488947 -0.62510569007727 -0.521142943914351
0.427297097707346 0.0239500037087419 -0.903793996225484
-0.944428845427965 -0.258428201701954 -0.203147779925586
-0.326491296625276 -0.133004187068246 0.935795554301398
0.371577230355777 -0.350840793398318 -0.859558665577149
0.914628080663814 -0.300340616450912 0.270649197617716
0.804799303717473 0.459820757818493 0.375317134454448
0.329317796396789 0.920320449842773 -0.211092535579918
-0.68844742920843 -0.684139704179583 0.240817363122711
0.967820883554195 -0.0640167524752438 -0.243361033772666
