# command_history: dirgen -cart 0116 dir0116.txt -force  (version=3.0_RC3-1000-g3151ed7a-dirty)
0.822104999101022 0.513533593225623 0.245818264337475
0.215860382951151 0.0138082864145605 -0.976326598172188
-0.539002968883871 0.841725548074606 -0.0312073909975961
-0.680680046066312 -0.367158436413661 0.633931666236542
-0.00477639552394827 0.406683823373811 0.913556486404567
-0.0632389003370257 -0.627840660031133 -0.775768616983076
0.824213435097687 -0.388129374367057 0.412344276252149
0.5445022473867 -0.801990246067661 -0.245619518367669
0.0405018990748852 0.994910120969288 -0.0922683443235228
0.278833292398049 0.672293465750646 0.685764894814141
-0.381648472570011 0.151660919916777 0.911780351156448
-0.732589552177845 -0.627295955957596 0.264220233288654
-0.910736100281186 -0.223260286243765 0.347440067106502
-0.569113667157287 0.683944551977886 0.456431247478253
0.91238558914765 -0.014865996707524 -0.409061778778691
-0.169957937570749 0.985397282142816 0.0103196803365482
0.550756121107076 0.765128983890257 -0.333534605512159
-0.42398926645121 -0.716615183273405 0.553801210757244
0.0397137725585543 -0.74292583513151 0.668194597226973
0.154604944981505 0.237999695377176 0.958881356575274
-0.575112999271344 -0.302866690878197 -0.759945264887946
0.110528724284908 -0.396438227435583 0.911383636530569
0.332575075659594 0.8580406522855 -0.391356689064451
-0.0747054230668569 -0.931589269643148 0.355753471451999
0.469537628882313 0.0673277224305937 -0.880341634171578
-0.1530330800203 0.954982478003505 0.254144335222693
0.355399143327386 -0.923216197424906 0.146161902472765
0.987952213163976 0.132126107804064 0.0805798742922207
-0.648488969823903 0.498850393975605 -0.574987252421405
0.490209061677353 0.669410064604305 0.558198209649467
0.305477697393238 0.232264649790865 -0.923437333473611
-0.299423758550834 -0.819734230315271 -0.488242976871888
-0.812469782566266 -0.177158059025555 0.555434851750431
-0.95486161776767 0.198167976296665 0.22128882503324
-0.204342738175322 0.587963809688514 -0.782651010253983
0.706211699573386 -0.603873864042844 0.369596255002178
0.115378621631852 -0.868065260878875 0.482856579664837
0.340596379059941 -0.386210435506875 0.857225528129469
0.368449532181822 -0.921058239720379 -0.126081962541017
-0.984166343938967 -0.026833846718862 0.175204315380858
-0.0427967266786645 -0.182672258492325 0.982241969253455
-0.35623776343299 0.855665912250151 0.375407115698913
0.0807885273513135 0.920914493605704 0.381300025328291
0.323450635576727 0.0474876052298931 0.945052704188788
0.11220144939561 -0.196851191971482 -0.973992013813733
-0.0478395856323812 -0.583593779497954 0.810635352410574
-0.917868842718822 -0.391320222050852 -0.0662213815929776
-0.578789017687632 0.519281528034611 0.62876861216685
-0.943833656119959 0.330321630012426 0.0081024885785627
-0.748977599919181 0.463089997147629 0.473898944249839
0.680243470137617 0.711706401513725 0.175336303655337
0.503216634105044 0.531202685244625 -0.681613326123316
-0.506459511158598 -0.791097574481079 -0.343020977794576
0.960123652172256 0.252573761299735 -0.119871045888124
0.246320164032011 0.66464535773141 -0.705388492419127
0.553247721325242 -0.358215441264932 0.752062933861122
0.805521240773838 0.592556018876453 -0.0035909825207245
0.649305133841428 0.756965167246573 -0.0735294413315679
-0.842056749013369 0.537086092085082 0.0497891667916867
-0.879151166190862 0.139599851021473 -0.455637036005667
-0.664395580452936 -0.124304548107653 0.73697143227832
-0.546813872853203 0.790953630328215 -0.274566828160102
-0.857867564918382 0.477573805202184 -0.18970108498823
0.37221345906034 -0.72692915539001 -0.577088506156814
0.140174128879056 -0.867159646369208 -0.477896810307233
-0.324260761622913 -0.472311063695788 0.819620166651774
-0.511882463940122 0.698802215833945 -0.499651684932773
-0.160657750657679 0.553093528553945 0.817481887154304
-0.504226002986152 0.340586011868967 0.793572496015204
0.939283254679912 -0.250289946300421 0.234737960838982
-0.606045132227125 0.115083642055924 0.787061022434061
0.784666373119814 -0.0638444710833777 -0.616621899065449
-0.807465975328985 -0.379401040033916 -0.45172286803658
0.70233309236944 -0.294817374467519 -0.647928192838418
0.49660793060993 0.861234082111946 0.107964897370008
0.380115389256274 0.274067256465844 0.883402190275662
0.741688383618093 0.222796586818036 0.632661064479405
0.440039724783802 0.502370950385225 0.744304016394673
0.76872924463555 -0.0060894041449079 0.639545360079499
-0.0636850355411297 -0.986572713606482 -0.150394471358718
0.126883106306381 0.390089298283553 -0.911992881934223
0.204923307859369 -0.177233517567865 0.962597900551677
0.857713619822024 -0.245144263706257 -0.451919944618201
-0.644799024618607 -0.474428776229255 -0.599292544702923
-0.639319538592963 -0.591266070652614 0.491604476452665
0.880214889503257 0.1206903784659 0.458972309450719
-0.555937908898704 -0.0808516631361789 -0.827282327876917
-0.274642917866733 0.359266631443062 0.891907369179783
-0.869462350439943 -0.452803326104402 0.197495238009021
0.37968645904367 -0.553234331941155 -0.741464744125102
0.342450205218258 -0.855768860411635 0.387798290991263
0.146235238621445 -0.956991276199829 0.250565265475389
-0.962796789802426 0.00725789598774539 -0.270128977512548
-0.289554565843395 0.741502915483741 -0.605253318642992
-0.299407850523528 -0.915367603732476 -0.269178544988166
0.721363855195423 -0.676918701395712 0.146339537098966
0.676738437188373 0.615051019223248 0.404644697709339
-0.512026866647572 -0.306154995060069 0.802556918125337
-0.733264124230584 0.613345536675476 0.293480794527728
0.228422261743562 0.466795116681091 0.854356827901926
-0.24599820134004 -0.949629385537928 0.194136331118937
0.155533905511872 0.818379336029441 -0.55323093423654
0.152486218577468 -0.729863686758103 -0.666368480568983
0.924243066411097 0.265642958961686 0.274241813998325
0.431523381784897 -0.15777723415325 0.88819700255961
0.798496487563919 0.42130057359462 -0.430010681305626
-0.436659072860832 0.567158866770876 -0.698326337704296
-0.0776540041269906 -0.80001086920814 -0.594939042921106
0.693989190063551 -0.71483047448326 -0.0860023070909989
0.460379741425918 0.876818716647394 -0.138706278954567
0.279163993770569 0.959418948700289 0.0397837335716298
-0.628182845885311 0.129600562558533 -0.76719619806145
0.993900014468801 -0.105355969155114 0.0326018558107323
0.746186971828737 -0.271519538928742 0.607850428191824
0.87301761220805 -0.414104177546324 -0.257600424908883
-0.0642408296771012 -0.0261203411892942 -0.997592523818494
