# command_history: dirgen -cart 0078 dir0078.txt -force  (version=3.0_RC3-1000-g3151ed7a-dirty)
0.892335734649887 0.0327436533058918 -0.450183062581246
-0.138750945216877 0.500641678472947 -0.854462453813633
0.686485701584594 -0.697669634686512 0.204925504406595
-0.873363391375478 0.460628472465643 -0.158296547527394
0.213923004446865 -0.768985784331147 -0.602410002958979
-0.340293295919665 -0.892264453853337 0.296756831668519
-0.645231600565871 -0.451991043045707 -0.615938534788706
0.402968728029471 0.915124270468269 -0.0127974149823153
-0.372338075105123 0.339215711145668 -0.863884864515492
-0.567119159161492 -0.685676577723703 -0.45631512146002
0.748422677572281 0.659608558364005 0.0691378726060914
-0.519326225166204 0.713710849545959 -0.470018185919446
-0.382608086318087 -0.626583622360926 -0.678972765634287
-0.780858678614525 0.61944296590999 0.0809329105927442
-0.282590596853275 -0.123591600666631 0.951245326303772
-0.976006819784766 0.0930061049824682 0.196876997563497
-0.356479804990477 0.481205034839914 0.800851960775941
0.0583917505510585 -0.987010310347045 -0.149669805693108
0.332937371032442 -0.939785053630325 -0.0771800488666097
0.580159004096179 -0.812017495855597 -0.0635855045630246
0.447226996161352 -0.870088775453107 0.207204094397306
-0.307822847849219 0.172091102279627 0.935750900003938
-0.2616993809274 0.862488299009186 -0.433159748931566
-0.749138428827036 0.555432703344772 0.360951695535121
-0.10153986155276 0.596938150145861 0.795835725144508
-0.541986596619659 -0.814054359107227 -0.208724769740347
-0.66600080460141 0.435798637412139 0.605410997504999
-0.0114324346125523 0.26761629845607 -0.963457739726814
-0.247223133443793 -0.792600495861042 0.557373462097958
0.171733813684703 0.499109970651944 0.84935077231561
-0.7579592732277 -0.58224351902511 0.294092204387321
0.190396338675218 0.21841661630318 0.957101570337099
0.834586104790035 0.27496035731301 0.477349804229245
-0.107723742593117 -0.747543998190242 -0.655418618938675
-0.0841506254482477 0.340722417671206 0.936390360017101
-0.915910571629444 0.374419104459228 0.144631113503891
0.242897382787002 -0.103942613198505 0.964467103947403
0.581031370743841 -0.143070787875074 0.80120739878532
-0.665584912222655 -0.172343465275972 -0.726150435239304
-0.887579131394442 -0.455194385532871 0.0707202721462553
0.894173305019165 -0.247277467020667 0.373239808829319
0.503470413286205 0.317121321120961 -0.803711148756762
-0.439479633431747 -0.368119396243066 -0.819356919729332
-0.920141404155136 -0.34185905280101 -0.190976921059619
-0.540111703852675 0.26935539121101 0.797324915318043
-0.839160402803273 -0.338232399646385 0.425920957686397
0.773657987202027 0.541391916236233 0.329162743749299
-0.474857272610273 0.650470470807052 0.592788948325781
-0.106665308054196 -0.622081216864108 0.775652932491442
-0.740105814105119 0.516654039315651 -0.43047878877666
-0.608627379430744 -0.778693424547032 0.152345868255366
-0.531711300214739 -0.71932340123471 0.447053618327913
0.3096521956137 -0.658978750718923 0.685465187921708
-0.862051057212642 0.27845300626421 0.423475971055017
0.955134386014664 0.213363711934603 -0.205412344034819
-0.99347587090901 -0.103556423544719 -0.0477677827014381
0.0437432486332747 0.926697790921443 -0.373252906887978
-0.402825956894169 -0.587760522520395 0.70161871170804
0.124750395681329 0.988343270379604 -0.0872635013777329
0.944650706303988 0.0439552590123366 0.32511994445825
0.442499637339531 0.0823175947189144 0.892982577967833
0.162504778247989 -0.973359794951424 0.161749518140531
-0.00560504644348171 -0.90364370373922 -0.428248339339257
0.650320814126888 0.482221492903728 -0.586979787126475
0.728773846338443 0.18298653278661 -0.65985196045159
0.291798715870313 -0.887401621443249 -0.356891960789718
-0.977679113078981 0.187716961293208 -0.0943710458347373
0.81195156750414 -0.0191463981507681 0.583410719361088
-0.232250834521371 -0.39958343375077 0.886787815283944
-0.539018716532729 0.490529926776847 -0.684718346594941
0.549601058743771 -0.762023656610795 -0.342430464464303
0.747661373020273 -0.12452824607629 -0.652299921219222
-0.542372443163741 -0.0247613442881037 0.83977318885854
0.229387904225958 0.949605692786857 0.213612306812167
0.0339914649267188 -0.0331943002454531 -0.998870721736978
-0.73046513419561 0.292655672017737 -0.617068347397949
-0.0575659571918816 0.783514240708944 -0.618701539660982
0.314528157756894 0.83365517260144 0.453972566542207
