# command_history: dirgen -cart 0215 dir0215.txt -force  (version=3.0_RC3-1000-g3151ed7a-dirty)
-0.73183567251364 0.0887809834262592 -0.675673357043457
-0.30165377579241 0.945804181195589 -0.120247454788553
-0.00201052899249629 0.0335931662820513 -0.999433568053584
-0.446642731166772 0.894308016299856 -0.0268968897403307
0.0521863435797367 0.881602578206088 -0.469098582010388
-0.0136952998416986 0.994141742185581 -0.107213036550894
-0.0431087560962564 -0.507052511388254 -0.860836445466093
0.400874834847266 0.745098993968866 -0.533035510986614
-0.749234158251034 0.359811657691693 -0.556042936380835
-0.682990120036103 -0.412278579486761 0.602951796439358
0.335426236889277 0.301915844473718 0.892376637111271
-0.18986483591212 -0.411730726305891 -0.8913075524754
-0.594435057256068 0.766249318371826 0.243944552715748
-0.792736842796117 -0.525165391321746 0.309466653828037
-0.434693466352565 -0.469340877274642 0.768609609118609
0.259957403048859 0.711914585394837 -0.65238008223902
0.628331918667188 0.64143663056216 0.440179564447367
-0.809009141402688 0.219416495524658 0.54530781272467
-0.55707025317939 0.770050433386231 -0.310958297950592
0.00650766718380082 0.95253136921004 -0.30437089371139
-0.486651162378401 -0.842784807032991 0.229966117482804
-0.909691301115478 0.117457367276579 -0.398328386569779
0.85224677797277 0.421066315896052 0.310449008780442
0.112129619467588 -0.72704277686562 -0.67737415734997
0.340391392390471 0.472517610951321 0.81293345811778
0.949315542038886 0.172855528963364 -0.262528032313145
0.435128954423142 -0.753046713295661 -0.493541731383706
0.262704511028746 -0.635039142216905 -0.726437628250055
-0.225263089374737 0.737884721567889 -0.636225336057932
0.453681894458118 -0.825628843671225 -0.335424732449783
0.28375666793407 0.567966160592057 -0.772590832087252
0.150168925726229 -0.124393912421985 0.980803470782288
-0.417053531197329 -0.623308232355769 0.661478041656233
0.30780382218439 -0.913856086509511 -0.264809101426295
-0.480960637836467 -0.513518096865543 -0.710616654071328
-0.818053054663302 0.573017666642188 0.0493958851725896
0.863437582707081 -0.288908828189689 0.413530204172577
0.786792802932789 0.285579982014669 -0.547175620002999
0.57200217538097 -0.810989775467806 0.122919060548462
0.0858234958905758 -0.822437403835068 0.562344240057772
0.750645848571339 0.0804307288275476 0.655790902561849
0.137992176016731 0.97032447764107 -0.198566279737404
0.786508481137517 -0.455066213782135 0.417515449022846
-0.47005300689731 0.472350059495265 -0.745610885114761
0.481050740182109 0.000872385218865894 0.876692320209477
-0.447897576116237 -0.111550929878723 0.887098726947791
0.341272782317478 0.845955352176745 0.40974678787369
0.818882736203057 0.118895191983821 -0.561511351329361
-0.947765990360041 0.305239707402636 -0.0925653744204842
-0.716560797306602 0.681267045361268 0.14971919271775
-0.266783849649155 0.764300142676546 0.587087446187524
0.194683076010145 0.577432133382067 0.792887527492433
0.12664473570765 -0.906892788714628 0.401878813443736
-0.360228109798633 0.626282271178422 -0.691379943098222
0.926151333935082 0.0592042886942044 0.372476252733622
0.928420152689083 0.326246924428113 0.177760975419178
0.579788863758914 0.175754290999253 -0.795584880862185
0.972214337496131 -0.0388719884853683 0.230842479795535
0.0209238051933471 0.150202741297743 0.988433776680499
-0.156798152001416 0.311778666876877 -0.937127740710635
0.670725946384956 0.653360585174175 -0.351065023303183
-0.845650460737724 0.0195512625867552 -0.533378895706738
0.260239547520672 -0.833364041160697 0.487626653092864
0.717312398854207 -0.115023645227879 -0.687191737063619
0.335847326137576 0.129498889471193 0.932971924096309
0.488467891352814 0.175504502898541 0.854749839765806
0.309370113460776 -0.947956265230212 -0.0752931079718149
-0.908238437022926 -0.0557192240460214 0.414726789086335
0.452239053927537 -0.177471296329398 0.874061655194809
0.965278947155844 -0.248574680310344 -0.0802943490310252
-0.992784794141547 0.0736911947638672 0.094593659066557
0.520325335270566 -0.590229887896976 0.617163045644096
0.122348247008212 0.649989398075312 -0.750029791970766
-0.99752503184266 -0.0383187744747811 -0.0589532218801525
-0.163606334049404 0.969439634216532 0.182810730180236
-0.704588691815741 -0.708924795780178 0.0313114882018817
0.904277263914712 -0.358036045591029 -0.232578631917167
0.61127394282113 0.781835776783043 0.12278837473461
-0.451443357549324 0.87730880312015 0.162874672348047
0.00511140292900262 0.961264238142706 0.275581091564751
-0.632163876152854 -0.746478773521465 0.207697555039264
-0.293993509488914 0.216142861645056 -0.931047839661463
-0.681083808351799 0.699349174227221 -0.216876874075393
0.322708391433782 -0.0439555970274376 0.945477233775717
0.572093891021766 0.818575283131552 -0.0514109492391948
0.146182856609215 0.493117430462189 -0.857593010820365
-0.155284892654879 -0.970744259268718 -0.18314525713212
-0.12221705535616 0.842214279787642 0.525107701621156
0.944375625932526 -0.21319292650238 0.250406575859941
-0.266483108091722 -0.960008646815168 0.0858495844013559
-0.870503898527125 0.293879803285209 0.394788074630078
-0.323824179331958 -0.914412996131684 0.242871927948582
0.404705861476134 -0.403530405557788 -0.820595136152553
-0.785635075107578 0.607963934333847 -0.114705637655782
0.581145703494782 -0.810793109128632 -0.0698870910761118
0.870511762688911 0.469053828522544 -0.148989184065788
0.304813671078257 0.217184872034727 -0.927318368891211
-0.0314535472139599 -0.334967921047797 -0.941704394296096
-0.462017287800599 0.522574966812838 0.716558043590287
-0.341828183640053 -0.626500619312744 -0.700464465101614
0.598372590713403 -0.132806286858281 0.790134629575141
0.85020285393121 0.15395950446769 0.503439746296704
-0.63044095071013 -0.721543099489702 -0.286216287528335
-0.880187613547431 0.462830725528858 -0.105154574147344
-0.690258355038329 0.288338895117517 0.663629478596445
-0.621797602301907 0.463011729624121 0.631654874121999
-0.810592003127218 0.192465747130707 -0.553080049041388
-0.232608452226572 -0.826149380878452 0.513196364393698
-0.292872529152228 0.852303694868501 0.4333636964277
0.826237497249238 -0.522310250669521 -0.211006161485532
-0.585205832860491 0.700036545462589 0.409246830412727
-0.426152164205575 -0.901973916355614 0.069551327500058
-0.716283143785805 -0.404932672984799 -0.568302725910856
0.988566351279079 0.108135180651413 -0.105087353303118
-0.947591059481726 -0.293796027137955 0.125519235291862
-0.339709823424497 -0.754189964558556 -0.56195616664297
0.683206600573508 -0.624816840250955 0.377932079971526
-0.4159258563128 0.817202000579109 -0.398981919765754
-0.370209960837508 -0.842184333849949 0.392007822261762
-0.679255947843936 0.259014072835059 -0.686675372641273
-0.966023166936895 0.00828803197917667 0.258322568636817
0.00116561462998203 0.224636046505733 -0.974442039298802
-0.969144242805352 -0.141011193837668 -0.202176358285821
0.90513726467497 -0.120247550907121 -0.407758578815398
-0.0187536266935487 0.995278480525352 0.0952315477611556
0.402007029619234 -0.657375136592726 -0.637376088292003
0.549178710737762 -0.689657854868443 0.471990240249379
-0.481627443714581 -0.655460810353761 -0.581726853043032
0.745784151381374 0.505465705925498 0.433947484935219
0.558998102235461 0.524520958285378 -0.642182906979422
0.71605710411546 -0.622971999141879 -0.314909688531412
-0.57248606107332 -0.35861063873207 0.737331756853678
-0.693378973972324 -0.23322714569715 0.681784934538046
-0.586415285800696 0.17746907863544 0.790330208651786
0.161721206777415 -0.464187706718082 0.870847876618106
0.889800357119067 0.357499323841152 -0.283636312773769
0.156691303405778 0.314826690118694 -0.936126054880381
-0.125106878436068 -0.992129287414861 -0.00526744925595395
0.025696828093654 0.895247639641363 0.444827311147252
0.186159674830269 0.83678546868534 0.514912278804987
0.987508145464467 -0.137404807225662 0.0771205653027017
0.180573491302657 0.234728435006155 0.955141757038363
-0.46541606451751 -0.878723513382097 -0.105985253306563
-0.445212089938985 -0.295111887700446 0.845396456527965
0.294109217230696 -0.151467121233465 -0.943693530509346
-0.437284786656268 0.237880448381521 0.867291708502271
0.911463430499904 0.236929076975782 0.336301988315191
0.451071907343277 -0.0655257759826565 -0.890078933065809
-0.177882427031058 -0.918755392372997 -0.352485987152796
-0.329706103268893 -0.910727534338169 -0.248735288339957
0.608037091895647 0.539140607921956 0.582767792322661
-0.79783259806209 0.53879445524393 -0.270487856414836
-0.269431469535466 0.326232180722325 0.906079051454737
0.823364401740659 0.567446839926686 -0.00866866791759447
0.150278972655406 -0.965265062737397 0.213727838701944
0.851359762131851 0.501472119564245 0.15398788498626
-0.744118412843767 -0.245453206733697 -0.621321584182473
0.172299467331978 0.0546889146893591 0.983525300217141
-0.886273464660319 0.380342998752203 -0.264307678925862
-0.0446585281613688 0.710968855652596 -0.701804034011275
-0.301178133438501 -0.0306032515717196 0.953076687854518
0.69341068581151 -0.72021032994398 0.0218792468882099
0.907138584787498 -0.415658742745602 -0.0657829580429519
0.807770051692998 -0.458891318938228 -0.370035540172867
0.552905502793395 0.652670232278738 -0.51799331354565
0.555126607633318 -0.351620089804622 -0.753788937265143
-0.606151998773227 -0.380873632448273 -0.698222765662135
0.362221855804439 -0.353660294234423 0.862391861893194
0.145805240984978 -0.0611547200845572 -0.987421354798797
0.915265626262134 0.402579656328548 0.0147801790710348
-0.625166163009744 -0.213342227308677 -0.750767848721991
-0.117151422228264 0.424886681707328 0.897634030091123
0.761436842955597 0.624261229412906 -0.174676419821624
-0.881631565006521 -0.23232402469922 0.410793538327601
0.310730045462094 -0.502900232324599 0.806559480246181
0.284934463273258 -0.906604925063085 0.311255299538078
0.125964008428888 -0.243376491342454 -0.961717709123817
0.688535434990791 -0.548502401271817 -0.474409180519404
-0.662918458775597 0.533034093023218 -0.525750675405655
-0.716551639900227 -0.058654164838384 0.695063620327958
-0.552891101269973 0.61254624574349 0.564888065869719
-0.593368026899023 0.00205305615306436 0.804928673619218
-0.742012580388878 -0.657139358839989 -0.132609176183272
0.47852532720161 0.347154733061177 0.806534005817371
-0.0366504119498377 -0.794993223217155 -0.605510133971931
0.18141356328779 -0.619827332424894 0.763480973590218
0.189794208451719 0.912345257574832 -0.362773054979142
-0.686737018081098 -0.542585711515271 0.483728243600215
0.616749844484438 -0.427001544943034 0.66127854187527
0.0928052903155343 0.781689660795933 -0.616723967666401
0.0035329836859749 0.402221572332836 -0.915535539876184
-0.48803621178197 -0.828562658067417 -0.274416795487742
-0.397353289260396 0.730298925103508 -0.555674224259687
-0.0172184663241295 0.566453930643322 -0.823913508128235
0.192893009399575 0.721727195416714 0.66475720554252
0.144209174708859 -0.921240812182142 -0.36127424472245
-0.827450705913847 0.0495817977530507 0.559345130142609
-0.105120707607998 0.586099339028054 0.803391063942631
-0.754963914859831 -0.589101441612258 -0.288078077523922
-0.268061376142769 0.500098454632058 0.823434656967432
0.826645482292205 0.325400780151385 0.459098659203833
0.162850667786941 -0.986538811224495 0.0148604828019551
0.0448258716720945 0.664639588827139 0.745818247425288
-0.532106163435825 0.311196743989514 -0.787413244341199
-0.299555872838973 -0.399951075019553 0.866201718214865
0.529397694293598 0.758564420112604 -0.379892223947596
-0.434564197083353 0.873867895815672 -0.217965270802463
-0.492751131864882 -0.754470787740141 -0.43355524733608
-0.303217084638057 -0.949287488926076 -0.0831424257044617
0.800676150637953 0.412551791852845 -0.434417680163455
0.950557798294309 -0.186632212666621 -0.248210171622834
0.974092586199617 0.222982582588567 0.0377147368156527
-0.624588104359293 -0.0419296944636489 -0.7798279301327
-0.152892237526216 -0.129433720547706 0.979730001423558
0.755944714183021 -0.38882649610767 -0.526651255598411
