# command_history: dirgen -cart 0084 dir0084.txt -force  (version=3.0_RC3-1000-g3151ed7a-dirty)
0.372420993398911 -0.723126180754378 0.581713959247459
-0.515221419397183 0.129159791878327 -0.847268928473303
0.870949193843153 -0.199972785400577 0.448841159925309
0.484382738070556 -0.435808976502892 -0.758580186307798
0.056284250033956 0.167903529363891 -0.984195350540361
0.973900341968484 -0.226544711833527 -0.0139863309675391
0.906397412374841 0.1842864747856 -0.380108176775099
-0.753661244099675 0.471424831114202 -0.457988381676956
0.1809042577873 -0.0796646415213765 -0.980268939835236
-0.73084051751716 -0.278118144852051 0.623315678817165
0.650405682778923 0.682357894228187 -0.333706685568865
0.554853743288674 -0.746827454153103 -0.366587066440895
-0.761716050620779 0.570899058941895 0.306370564392113
0.427506102319117 0.770382294779845 -0.47302183075378
-0.961663745367959 -0.225370035204463 -0.156240801575035
0.357740588774481 0.126292283327394 0.925241552414958
0.516059102470573 0.387844713755679 0.763714266443309
0.900536885274732 -0.370636798071616 0.227292063598589
-0.529798638250956 0.834835991018206 -0.14954019863596
0.0151160647067843 -0.912930168897899 -0.407835765111195
0.748582614569619 0.277554987334888 0.602152221759285
-0.996064780346155 -0.0444137192117524 0.076696642036957
-0.263548467884087 -0.389851356650536 -0.882359407947627
-0.00494034157885725 0.367124340796501 0.930158756030291
-0.494620997386863 -0.364593862365213 0.78893686976186
0.343116712050357 0.610403562445112 -0.713917651319863
0.240072084958382 0.922921881078486 -0.30096610349055
-0.694277114415272 -0.65932564567665 -0.288563652167544
-0.369159495921088 -0.614473804910123 -0.697239707454017
-0.583720907263957 0.703564887170162 -0.405297855859342
0.170429330285056 0.807228350633305 -0.565098427986153
0.275972581799414 -0.329269604709492 -0.903006457069616
-0.4722440873968 -0.751222529999253 -0.461140143926209
0.647967946973013 -0.520436699894292 -0.556132341352953
-0.0875814308956494 -0.609606392473899 -0.787851216421749
0.40380006038594 -0.679977747933459 -0.612025958230247
-0.202428854481958 0.572211205288321 0.794730706224196
0.306373520475466 0.951852387361017 -0.0105971046329783
0.187212814175086 -0.968588819155771 -0.163667533784416
-0.542273289561716 0.521112248966589 -0.659076401796408
0.496043857552853 0.850095524033539 -0.17685613193279
-0.597256803764514 -0.126456895460931 -0.792018285109239
0.860780553365234 -0.508314098132655 -0.025954124678509
0.457105297141252 -0.119362336049402 -0.881366768183506
-0.942200938749508 0.0797010766055722 0.325430682953312
-0.0836665901109417 0.394918716757587 -0.914898414499527
-0.613691115060167 -0.0879182949536805 0.784635959352263
0.860888560602712 0.49634384111155 0.111864550300903
-0.113809033969621 0.770909845788234 0.62669411474312
-0.449965041485909 0.883362171788862 0.131159196753601
0.637265991513511 0.541049025515187 0.548778651233235
-0.594239032451317 -0.546398630670269 0.590193619681692
0.975057401274417 -0.0648029100275098 0.212281998935252
-0.0639162360894819 -0.622392177582265 0.780091463899305
-0.810380611313615 0.29372414146024 0.506960938860596
0.659779140717241 -0.216100026640966 -0.719716794274104
-0.811707427726824 0.0045821348903755 0.584046278828099
-0.942818952003922 -0.308016976756857 0.127349777274216
-0.23857109561239 0.145990166040516 -0.960088904090536
-0.681918217421611 -0.731426236188863 -0.00179046449996543
-0.0871713269952729 -0.98474091308353 -0.150620363328798
0.301533593566765 -0.861607473350026 -0.408301425197239
-0.750017503667352 0.630821991039454 -0.198840035741328
0.278512707629107 0.901878425595447 0.330221103405856
-0.769402365399943 0.0234791274785444 -0.638332774256358
0.500022766745881 0.849394631316181 0.168837179042542
-0.0941639269248015 -0.107976365438154 -0.98968391892203
-0.679102010796012 0.284725180495781 -0.676573743596704
-0.800697553102122 -0.438429390261187 0.408243919993278
-0.263789494122278 0.95890887426946 -0.104445553462026
0.388768830676308 -0.369927577836281 0.843808262255566
0.679305027473688 -0.729745092152726 -0.0775679065592275
-0.323827194759127 0.875711794141297 -0.35814075659755
0.904793263114913 -0.3416891388959 -0.25416074319699
0.0170943445753274 0.99331016803501 -0.114204612261503
-0.901478743432159 -0.112166667664064 -0.418036737386937
-0.184089448682416 -0.792066942674929 -0.582014633154008
-0.216270714879756 -0.404492347048593 0.888601665013362
0.0451403255554721 -0.927663999135857 0.370677563005929
0.819212288791815 0.552099218095895 -0.155169840079755
0.35258853010069 0.154074075962519 -0.923007317174534
-0.229513301120282 0.586130757775661 -0.777029201123227
-0.837236112202813 -0.403193509598143 -0.369419390722051
-0.103544551569341 0.790439546399925 -0.603724978220535
