# command_history: dirgen -cart 0287 dir0287.txt -force  (version=3.0_RC3-1000-g3151ed7a-dirty)
0.3057790738178 -0.518242671704447 0.798701252809688
-0.440104131686881 0.525327392727565 -0.728244109981121
-0.621008277511989 -0.783672358478511 0.0143650206516017
0.605550527602353 -0.409393027565921 -0.682426485052361
-0.0787678854624561 0.869219175978558 0.488112327575251
-0.357874669214597 0.351892756032502 0.864926129439036
-0.918118968882062 0.391274345733028 -0.0629439858138184
-0.831761531016952 0.259853855863959 -0.490559608114007
0.726510415079808 -0.659104308376377 -0.194329944836773
0.572925763271292 0.429101745138713 -0.698303488534117
-0.605828146262783 -0.160995129056628 -0.779135948096249
0.955220489621254 0.269229405215271 -0.12275725467427
0.399749588593267 -0.393684879684012 0.827775622936372
-0.869084054364237 0.427861076030012 0.248249483520634
0.164233685572214 -0.981300178854592 0.100385534332952
0.0846229149066883 0.551255742839326 -0.83003377537264
-0.267924179109617 0.831852854861812 -0.486042654616537
0.714865836695016 -0.42567104737251 -0.55477111943136
-0.935718871779145 0.300371997294222 0.184950956304216
-0.187308378374556 0.150113180239594 0.970763413252194
0.656848590312553 -0.749578745560865 -0.0817412601310531
-0.429546625726224 0.89622329620988 -0.110785827874834
-0.0435977992280286 -0.723107901313261 -0.689357813447272
0.926502121674628 -0.0666573751519038 -0.370338511189791
0.147705052256721 0.182046940718957 0.972132773294218
-0.486144119310896 0.386225014697855 0.783896761876891
-0.222455664870525 0.307250628745039 0.925262410510008
0.324574299778603 0.161789364183325 0.931920450231877
0.347957077598509 -0.73588153559983 -0.580865077029375
0.570133442735925 0.720317867553539 0.395082304282542
-0.584584446936787 -0.528913020731885 -0.615233322325672
-0.43327260080019 -0.451177914267775 0.780200835088517
0.962663599620556 -0.240711923286151 0.123840881591969
-0.31938422162703 -0.552220192375964 -0.770095174707614
-0.942166604264523 0.184325016467356 0.279904230252004
0.697910955782235 0.513722333341379 0.499008679308704
-0.94327349315128 0.0378707812354118 -0.329849846213095
0.848957077444026 -0.528430781572092 0.00572623303806943
0.197374476918485 -0.895738435533381 -0.398366628835004
-0.7930358814497 -0.361438826452595 0.490363197503513
0.689336524510779 0.614096206870795 0.384318884108369
-0.961005370058951 0.274977118568967 0.029261971590566
-0.81708432870568 -0.458112217646503 0.350009136775871
0.435950909267621 0.428546997529789 0.791387563471235
0.458721668819074 0.657945454052788 0.59722877530065
0.00741562221165976 0.796725284684914 -0.60429614370022
0.743353551788492 0.585141887932594 -0.324090215881493
0.00450655872827447 -0.883404587513197 0.468589399889783
-0.0147396827791101 0.946171372658433 -0.323330288270722
0.528489967735819 0.29385693413079 0.796458697149982
0.103203580392629 -0.540525256521721 -0.834973932560933
0.297971457349372 -0.945143214523214 -0.133855573831717
-0.930358672669553 -0.224305929157633 -0.290033774469938
0.279587146724009 0.78416126249939 -0.5540055430969
0.402162830793129 -0.819347036843476 0.408577398719353
-0.101852982172823 -0.991883214329192 0.0761160899842588
-0.60642104549037 0.531803478021227 0.591133298293112
0.340227396526459 -0.831260567499743 -0.43960344354069
0.0164013206418553 -0.458399861283025 0.888594712935491
0.761108679394953 -0.647456649669994 -0.0389032768257032
-0.591977978535219 0.114385646733991 -0.797795711163329
0.00173713264507385 -0.0589805912370092 0.998257618166526
-0.997859054319473 0.00251304626017962 0.0653528294042473
0.726800793792607 -0.555996743511483 0.403271902501355
-0.391448874964954 -0.296690843919562 -0.871058161905949
-0.241864243179851 0.740926986262259 -0.626521259734547
-0.102768274687096 0.720892080107521 -0.685385505067104
-0.833527552148943 -0.51400998141729 0.202547670467939
0.686040346619326 -0.15418030081672 -0.711039434666251
0.0436916097222985 0.319454710725821 -0.946593751846565
0.711106727806194 -0.105902636422755 0.695062481556498
0.552135923177183 -0.815583734534476 0.17311584069656
-0.295537036712511 0.93710766904339 -0.185706964196962
-0.50749535347567 0.724903941615131 -0.465792595080098
0.638713979155846 -0.675462496825105 0.368503552511643
-0.995614435223935 -0.0366082978284242 -0.0860913985472978
-0.489611952007815 0.520420464948181 0.699601798249702
-0.776168668666455 -0.243978146857465 0.581409375256833
-0.553141937224212 0.832814301777599 -0.0213151598290304
0.458997263509126 -0.825813105884587 -0.327649547902001
-0.892760643623702 -0.0627945149958458 0.446133704267038
-0.832825063426147 0.467427604851494 -0.296502694679206
0.638055463716384 0.753851674376602 -0.15682116649631
-0.75565518567262 0.600430755645743 -0.261664189450447
0.230930401383655 -0.452115851121702 -0.861546520439427
-0.768325696500579 -0.59316545557314 -0.240479451121319
-0.88160695714555 0.312187572568043 -0.353988831245618
-0.563728023492778 0.736176043904402 0.374507073244539
0.485460974375312 0.873436199853215 0.0379057666397466
0.36330734038973 -0.621898327299337 -0.693722024244025
-0.850065610439581 0.503514979597071 -0.154470460831011
-0.184182738841227 -0.626779449787366 0.757115737544261
-0.735487824561153 -0.676640547720955 0.0348601362904515
0.0650611339105266 -0.941305258841856 -0.33122720077153
0.0458530967472932 0.822508606153477 0.566901302099534
0.670635711473552 0.276942812402183 -0.688149999022838
0.527456811907972 -0.394900078285826 0.752225524521554
0.253720904098141 0.037790261695431 0.966538979526751
-0.783376852461499 0.543542637710992 0.301466595193715
-0.974939791799529 0.0357606751452685 0.219575901407797
-0.203852522191767 -0.961878847936758 -0.182299838419871
0.992006311509095 -0.122369118687813 0.0308103345922918
0.17555794831428 0.531819422725674 0.828460927500755
-0.333636868697893 -0.215405134033264 0.91776198879534
-0.421803314729546 0.884356611006566 0.199988370292247
-0.600954707843838 0.616722218392804 -0.508435978723955
0.534187456637293 0.746244473529395 -0.397193840458556
-0.471306019355261 -0.160978375321071 -0.867154310834287
0.863145819187873 0.249951459647265 0.438752279354419
0.538139918136959 -0.832105751655765 -0.134184375278722
-0.771628529989236 -0.270055287071812 -0.575898909211688
0.867778864272018 0.205392273869075 -0.452519454341642
-0.0929987928491073 0.776897730115872 0.622720757217402
0.565832708295131 -0.518070497217278 0.641433009858738
-0.805612009076521 0.430798373709882 0.406696510976689
0.850494518110917 -0.0622570009008334 -0.522286454450154
0.325043144611238 0.666597158759095 0.670816802171457
0.591139297702486 0.7964545962727 0.127335803244421
-0.0397039111019977 -0.607025440319754 -0.79368993583629
0.370285409106757 0.927576527453962 -0.0499049247979686
-0.872741880456377 -0.321063285242359 0.36774988370746
0.692686745037946 0.398459254019077 -0.60117825653902
0.263580868298291 0.921176416389942 -0.286285060305465
-0.934620458638864 -0.224776099325679 0.275608968405624
0.236276009604234 -0.58813040234678 -0.773483210626394
0.0296151270492125 0.474539796333063 0.87973571369249
0.237033842145852 0.106149602671303 -0.965684844827907
-0.593178556930225 0.271498779846192 0.757910029053716
0.804834080961168 -0.312775262476426 -0.504394426323482
0.196883359338144 0.276949644265578 -0.940497654094308
0.607169837962729 -0.758263462483095 -0.237447487524003
-0.137711563644674 -0.845278912564927 0.516274234502937
0.421438472832942 -0.868412338521776 0.261246289771509
0.643635590419668 -0.383666851189167 0.662218222373649
-0.184192726920879 -0.75760375421228 -0.626186546448349
0.923999089527062 0.33700934529976 0.180694171831267
-0.448240434859896 -0.874116339519969 -0.187085909519721
-0.425423527084462 0.904011621542262 0.0421640927750724
0.344751145787075 -0.640898646716278 0.685853899978518
-0.105855636148011 -0.0451513913323815 -0.993355896019372
-0.644641249850626 -0.703915285554215 0.298229659413936
-0.500636068318016 0.258246514884334 -0.826239834823506
-0.496248704383987 -0.557395861874312 0.665617815689009
0.404876904948458 0.846646477858459 -0.345346830547527
-0.146092722750517 -0.75151988828612 0.643330998685558
0.890195292312317 0.450512898792313 0.0677530041159467
0.0684769215351239 0.96370866234011 0.258024272787869
-0.815323456671034 -0.0945009018801676 0.571241840682063
0.360637385125459 0.573638672659925 -0.735445001124374
-0.0506823472383613 0.985245432501961 0.163470906929749
0.0845536347386657 0.992321747793733 0.090267556231853
-0.219447355868656 0.813814956580905 0.538096714771124
-0.150743007091828 -0.397954127097355 -0.904935941677142
0.824861121343842 -0.545377018371313 -0.148889349275885
0.798571971186981 -0.420481463682614 0.430671737561065
0.132720142406191 -0.00678606842838077 -0.991130320934117
0.625037160843479 -0.250858719544201 0.73918769632169
-0.760601827338923 0.0320848031024494 0.648425343164939
-0.14544315954168 0.901000842025413 -0.408709884896401
-0.653383905211057 0.001980831990362 0.757024140114287
0.412462268144269 0.773296721178891 -0.481546527732537
0.834241545883478 0.132866724857209 0.535151825697777
0.0190087358702987 -0.122568068542912 -0.992278054042451
-0.131196511520731 0.8236266342349 -0.551748713404645
-0.854964488414303 -0.471070032086645 -0.217091566902901
0.460544270857593 -0.117847737577003 0.87977888433869
-0.665434929069445 -0.70093865375913 -0.256673642668432
-0.791071582320737 -0.385721292330715 -0.47478925460386
0.746317300824663 0.640791024671098 -0.179992636490369
-0.897337254758429 0.150865461643575 -0.414759525153646
0.667827216138719 -0.740801975805049 0.0722443217681795
-0.114460815292974 0.351294476153311 -0.929242117419695
0.568005932532172 0.415602259084858 0.710383011376131
0.391691603614488 0.898061415083629 -0.200158393268685
0.169633710643093 -0.983414992720674 -0.0641822117541264
-0.218859340243885 0.238068531677069 -0.946268441518123
-0.689158775546198 -0.402442359326554 -0.602578069222024
0.909841869748134 -0.35686232275482 0.211747620178491
0.789324244508767 0.494446423817158 0.36399171831937
0.945654056084141 0.0865701478931332 -0.313439014331933
0.273469947557979 0.862555114812136 -0.42569104018532
-0.980032650188016 0.15546438073301 0.123963022263723
0.904533853755405 0.418816596986017 -0.0800697539614479
-0.53472252211034 -0.658303195904568 0.529819522677099
-0.541602039567728 -0.0237557367082298 -0.84029928936631
-0.435828434970205 0.0876992954229546 0.895746844177382
0.364821410103662 -0.252535101878985 0.896175965449278
-0.767365383027058 0.63100286750206 -0.113955035588227
0.389698313646674 0.0656057878928704 -0.918602800418056
-0.91449659330011 -0.108716127049272 -0.389713721290256
-0.0546788784129642 -0.905984179999347 -0.419765274702912
-0.223025949419201 -0.974662407787729 -0.0171060437007499
0.16496906477493 -0.0977109241660611 0.981446780506156
0.56819156179113 -0.124254340498545 -0.813461251674982
-0.618829790632243 -0.533389265318207 0.576667652872396
-0.425804482725434 -0.319792787235817 0.846417813921041
0.898765708010569 0.376037149788358 -0.225424630604796
0.0987995842046594 0.168244432590622 -0.980781552162991
0.0638777221016456 -0.596772718638449 0.799863712708596
0.950962560848848 0.308028727989553 0.0280804308538741
0.118175377872131 0.965609067590365 -0.231589526214042
-0.291610438097774 0.0433088135385831 0.955556224961307
0.726799417762933 0.499576412018551 -0.471366115555767
0.593644469070378 -0.640259410952459 -0.487497826691523
-0.319990543052007 -0.908553620035309 -0.268582151078616
0.681635405010956 -0.646693400327365 -0.34228762847725
0.547174857104041 0.793004216585943 0.2678506827135
-0.482408802115133 0.640400574903442 0.597636052548023
-0.448826097861076 -0.752777909555191 -0.48153977277533
-0.156738697272704 0.953409635233954 -0.25776549074753
-0.737037558506703 0.236679865712019 -0.633054720002165
-0.460009991113733 0.74586724856421 0.481739406312996
0.661334924678795 -0.716268355146762 0.22270105705956
-0.480174198917116 -0.176189418473526 0.859296239670736
0.145207471806464 0.423751577054335 -0.894063415578302
-0.258852215163518 -0.508703824686291 0.821106539649076
0.536785322021435 -0.78007879506794 0.321463204033829
-0.413813612783741 -0.678504449578448 0.606951403142884
-0.467929090275309 0.240026406320199 0.850546701094733
0.332455323105209 -0.198941167045973 -0.921897971683091
0.262085134535029 -0.380460669478304 0.886882777618258
0.0257243340262436 -0.985148958723318 0.169763917736572
-0.227129826604954 0.708566697147933 0.668090770449101
-0.282924263662209 -0.6864490556983 0.669881746998759
0.876809708748058 -0.00741986060471043 0.480780282783886
0.284035460287084 -0.897262471757271 0.337999872892783
0.979949588966866 -0.0815456683452848 0.181794133727661
-0.376970649728655 0.742679596480141 -0.553461964560575
-0.243471929257418 -0.285855297187923 -0.926826935696884
-0.403726743226904 -0.0237330519594462 -0.914571735321012
0.431500898704711 0.831069557122154 0.35089936683017
0.164185453072117 -0.495185808104133 0.85313196660995
-0.456423438111166 -0.549179705629602 -0.700056637756808
-0.0802138220652737 0.253516429639847 0.963999565690953
0.476533202326344 -0.637592390087924 0.605303272073237
-0.681380902114588 0.496300195275728 -0.537964852386087
0.787568713929696 -0.182447529266493 -0.588598691727799
-0.296847467511526 -0.424190065948439 -0.855537473745395
0.0544456058473553 0.298674352756645 0.952800769840849
-0.830233251291476 -0.554639461772931 0.0555681194050829
-0.0584985356273272 0.208719334352976 -0.976224441814847
0.746805375940159 -0.36355093167445 0.556877410697829
-0.709614999189776 -0.695796166629239 -0.110969578844615
0.339481628630446 0.934873797946238 0.10374587093469
-0.307740930346356 -0.850743359562471 -0.426064849465336
0.31714863876869 -0.108203127383644 0.942183009903897
0.708518346129505 -0.540436197044523 -0.453795625939657
-0.297280956634377 -0.379579082485086 0.876095744175447
-0.607532636449452 -0.153096818031863 0.779400705643315
-0.88407461168749 0.3122215716008 0.347749581159691
0.941777176032015 -0.198338399800195 0.271509907498532
-0.809302513940859 -0.580076637522004 -0.0924150178822188
-0.705477001356052 0.298198827936593 0.642946078279442
0.903932883252133 -0.417868724660122 -0.0910553212415906
-0.870280589845824 -0.363370528773222 -0.332526019668648
0.987664392138669 0.156006347766617 -0.0134561494446171
-0.971658643701504 -0.192902608995921 -0.13663112223326
-0.87591384166009 0.193418861071583 0.442000097477404
0.510976330507525 0.852543342826078 -0.109877378308737
0.530103765701383 0.0268829968098273 -0.847506520371221
-0.81762846436346 0.122356990123012 -0.562594402061278
-0.0890926691637886 0.396280732580817 0.913796518534889
0.658265127238167 0.284494761267419 0.696957497322121
0.583549309037095 0.631512815130838 0.510550456123442
0.719535740102543 0.124411469080497 -0.683220392755016
0.667920138587996 0.0275376420561027 0.743723313295061
-0.129442956510314 -0.916493753897599 0.378528360993673
-0.206669472879739 0.627320009052856 -0.750837755591403
0.297811882330891 -0.954184098140804 0.028996372148108
0.979716179277032 0.11696720927032 -0.162711032257579
-0.178505938468683 -0.848599545441266 -0.498010483231319
0.18239641534277 -0.954698498042185 -0.235121937526263
0.247394115812237 0.959018925801561 -0.138126215527328
0.364627472057298 -0.49288378117225 -0.790007838491777
-0.18407982430269 -0.65181776357284 -0.73569573967476
0.552826923774911 0.304577380649108 -0.775638454143745
0.187937482853021 0.919362026926543 0.345619684023335
0.645535771586123 0.626533260742955 -0.436737496427213
0.729919055037136 0.150932600739323 0.666661475658942
-0.968477313129071 -0.0772005930598908 -0.236836995390282
0.525625173994594 0.811311796678144 -0.255912768407585
0.783392187439784 0.0146839317229112 0.6213542168582
0.0362617956266475 -0.999319167519613 0.00680320555608966
0.039121661302014 0.683027014207092 -0.729344632859059
0.311832397182166 -0.901135133486128 -0.301191014581381
0.319386460974531 0.766931449346824 0.55660438423439
-0.0964011801143808 0.666281903863909 0.739442517749716
