# command_history: dirgen -cart 0023 dir0023.txt -force  (version=3.0_RC3-1000-g3151ed7a-dirty)
-0.651917291709072 -0.391130770205979 0.649631099447052
-0.215818013761446 -0.202010959294866 0.955308409499693
-0.132724339399455 -0.669719492045951 0.730657273764308
-0.126916419547183 0.838889401808782 0.529298397864785
-0.469536053327087 0.743510275061055 -0.476160020901228
-0.511194289305569 -0.796183482905972 0.323685433915538
0.61387261033204 0.105678202782024 0.782299517921933
-0.366794898635032 -0.628331050795031 -0.686047806601063
-0.820226262308543 0.571371858255052 -0.0276238703574816
-0.597432846216018 0.127905183076482 0.791652864836855
-0.317691223066439 0.389062653056507 -0.864697946558902
-0.0189151654347897 0.947432575699936 -0.319395884474361
-0.632553224730775 -0.745976449501983 -0.208315997156033
0.642131200469153 -0.597104527028944 -0.480763668745451
0.185880372467115 0.969600868171788 0.159130900745274
-0.212268823233215 0.470055096175417 0.856732252948788
0.780725798569685 -0.324138532641535 0.534229762466226
0.846408807214428 0.340571133636339 0.409393983838928
0.160878367354627 0.161201993412344 0.973720734213458
-0.915376186452517 0.112084485493212 0.386682693415893
0.9904381502091 -0.0664567935079702 0.120895679025414
-0.896808963505284 -0.408676464292785 0.169461590071987
0.411242164747295 -0.909128123298078 -0.0660752401620538
