# command_history: dirgen -cart 0076 dir0076.txt -force  (version=3.0_RC3-1000-g3151ed7a-dirty)
0.248366001924611 -0.946059280157774 -0.208053280472426
-0.0702822318155638 -0.719842035391175 0.690570671238588
-0.17805972907791 -0.0708338437270549 0.981466912057433
0.740950609282742 -0.0583434291983546 -0.669020357592286
-0.310615689747852 -0.94842062443179 -0.0633735941451971
-0.952452633826088 -0.302159308283165 -0.0391628999894905
-0.378847944382037 -0.265482324563659 0.886562671434897
0.541015393915813 -0.831245084350824 -0.127804355515411
0.114413872150539 -0.877188149278023 -0.466315790667351
-0.668808656406781 -0.663602843954193 -0.335151080277633
-0.613161967263042 0.619882436694548 -0.489671488428462
0.35872071874452 -0.474227993753418 -0.804006999897403
-0.307448899296874 0.349653424427033 -0.884995851463491
-0.335428106383614 -0.849027066051538 0.40821688666666
-0.600644419516897 -0.164810838599808 -0.782344980672362
-0.567800374081099 0.277071626898759 0.775134858434995
-0.973150538866929 0.174920545107464 0.149602244643296
-0.207122862861114 0.787229752539536 -0.580835119803165
-0.746507039507572 -0.444610503859775 0.495023979038588
0.527271393457067 0.467968822888913 -0.709217920279661
0.352231379733493 0.680777771111097 -0.64224191819909
-0.880275943234165 0.08191719904376 -0.467336962227498
-0.016282808987683 -0.315706923292571 0.948717033006475
-0.122862491748113 0.558038036681079 -0.820669457052334
0.213006829512703 0.495691146340691 -0.841972908127333
0.779404316603982 -0.366996187501474 0.507782147794172
-0.165745841820533 -0.968893349522464 0.18377702024558
-0.18789524643586 -0.398543043907328 -0.897696395514591
0.407376817605594 0.8552027890858 0.320425214390826
-0.0101314024353773 -0.166821583288719 -0.985935045544957
0.76190731749249 -0.645646131950172 -0.0513644998922346
0.708143681964624 -0.10693615984382 0.697923479624695
-0.724891897267721 -0.660943946555046 0.194125827204532
-0.660730376157918 -0.215530818106421 0.719014489748707
0.248247823665457 0.631708323375257 0.734382469986713
-0.466801377432696 -0.423134370981691 -0.776565372728444
0.468944745342299 -0.109264338024137 0.876442884763173
0.0266599451718674 -0.695593168217597 -0.71794107812023
0.880278438672356 0.412935229139897 -0.233654374972394
0.757229109838741 -0.352955553563568 -0.549569333589006
-0.397979273895554 0.603173793376416 -0.691226354050157
-0.8989833138797 0.115749440634083 0.4224110182734
0.365122199347122 -0.927395785986377 0.0813808065739733
0.940560435282048 0.151295357062113 0.304065424725488
-0.298369296236597 0.707418985642983 0.640729382668791
-0.472000358353772 -0.681893781365541 -0.558781292321884
0.41957716648101 -0.819529638357245 0.390289857954072
0.797121416090755 -0.544609246828293 0.260764676055996
0.676289288338075 0.457309850203562 0.577495021091937
0.585864347776848 0.677362526759297 -0.444907825674341
0.488513130453484 0.855912403227653 -0.169613912682895
-0.858966186336744 -0.177653541080763 0.480225270130151
0.99653109049817 -0.0144247833003151 0.0819616452816018
-0.430720981796711 0.80696581950779 0.404086131890465
-0.162903830696742 0.0901468291382613 -0.98251508443415
0.934782187812696 -0.253213153322307 0.24912920409435
0.0890437798976757 0.961992841284712 0.258149140185477
-0.970200843577196 -0.124546701975071 0.207842349267974
-0.912822535380108 0.408127928217635 -0.0136606409443865
-0.798202426046499 -0.193166862130278 -0.570578172057279
0.053477536471138 0.888090593365441 -0.456547096222063
-0.681568338515988 0.64546220884644 0.344736329509425
0.819861489584502 0.56896933814898 0.0640392859313187
-0.565620936952583 0.566187238532146 0.59958733025659
0.603002518623998 0.793246823240711 0.0845425333878476
0.575391601075457 -0.376382469248447 0.72612722181052
-0.61444704161672 0.767724667751422 -0.18180667637474
0.334944431368695 0.152036085184808 0.929890991835484
0.287488067162278 -0.208028554732019 -0.934919639143068
-0.859736716480207 0.422904312318679 0.286364664297286
0.0884588853887652 -0.456839613908241 -0.885139871862039
-0.183199268804333 -0.83596347195431 -0.517303683988094
-0.16159792638512 0.945992599676104 -0.28104112073872
-0.0519083578299456 0.998651079067257 0.00124284560664219
-0.845153369985953 -0.422953573230842 -0.326842555510524
-0.492892607479571 0.000686229207842068 0.870089884196722
