# command_history: dirgen -cart 0121 dir0121.txt -force  (version=3.0_RC3-1000-g3151ed7a-dirty)
0.0753258979976369 0.162613159974575 0.983810433617134
0.382535721346562 -0.80019693290345 0.461899654108743
-0.421951671103619 -0.238424975109804 0.874705846840384
-0.46207051424621 -0.45013022960211 0.764116232167983
-0.96674055452133 -0.198752584442573 -0.16096617787967
0.642659750922645 -0.553663781853891 -0.52957044971117
-0.442729205718931 0.691229348883555 0.571132942182029
0.362647540864602 -0.931643306429378 0.0229676008802325
-0.359211787058435 -0.454893464637359 -0.814885775964034
-0.638665270285214 -0.757408938843897 0.135787966664492
-0.741226638928445 -0.491449778747835 -0.457230997102718
-0.948368127050046 0.317170871722768 -0.000730565675957178
0.359220735274926 -0.426173692286685 0.83026287846156
-0.476652497095605 -0.0450451193604855 -0.877936976231394
0.765888817826827 -0.564211057326646 -0.308350776743263
-0.496805870473166 -0.274180010199463 -0.823413170328494
-0.274423589302277 -0.952535731330349 0.131785333681
0.598344597238174 0.42405034814414 0.679827217162362
-0.595106389964712 0.717182970345407 0.362625111747253
-0.769167593887073 -0.596501469521647 0.229275400713829
-0.572435239419618 -0.609481495082858 -0.548498134748122
0.568330489307061 -0.820028904220923 0.0674763007746398
0.174210322976776 -0.910603783720724 0.374768611868482
-0.166564149035301 -0.610941320788663 -0.773955481154536
-0.029094171944639 0.0812054167937687 -0.996272658182591
0.148123855034778 -0.072594458153915 -0.986300850762573
0.624152413303288 0.704115070538209 0.338608523827524
0.801047871199307 0.0246993620942632 0.598090502816417
-0.0482843255683026 -0.297806329535303 0.953404433592127
0.908135479715095 0.410375184456405 0.0829587756961629
-0.254145599059217 0.650065668546793 0.716117756416948
-0.581059347245395 0.758670316072216 -0.294600384401718
0.293508095268712 0.231296960886026 0.927553078748931
-0.0595879359278028 0.550162926766147 0.832928587517544
0.386993025446669 -0.831495402724 -0.398562157642302
-0.799377253959259 0.377198571769259 0.46767215365872
0.567387345203366 -0.651538973226693 0.503555922286476
-0.316402538250557 0.92688248996457 0.201936335476512
-0.16903023389582 0.792629759932386 -0.585804441514959
0.775135556789233 0.288432066025949 0.562113700143528
0.465355893553903 0.851925108736282 -0.240140586822224
-0.642755585733627 0.0726510776416978 -0.762618566470632
0.969772334414762 0.0452489166711598 -0.239779388071263
-0.976719387934646 -0.202528873151315 0.0707198188107798
0.432704167487211 -0.190563241190341 0.881165565910421
0.897631194022443 0.141900137097492 0.417279990665209
-0.78811856313145 -0.569266456771128 -0.234104317864632
0.789043418917955 -0.159629513022546 -0.593235957806377
-0.750047727640088 -0.066227215455895 0.658059543046751
-0.73922239478417 0.5757450876599 -0.349382090389664
0.244645190323237 0.898460148360329 -0.364579336578531
-0.659902286263744 0.352919371883451 0.663307537672589
0.136534944597246 -0.431638335934047 0.891653831851753
-0.892103542369399 0.12335235358435 -0.434667075538476
0.883911963455108 0.051762378453205 -0.464779837167882
0.241669232845142 0.774647042375303 -0.584395364145914
-0.867309997266895 0.465209715207954 -0.177068601160774
-0.794019937991538 -0.271142956790138 0.544071534869281
-0.25093852040947 -0.396502902503678 0.883071518780254
0.739119238063227 -0.662552318514334 0.12135558147904
-0.269397355563891 -0.606227485180083 0.748273546924796
0.666972620724077 0.165599951353766 0.726446267328897
0.383850580705576 -0.889649137197388 0.247352267780052
0.0379390077462845 0.721754293566026 -0.691108798533367
0.262308926441241 -0.00224693305852722 0.964981335778612
0.214506967430007 -0.229784208998133 0.949308157670145
-0.999299440442082 0.0312662349635788 -0.0205682007804125
-0.45778795778062 -0.855599880816759 -0.241617527628682
-0.484468637359007 0.296025658389993 0.823200430630523
-0.628178476980118 -0.66893094363092 0.397395512948984
0.0636590696696151 0.538038958023844 -0.84051270216304
-0.577216971825436 -0.0898903340887566 0.811628175505315
-0.646444932770605 -0.755095156477345 -0.109271467271481
-0.20448465419916 0.809687116749488 0.550084356409953
0.135333544937578 0.407688646472739 0.90303643290393
0.703437568681874 -0.700680034558026 -0.119260538899911
0.389260745878549 0.626518264125391 0.675241391233818
0.47757010654489 -0.511488054812179 -0.714357587710214
0.62327464420254 -0.129002164735503 -0.771289283853828
-0.361348671204199 0.660740096957634 -0.657913111353906
0.519707509324829 -0.506122456573778 0.688290755206771
0.0379882212429547 0.87435559031468 0.48379664812012
0.795181674498341 0.454970743127703 -0.400858737512158
-0.893405696977487 0.377460098548761 0.243618830577053
-0.0181339861623961 0.734419539374889 0.678453460990684
-0.763970091692766 0.222408697196937 -0.605709559450821
-0.125753881371303 0.9880227093566 0.0894264340991835
0.215686570301782 0.774103264908048 0.59518353358452
0.297691921951507 -0.23009724045496 -0.926517554901056
0.972667751848375 -0.166212464019464 -0.16214456919307
-0.968644165284337 0.00742829485511333 -0.248341099087837
0.649998150853707 0.493998094233513 -0.577467130476202
0.246963168769776 0.897580256967315 0.36518334514827
-0.420490253076765 -0.776985575531227 -0.46848838030825
-0.0743790323760693 -0.996986105367153 0.022055957191564
0.0637107908575409 0.969701180908963 0.235840104460777
0.0848475448545855 -0.331120248432819 -0.939766074728141
-0.897642134142828 -0.413345594042854 0.152918340616386
-0.910350682128855 -0.255733939707472 0.325364084725441
0.703707927458644 -0.445234207719914 0.553680099974598
-0.632882716435634 -0.298119801879899 0.714551643314983
0.407492193738297 -0.0299541105997923 -0.912717296483706
-0.271387018483938 -0.955017732813471 -0.119541692351315
-0.877302670843912 -0.355036144589361 -0.322938631577675
-0.796414700581789 -0.60474929283116 -0.00138474453640438
-0.524100171500024 0.834904044477985 0.168089995978193
-0.951039598875491 0.230110070907661 -0.206332345107637
-0.0377461593446869 -0.871414876357813 0.489092364198239
0.588235434132626 -0.300783351138763 0.750671998750811
-0.282867630560228 0.454995389804245 0.844372606636505
-0.849238539352742 0.353735136484667 -0.392001730218369
0.469943854854942 0.882694128383237 0.00196188731437831
-0.847289175026736 0.527611839332474 0.06104752966924
-0.435217774325814 -0.780079050763579 0.449513251718655
0.171120198428857 -0.618485932004433 0.766937435259406
0.140801227174165 -0.926127666499531 -0.34994650987027
-0.161160387906859 0.976094095171392 -0.145834312633384
-0.230231147233753 -0.142042424637323 0.962713648208324
-0.0449171592425049 -0.964704393082266 0.259476169952774
0.469216846106602 0.632483426445273 -0.616279373824746
0.905504060175837 -0.171117467744119 -0.388305561688106
