# command_history: dirgen -cart 0157 dir0157.txt -force  (version=3.0_RC3-1000-g3151ed7a-dirty)
-0.395166348469606 0.895057026762612 -0.206679645538864
-0.452742720572501 -0.434898396916574 -0.778387701166972
0.110058396727386 -0.856384856204314 0.504472127449787
0.898115703524164 0.0280105577452432 -0.43886625723345
-0.622115544075949 -0.440094528511456 -0.647525332163434
0.0969964713851483 0.921375759123996 0.376375337977278
-0.252930510084465 -0.419352146359395 -0.871877247330254
-0.29085920930687 -0.57980489930346 -0.761069772823154
-0.789685200982549 -0.0913903136361284 0.606667201950659
0.678338908501037 -0.665012593445822 -0.312433314120125
0.527830909072255 0.0685634590882208 0.846577570873346
0.946012070383862 -0.127390543427573 0.29804833858498
0.344686941781989 0.0638425287779273 0.936544202739101
-0.989688161544443 0.142380626394043 0.015655673936996
-0.211179251147107 0.220619126003548 0.952223988947127
-0.77924551118522 0.492085703825826 -0.388108352638703
-0.127590386984282 0.930200082392427 0.344163478402812
-0.939639550890724 -0.219636195353607 -0.262368931263727
-0.211351718555346 -0.712022650767605 0.669592559589468
0.854717944632882 0.251304147935681 0.454206407212474
0.590419912546773 0.7434119523739 0.314233982783351
-0.0430388759024601 0.857745663592138 0.512269491332381
0.52119120997222 -0.394203744383888 -0.756943280940795
-0.203875109991881 -0.24452288045099 -0.947968090423802
-0.511316908435761 0.788053597219964 0.342821450694631
0.922456129942941 0.373591189290846 0.0974900590570349
0.517713166835089 -0.485433488653284 0.704505078036692
0.104448821884106 0.417643264392352 -0.902587695082712
-0.48721129743793 -0.731552354545929 0.47692379287173
0.64499305401053 -0.31435767867163 0.6965365820532
-0.586395849712588 -0.26084972979776 -0.766875039301898
-0.750272645679427 0.647513811128012 0.133479667154479
0.020970367581314 0.336892742311775 0.941309472947742
0.281698705508323 -0.672344434081507 -0.684542768039042
-0.275948195963244 0.307260153892693 -0.910738047395885
-0.141611786997063 -0.989412441988199 -0.031766671567025
0.739507881004075 0.589640742983681 0.324733564859741
0.663741199325333 -0.496991937642939 0.558969260546666
0.518487516267094 -0.653782749640557 0.551125041844057
0.464843618631606 0.747484919694415 0.47453841261473
-0.988570973720503 0.00469482088270685 -0.15068307328355
0.801553651540362 0.531062133189093 -0.274744889661232
-0.880742213514323 -0.465281983327333 0.0883506045529651
0.689555962726335 0.0698742782150821 0.720853771241074
0.109456558896384 -0.444495104823896 0.889068818203718
0.589619742267629 0.552603552881553 -0.589048277198855
0.283460883034575 0.853760257337502 0.436741743803202
-0.948271209618651 0.262016045534341 0.179246491990572
-0.362683462734901 -0.874884441981495 0.320995200956884
0.603726164603656 0.386224140822602 -0.697384851583975
0.134427331080473 0.803335592839037 0.580156201325586
0.78559573727856 -0.32389667421886 -0.527190935050782
-0.879674752630873 0.311526162931841 -0.359337973769508
-0.897649699124665 0.174002200704135 0.404905238063818
0.326622068415681 -0.502536786933835 -0.800484104902827
0.11706827564117 -0.585116769063428 -0.802454600210615
0.981221242374343 0.178379938912879 0.0733857677399951
-0.0777561940036585 0.73542016996344 0.673135311735324
0.522589301962337 0.0440464464693737 -0.851446024142422
0.745683619616726 -0.126071845785366 0.654264341941061
-0.858980181253909 -0.411189266256803 -0.305084308885582
-0.107081222056605 -0.668689912274635 -0.735790332299225
-0.775566817202672 -0.629855201653416 0.0421727044929803
-0.251378872982881 -0.550611250449746 0.796012508127871
-0.0848664054872989 0.996387586660412 0.00307739641669273
-0.0333786312022716 0.146312997230093 0.988675059774752
0.826697892268429 0.545379733191376 0.138316815836111
-0.258832795939843 -0.955258803867334 0.143130015649806
0.802529686246157 -0.11807923545365 -0.584810564925367
-0.451872080568767 -0.884815302243645 0.113637598170415
-0.237374209789266 0.814549791247048 0.529303431035839
0.592735974655184 -0.791797045250929 -0.147382168125819
-0.306652143325491 -0.358023610091861 0.881920380539351
0.327337835004214 -0.876972621197549 -0.351808134420815
0.887249925318177 0.356114897441224 -0.293205985347018
-0.757898568152348 -0.453166568117814 0.469286503037263
-0.967571977940465 0.067673375080603 0.243361422188433
0.351379594940128 0.138651833658 -0.925909309426677
-0.364687499270731 0.630811464390133 -0.684894097119866
0.413998198713963 -0.895697785489799 -0.162268199380727
0.644608494943565 -0.656111233104218 0.392425710219215
0.756062038017297 -0.51029227998658 -0.409843852772284
-0.162329998182944 0.411811740737581 0.896693962219334
0.648682214689892 0.17111663885606 -0.741572977023585
0.230934888339214 0.946369482070271 0.225951058315294
-0.47873299470909 -0.597144615349545 -0.643609375425739
-0.0478186608095255 -0.98635864274554 0.157511915611358
-0.650358547390762 0.462192274622888 0.602836678640823
0.214596108017945 -0.962716864765166 -0.164695928062228
-0.373318290661625 0.311533917622242 0.873830688422203
0.9249870347465 -0.379588932203139 -0.0176416580784642
0.438798195191528 0.479301202762343 -0.760083219737963
0.0110322821657676 0.0773433982869168 -0.996943472565845
0.349135509221325 0.93515572521835 0.0599013004208332
0.261801300555577 -0.894282880803143 0.362930032003195
-0.873812461787647 0.444304021178765 -0.197599894708961
-0.416377670608205 0.127820518834921 -0.900161957862949
-0.189062752871495 0.739743990033554 -0.645781777914095
0.200598809679516 0.000214599344300635 -0.979673451463437
-0.924962405647553 -0.0576036230492451 -0.375667899547316
-0.472719359381657 0.578069110052792 0.665110901480775
0.539588560116749 0.792341112024137 -0.284674810946611
0.0503753777465043 0.592744739897007 -0.803813407851179
-0.675543869386167 0.0450294035392039 0.735943498749509
0.995368439344797 0.0515282288194694 -0.0811573261698059
0.415839783124517 0.864384464721163 0.282695546338571
0.178925761693527 -0.966722995732756 0.182844801194559
0.329173521045936 -0.475586748194567 0.815758565988699
0.340424993339788 -0.782283658585423 0.521673366600031
-0.16324099568834 -0.221962397051978 0.961293436793167
0.77832388105461 -0.319345577572074 0.540583331471891
-0.299908532711202 -0.808299639161687 0.5066621806866
-0.53566171008856 0.180348351856867 0.824949091961141
-0.673863967251154 0.259578899896941 0.691755844477537
0.823558195417845 0.0672909400173485 0.563226267277801
0.505824513969101 -0.862016945834595 0.0326855650390062
0.589475402055561 -0.778470936062878 0.215642649021063
-0.829690958288564 0.557352058191598 -0.0311704501698824
-0.62312853557209 -0.605993841648412 -0.494451506257168
-0.407084754459509 -0.256177477141939 -0.876729777577922
0.313546385072991 0.722577280464223 0.616093124587987
0.475550164331408 -0.311944029576335 0.822522318004837
0.214000044005349 -0.127998140980551 0.968411305732865
0.40519732596149 0.647628922410446 -0.64528436048857
-0.145590142234168 -0.059115621398842 -0.987577264719507
0.099887456894199 0.851934702753669 -0.51403283766626
0.750763265562042 -0.623938357774588 0.216922670046654
-0.0395170136212644 0.94020881121806 -0.338298384480889
0.595211905453401 -0.125639855132118 0.793685967123593
-0.525148611667745 -0.843082298155422 -0.115892942841281
0.7553504289646 0.438148072745973 0.487310984702771
0.682202532640253 -0.729900384802619 0.0429550081388974
-0.744129997179367 -0.301438544211278 0.596158830649703
-0.157882428209411 0.602232921401292 -0.782552648224492
0.737035009347622 0.260187533134715 0.623764252420112
0.0122580005611089 0.743073557768611 -0.669097473592109
0.308197561365261 -0.951093848345715 0.0208507747444475
-0.594258671606117 0.632142217438985 0.49724525955735
0.618298345352669 0.78408888191455 -0.0539609246783524
0.951170471548309 0.145103768047825 -0.272432800068
0.691240171217581 0.709025791190315 0.139532982201475
-0.869740549113228 0.360408138365115 0.337131059127475
-0.474891362564424 0.794485809881644 -0.378510887106849
-0.955325994886969 0.257309479238144 -0.14541002505817
0.863027675441363 -0.127901617086971 0.488696641863657
0.377525871172487 -0.0890197965966353 -0.921710199796741
-0.168216196294348 -0.926660179972288 0.336161006302022
-0.861432038354627 -0.236912225112722 0.449229830808609
0.0509548758997593 -0.268921939834106 0.961813178791964
-0.0102535213085465 -0.981520778440174 -0.191080681365151
0.692975727538715 0.687062889854616 -0.218470195740315
-0.0682080222780578 -0.512059318832905 -0.856237653746492
0.486426613893101 0.268123838256729 -0.83156404242546
-0.421901887312137 0.738749628830838 0.525592792363781
0.656577716554971 0.629861563032211 -0.414945916401259
-0.851578652503386 0.488623596876979 0.18989675925492
-0.955346539147212 -0.274686818688949 0.108904278051822
