# command_history: dirgen -cart 0255 dir0255.txt -force  (version=3.0_RC3-1000-g3151ed7a-dirty)
-0.78370172945025 -0.00903439592393922 -0.621071637532239
0.876728647993575 0.00538192778466567 0.480955208559673
0.813847091783741 0.149433043102813 0.561535997799055
-0.270271764820063 -0.900405796073028 -0.340914322871811
-0.669569329890895 0.00258204364980638 0.742745074382893
0.158165710376632 -0.955157467124924 0.250315443104408
0.416647464594521 -0.0826153522469565 -0.905306353573236
0.374575586481141 0.91752333030045 -0.133581691734615
0.056925868660054 0.388938445032132 -0.919503306928956
0.349297673934075 0.528247307501902 0.773915962557458
0.6095501861392 0.490796228015693 0.622549301777164
-0.898120527496561 -0.152811295350588 -0.412344790318216
-0.292137150027259 -0.0286295123663631 0.955947821063271
0.333866725327581 -0.766691824168992 -0.548376382124048
-0.599761719611925 -0.558921805721683 0.572618804072098
-0.629936115990738 -0.775512016784568 0.0419714378266387
-0.938420302224158 -0.298079948782427 -0.174687379359202
0.896276309920421 -0.298131695551554 0.328338648932759
0.678174204884425 -0.560594205028075 0.475198784845163
-0.49101275567315 0.448532920226489 -0.746809676717808
-0.625778998337746 0.681599978803595 -0.379238861582443
-0.327027079610429 0.823265696492849 -0.463990174658492
-0.985155323417246 -0.00818858444239954 -0.171469926889501
-0.404012123937013 -0.865012721794332 0.297535199339281
-0.496477546955984 -0.868016360635392 0.00759230122278647
0.227826417588906 -0.307427367771269 -0.923895847481649
0.511692820926278 0.842583204954874 -0.167999999227622
-0.0402770476409634 -0.280261627574478 -0.959078296878118
-0.57898011820307 -0.676403479216879 0.455258559533877
-0.146219763317923 0.891809219345317 -0.428130934535156
0.762339189867695 0.561452258549848 0.321885571222353
0.646849458201925 0.663990267804419 0.375103589272206
-0.947716100766823 0.27638896567967 0.159509661142676
0.494830103242617 -0.258326763094734 -0.829705039392855
-0.246784729717033 0.966039136422025 0.0765877541091269
0.697629230188401 0.683424631964081 0.215044715376826
0.876692806584992 0.412519255109425 -0.247462294190641
-0.957630566624665 -0.287878228866637 -0.00835602840653191
-0.799206547475023 0.440827575922065 -0.408582846898556
-0.89781961973095 0.428382935813453 -0.102019560526493
-0.20282241785519 -0.728300394531285 0.654554506623359
-0.733312941468423 0.443042993157305 0.515717981157478
0.606179980082975 0.787129513885059 0.113898903057383
-0.615164692606425 0.566586932311568 0.548225910646522
0.364046984271626 -0.226820923464984 -0.90333939464701
-0.590452852462047 0.14604041502197 0.793749095243354
-0.467920492876984 -0.669993865528129 0.576332050558041
0.985087554922686 0.00731657048217271 -0.171898158608009
0.533932663774334 -0.119126897862574 0.837093001261201
0.957772576884051 -0.138000798143287 -0.252244862545704
0.870833120664482 -0.0014941540783189 -0.491576487901273
0.724525924307002 0.396454245846781 0.563813990565278
0.291324953007912 0.860810858971695 -0.41729418499585
-0.373955206926906 0.364388963560334 -0.852864694103162
0.695548358427035 0.113799219742747 0.709409767817866
0.486466815361891 0.441097232640667 0.754177213198865
-0.236694493716738 -0.752938718032145 -0.614051303664676
0.0760596308436203 -0.477021895384204 0.875594109093931
-0.80422456965711 0.56811552665892 -0.174549677538786
-0.437722995102355 -0.779645740280642 0.447829319295726
0.422457633442644 -0.0226267988170269 0.906100201921032
-0.0798474247510644 -0.824985823056573 -0.559484388089867
-0.274837753783321 0.930634929380924 0.24162540700742
0.352864418863684 0.504595852510411 -0.787952871388439
-0.0165071646796743 0.946228393058064 -0.323077918906559
-0.637617409867383 -0.745037738859839 0.195864254800685
-0.818070361358012 0.155287652402913 0.553756831902563
0.317114527640804 0.9296061679689 0.187805082022097
0.739120994485439 -0.284363621874061 0.610604197549871
-0.737540764977145 0.135086052848784 -0.661653518333171
-0.943970277751877 -0.28405837563494 0.168020695013097
-0.0715049681146619 0.671291680397954 0.737736077037996
-0.0804347591451577 -0.536772152434061 0.839884459847047
-0.370893748249191 0.3809599977426 0.846939966957295
0.205327990994109 -0.974786390522647 0.0873607976506168
-0.08633985377 0.533622757637452 0.841303858414055
0.569884836324459 0.630499303952303 0.526974288787514
-0.483244273595356 -0.400279901165874 0.778621199788405
0.0808390045505914 0.721893957646105 0.687265719541804
-0.546684747122773 0.647051222995633 -0.531470132823252
0.401576069272784 -0.716182862018147 0.570805368526713
0.324161844919009 0.763803796312921 -0.558142328655223
0.943695734145005 0.0053767504608826 0.330770996175604
0.961156637145467 -0.275717630352051 0.0125581521039814
0.483992352217996 -0.67539083001312 -0.556415878393743
-0.313903996808021 -0.199212641198366 0.928320313455825
0.721394511574734 0.256477836353604 0.643279937608211
-0.163755442206265 -0.13221562418534 0.977600728247024
0.695142276301256 0.537002152538516 0.477918302503377
0.482370514656011 0.541497252769304 -0.688548772298514
0.128750532999063 -0.0311271091010726 -0.991188379336374
0.213500564886819 0.450012663903217 -0.867125199218509
0.0429417373007678 -0.988409003232716 0.145614729770382
0.169981892138223 0.833695738714214 -0.525411811434489
-0.229916819416316 0.462997871452057 0.856020576376731
0.821427032396914 0.291579107508144 -0.490142075843682
0.630700987454201 -0.217088192118163 0.745042939210327
-0.692950668505363 0.686726011600542 -0.219605910688174
0.00836081206533083 -0.955133854178966 -0.296056442967963
0.954844566028644 0.14725813335771 -0.258044369993949
0.34326677751185 0.354315504219479 -0.869843918715494
-0.541175927199073 -0.775281543222612 0.325679512033823
0.143565101122276 0.917908286022055 -0.369910043377851
0.987043904841867 -0.135357218048951 0.0861554028286573
-0.475601273795637 0.866477924521578 -0.151721569596238
-0.830147723386791 0.300330293937108 0.46974085611045
-0.250617065398967 0.1295022538676 0.959385351552765
-0.613855894060207 0.782832486801512 -0.101755780846616
0.505987299269369 -0.412739681628481 -0.757378906616305
0.702819583881293 0.555680060504153 -0.444144461713784
-0.954178798631025 -0.155323821911666 -0.255768118790843
-0.0592405664301922 -0.590494772114097 -0.804864261472052
0.513084538586428 -0.858295992682912 -0.00849971811341671
-0.101572341132125 0.325548030688579 -0.94005400867808
0.222709688143279 -0.604982885270355 -0.76445804550484
0.469575636285262 0.29955708343144 0.830520484740347
-0.399543037739758 0.907819453301118 0.127393882120558
-0.129199071475426 0.165005132254067 -0.977793897638815
0.611117293101762 0.35176116224685 0.709083731872845
0.25986935533486 0.931163120694143 -0.255740416862468
0.603982463100857 0.285373738120314 -0.744155235053722
-0.862895386333301 -0.437418517249479 -0.253133547780553
0.290361710146735 -0.661015350071673 0.691916746617891
0.828659631330573 -0.297695868781408 0.474025721995718
0.316489572828545 0.240791831139734 0.91752582761859
0.350079726641225 -0.516956340142393 0.781153203527571
-0.0215384951128293 -0.10632797936678 -0.994097809087241
0.543143395725694 -0.822980165419396 -0.16642986212163
-0.119602579507806 0.716496243087716 -0.687261490712427
-0.273517860505006 0.899142606463159 -0.341658533081498
0.568280960361204 0.77764633102902 0.268929235911701
-0.902458355737517 0.282134800589941 0.325528601593796
0.860168479204696 -0.439363009519706 0.258979406996902
0.940865031786352 -0.290769610712986 0.173856335655293
0.621673198897811 -0.371578147386987 0.689530357675872
-0.19697779748772 -0.977363092181119 -0.0772083760938382
-0.124980679172735 0.974358657375386 0.187096329817442
0.676999919154646 0.663278839334629 -0.318954998009924
-0.723099915000121 -0.292374693999733 0.625814310507023
-0.984349429469692 -0.151402648919092 -0.0901855786862572
-0.0404331399936208 0.88511502803398 0.463612498039756
-0.729815499296633 -0.681795138264045 -0.050246655867996
0.0877883198190559 -0.380705807660826 -0.920519580952337
-0.906410281364082 0.147816980901469 -0.395689956903964
-0.579994160011374 -0.138381472073021 0.802781005343054
-0.987340939534032 0.134744104201967 0.0836773296829187
0.644276617719525 -0.761807714886063 -0.0675029288250859
-0.709166143167072 0.573910217167172 0.409524656176731
0.89528607841509 0.145051562524209 -0.421215956494308
-0.499660778331653 0.551592540780686 0.667895781954127
0.58962858634229 0.2087598909178 0.780229093351421
-0.0746177356758203 -0.996612636308554 0.0345752320704881
0.999958672808687 0.00907307051400034 0.000576251799952812
-0.366010990312486 0.930036480741358 -0.0326817909653502
-0.0353243025689033 -0.990665032879027 -0.131662395082337
-0.48584619115115 0.761329003896901 -0.42933859175396
0.775394510398096 -0.569355978363545 -0.273124739169099
0.0554626115511283 0.445114870505812 0.893754245178462
-0.828402026509621 -0.560091289533973 -0.0069159137447314
0.448606335270658 -0.780647988102599 -0.435133398656543
0.911141697254006 -0.407796493873717 -0.0593534085743443
-0.10522978695974 0.207651986761541 0.972526269223815
0.896720036810857 0.28360589720094 -0.33979533642295
0.216839857113449 0.598368934799072 -0.771320357720735
-0.716397209068299 0.427686486744583 -0.551234349342662
0.624248527609511 -0.293763908533517 -0.723889868571504
0.555998084289549 0.0561561401819011 0.829284401267878
0.154186178164938 0.95869956359297 0.2390016092614
-0.958465691203263 0.144770585357004 -0.245733588265099
0.46652980274791 0.250358503465189 -0.848333992535173
0.324235055440873 -0.926753911986399 0.189733537997792
0.441739203211434 0.147632899761549 0.884912991911704
-0.157844435032229 0.920844875312923 0.356552730937913
-0.721534990170952 -0.429363591408035 0.543170474466532
0.706350352309248 0.147361271004805 -0.692353836994098
-0.737600832741953 0.302196910112866 0.603839414957829
0.365125463082505 0.810288450575794 0.458384143565486
-0.1879781445593 -0.296988893261414 0.936195393306015
0.893551525629054 0.298558126055589 0.335303916487961
-0.59636647136419 0.679715694535638 0.427005393917407
-0.424944894903011 -0.851478317561394 -0.307256425512449
0.203567790773802 -0.574466740797857 0.792810266253258
-0.340067174453697 -0.654353002546242 -0.675408369001892
-0.811478679262817 -0.147606757177354 0.565433106863633
-0.831721632990658 0.554884096759441 -0.0185138969105162
0.244415475716404 -0.773700444588366 0.584507226023844
0.072042510841073 0.678043364911879 -0.731482789907385
-0.446988781493447 0.594085168212027 -0.668777872039357
-0.0645976106892067 0.786199104550294 0.614587761591102
-0.338487063790405 -0.390807479435312 -0.855976647849676
0.169481858255276 0.177151231575301 0.969480964678365
0.228797476333483 -0.426534381317207 0.875054361955746
0.35093590009851 0.935983389990423 0.0279121422338714
-0.832576777578052 0.144845246806332 -0.534636104201128
-0.779909377688239 -0.553013020995196 0.2931176576116
0.899541873337951 -0.144770467322836 -0.41214794661963
0.742713496406846 0.658366919626249 -0.122186993567081
0.187052100520414 0.343750584818205 0.920242928322757
0.90649176013726 0.416055284025492 -0.0719075061291837
0.715595233159012 -0.154173731622438 -0.681288428463093
0.418088567938178 -0.862554463111096 -0.284959203266947
0.628559657944983 -0.435660606551068 -0.644292318985445
0.0557092970173771 -0.614849339008599 0.786674497201046
-0.467330089155435 -0.871061397824635 -0.151177475140201
0.202463056231419 0.495364710308069 0.844761809413065
0.837984557764394 -0.528352564215052 -0.136475085036765
0.732097908814296 -0.678855788249256 0.0564576892036542
0.424351516242026 0.711428035561771 0.560174919895395
0.481599646682383 0.576467971410137 0.660110943897831
-0.187050513293139 0.836573146356206 0.514934438809885
-0.255895928613727 0.266147162213934 -0.929345448024785
0.780239328554723 -0.00401988199242089 -0.625468169234248
0.816117438332038 -0.438196462176121 -0.37674419356731
0.431327400894252 0.095624547883343 -0.897113492864707
0.347258517932546 0.642861578508507 -0.682744837110353
-0.210888673564921 0.727600234923724 0.652781636920778
0.98516787082206 0.149333856601629 -0.0845202080712823
-0.359941925973963 0.652181055515039 0.667159411800092
0.304256147247456 -0.862743437129485 -0.403858834931387
-0.279929351671757 0.0969221416495714 -0.955115519992577
-0.219757528832428 -0.84389412675931 -0.489437770653845
-0.0862894264050929 0.996034415613797 0.0216697439662403
0.537356765801096 -0.0115810961504825 -0.843275509225627
0.151490746088423 0.00490106455499979 0.988446525319302
0.896337353323196 0.433695445379282 0.0921282242031905
-0.105614622219106 -0.972043601795616 0.209706432380414
-0.1023727066151 0.822149572555139 -0.559990990362971
-0.804574573283978 -0.429228170880449 -0.410393632196613
-0.610292411034985 -0.42669945044215 0.667435953500762
-0.00121745985437028 -0.0672060075343526 0.997738377703692
-0.0217440069390109 -0.881428839442294 0.471816064967745
0.823104484001475 0.288982781823552 0.48886394858507
-0.565297067793637 0.780787158252392 -0.2661026844135
0.588613756270605 -0.517687142839381 0.620913736414171
0.831446090631065 0.535140109759232 -0.149407032301683
0.880785470481235 -0.411695793600005 -0.233930606208789
0.806152003403639 0.56827824293264 0.164859898148974
-0.368627713659425 0.523447790464725 0.768190093258057
-0.508717274985604 0.293491934478023 -0.80936346503136
0.655470941755058 -0.0372664373074488 0.754300375954531
-0.673593470398195 0.695052636999539 0.251343725676419
0.400189846555533 -0.196098320420456 0.895205862046342
-0.0315553624544757 -0.230271117964355 0.972614759980442
-0.424628919273444 0.850108562120383 -0.311457402426532
0.941071100871645 0.00332848902181257 -0.338192407166487
-0.810747311902362 -0.427143770970923 0.400296134335363
0.746612809245248 -0.655726828967899 -0.112212471867537
0.106485918709938 0.911513652755423 0.39724502508775
0.298885645713118 0.0745617208879007 0.95137159962072
-0.202071398450451 -0.632197353562891 -0.74799308558058
0.0389833233051648 0.78367512097302 -0.619946453552247
-0.751209804862776 0.572970361773867 -0.327702294173772
0.554387021870893 -0.772161312146337 -0.310518820694606
0.513581258123968 0.748288477104725 0.419879323539625
0.225764167457414 0.969949485148212 -0.0907112834931802
