# command_history: dirgen -cart 0173 dir0173.txt -force  (version=3.0_RC3-1000-g3151ed7a-dirty)
0.0890682527459699 0.174134224484322 -0.980685534825524
-0.00178653698205811 -0.623210568866845 0.782052041195645
-0.0445775537344042 -0.992200012511182 0.116412958367471
-0.782144675852361 -0.617385966604928 -0.0841681309944795
0.648969598397009 0.755220075900946 0.0920928732996981
0.64123874874983 -0.766555910178568 0.0347117224012338
-0.907305459925154 -0.405523323805931 0.111119918283787
0.0116032114836598 -0.339529928843289 0.940523680139387
0.016846854300786 0.87137884450639 -0.490321417895319
-0.372817148414795 -0.922585802499769 -0.0992109413004357
0.484748666106581 -0.804403769456531 -0.343443308847347
0.80727471295265 0.513579427173305 -0.290764010516358
-0.337319309800189 0.891080248157705 -0.303630819547567
0.121430954170695 -0.972620006245325 -0.19815359401368
-0.34773562521442 0.804511502483082 -0.481498886114132
0.599864994258994 -0.784414148177114 -0.157659229993777
0.922900258153001 0.016255439492544 0.384695820341251
-0.36575132067321 -0.65886586620087 -0.657359674593126
0.517613674509481 0.830122825437074 0.20729731944519
-0.377855326153676 -0.780980880441412 -0.497286855730429
-0.0116848599868119 0.616197230014715 0.787505198566512
-0.881100685805386 0.384492588659243 -0.275367083616385
0.345939794812924 -0.683544139301226 0.642723165905616
0.373762958144101 0.779556966112126 -0.502585502880285
0.888491200771981 0.0698091747908303 -0.453552714980063
-0.213400566021788 -0.954626445975904 -0.207722283506115
-0.672754195516815 0.562301027576936 0.480852728806279
-0.300084659875928 0.527739864905717 -0.794631884520401
0.765980658075352 -0.260026538949502 -0.587928422936325
0.0655627438281007 -0.152284111632802 -0.986159761887464
0.531431531495404 0.165300924220765 0.830816545203699
-0.122249931475451 0.992350988644328 -0.0171601162837903
0.510569114478584 -0.668976651299374 0.540175359820152
0.473356367839596 -0.535647068420431 0.699296766128876
-0.345383124563229 0.363227825805344 0.865318463819918
0.530052480792479 -0.561222874909496 -0.635667564285026
0.026021137455765 0.949483719980305 -0.312735616612291
-0.719623248298563 0.0698306132051998 0.690844458592244
0.687299526274932 0.672789144045563 -0.27381404061277
0.721699918954254 0.292215826766699 -0.627502300847158
-0.0106041831119313 -0.75331669244362 -0.657572438736853
-0.96046414171222 0.200770370392379 0.192872732280942
0.884819453627531 0.228192782612885 0.406229723734816
0.0315128047299908 0.865406718096814 0.500078149303637
-0.369634597635203 -0.87415740643867 -0.314990623669151
0.33037470834906 -0.819433507130117 -0.468381553304258
-0.372850832805144 -0.919813879357963 0.122166623170837
0.519881636395418 0.854109460692285 -0.0148362156481021
0.164761530458232 -0.900504798219451 0.402423590840308
0.435017931678987 -0.883091368962827 -0.175809650420834
-0.692761241758372 -0.154471986509305 -0.704429036384267
-0.202991570274852 -0.781975120552128 -0.589329562498637
-0.209357749283466 -0.95162691325099 0.224890086022828
0.296489014625076 0.501080721853368 -0.81302667508118
0.991834047778339 -0.12750404794074 -0.00281769877042309
0.665594251212302 0.464827645583521 0.58388316695587
0.648400513936308 0.131306485371501 -0.749890245586989
0.415902914108385 -0.371226861415752 0.830189968260014
-0.048781078790475 -0.994095521752704 -0.0969252288274669
0.156729368409791 0.142396595721074 0.977322421007989
0.358769209318373 -0.697578492298994 -0.620216818158724
0.536909658461674 0.744721604709256 -0.396380814532994
0.396421448861911 -0.0146358308121358 -0.917951974418412
-0.686090452724983 0.194955657835826 -0.700908112492236
-0.440042197345099 0.0167236407513414 -0.897821354388342
-0.521514032582277 -0.635501399580539 0.569351459953295
0.570843406397108 -0.040707108323091 -0.820049228220427
-0.845832484787216 0.293447490409856 -0.445483981811739
0.64986605950447 -0.686141219649941 -0.326931692256081
-0.634726961755467 0.513477803278567 -0.577461885807965
0.358333496109356 0.654904910477221 -0.665354539925045
0.834869482732447 0.100002448975221 0.541287776511732
0.525054889681361 -0.199602838026682 0.827330689551275
0.981297607953908 -0.0478942671216165 0.186443406428928
0.537624426088617 0.747556181175021 0.390025297205071
-0.439731068684469 -0.341783360547823 -0.830554466417616
0.379304794022684 0.867968039369198 -0.320561001784372
0.154248000497546 0.490774310273674 0.857524419895963
-0.608682774513302 -0.330247079061742 -0.72141676358536
-0.570452174602655 -0.320981591080845 0.756012655104602
0.205972891233839 0.330170095531 -0.92117472614799
0.681035614415738 0.726317401633304 -0.093024319304281
0.941792187359981 -0.0674222066822971 -0.329365635538671
-0.777788764079992 0.625616104191766 -0.0604080180674328
0.945766946707573 0.14916642079947 -0.288572800903532
0.0632540832527878 0.303598364122629 0.950698140449382
0.182769165486044 0.650507950269192 0.737180329895006
-0.248832592911317 0.0252012227615653 -0.968218590544693
0.288638742727216 -0.910627887351563 -0.295710207761724
0.767202764232917 -0.476234267566086 0.429651999819813
0.583683928462144 -0.371021802472466 0.72225749822697
0.215382998658766 0.976475591587167 -0.0102753551398535
-0.106195898289469 -0.485162222402019 0.867951639862744
-0.00950666798617841 -0.761853903136741 0.647679128534427
0.885964938631511 0.457334000371445 0.0768878379193603
-0.901703896163545 -0.350368575233337 -0.253321821271764
-0.765023328795452 -0.287836105337963 -0.576098674588477
-0.810711650409813 -0.575685285963245 0.106456899331206
-0.893356978277886 -0.339188169789977 0.294728171094536
-0.184201697070512 -0.650767561953778 0.736594403389735
-0.505450950628482 -0.503054096875034 -0.701039165900171
0.786570235944906 -0.56482102182345 0.249568582221179
-0.344456278261918 0.19359293862901 -0.918624867113302
0.996011882874361 0.0804952638948805 0.0384817055698364
0.229415061940956 -0.350079316128209 0.908192271368697
0.782837739089494 0.101639868162115 -0.613868399135545
0.735153779516014 -0.335394323452202 0.589117618357625
0.283678563913854 -0.955594748685914 -0.0797818817757442
0.6592262636583 -0.718126546199321 0.222968600809515
0.114837330992413 -0.494388299480807 0.861622073038414
-0.538786102796782 -0.815640165063841 0.210809526747927
0.257934272371609 0.330322963511546 0.907940885142352
0.147802427701793 -0.965324823742425 0.215179987526981
-0.468394144487552 0.206674346861896 0.859006775153132
-0.679585984234238 -0.682905890724021 -0.267959762738388
0.207049866672855 0.886689691846633 0.41341473496197
0.13266010005537 -0.905120741271407 -0.403927891551944
-0.772730310488607 -0.428320203088659 0.468433208556216
0.969131474794132 0.219344986480755 -0.11256980709368
-0.374053312548908 0.544904154877961 0.750442257184339
0.188802707153358 0.00208780756867396 -0.982012820095094
-0.802229493999814 -0.415072697322307 -0.429118276113225
-0.752544226761141 0.0264794261286929 -0.658009138812198
-0.472809972697357 -0.496121815734542 0.728226526343408
0.207670073164359 -0.509624116686222 -0.834958921386974
-0.884065661187148 0.457799749506172 -0.0940600662439568
-0.841725472240692 0.0973522461684032 0.531056277194
0.175103981931017 -0.666854515369503 0.724322891287586
-0.501293687111783 0.843628110515168 -0.192344093775926
-0.513022138622609 0.393910917665114 0.762654885401853
0.960551716419263 0.148459886119446 0.235159652783825
-0.165324314259737 0.802176077669421 0.573743332448796
0.988889448360816 0.00856198586614153 -0.148406035317531
-0.955731502675016 0.257903613599132 -0.141643993473304
-0.517343742629199 0.696773811564905 0.496851796293148
-0.31665846047924 0.941493744759824 -0.115399081387338
-0.476548728688354 0.879100494346466 -0.009144945342301
-0.656670769835656 0.636652999162229 -0.404297487873947
0.301233465361048 0.161934880656917 -0.939699682756786
0.785430661186875 -0.542091793283455 -0.298722553755615
-0.670464086759669 -0.591186758431716 0.448303608083321
-0.629515937463272 0.236131528131519 0.740237519923174
-0.161416944346895 0.318101807059605 0.934214006758155
-0.685835684319302 -0.58510886408559 -0.432755163207494
0.930066620232207 -0.17242389730228 0.324416524808667
0.741645112883493 -0.657173631561647 -0.134481762763977
-0.807719112574357 -0.526999663762719 -0.264312673884691
-0.857520143990382 0.504434963040442 0.101017675250934
0.662184847567289 -0.415729319464278 -0.623442347446862
-0.397158980397706 -0.334714985579633 0.854535325611458
0.334296533370704 0.508504503709498 0.79351685393789
-0.958361315000475 -0.275706493729883 -0.0743607371247339
0.607083740852838 -0.0180204292660777 0.79443350616725
-0.843279890530665 0.122022847203262 -0.523440016608397
0.889963687926582 -0.378720153716098 -0.254038735907288
0.0432081014757666 0.950518637686847 0.307648142163739
0.0326972759452761 -0.455334656283151 -0.889719753030842
-0.510989668868507 0.775415549131332 -0.370972080452167
0.0319379724034246 -0.0171828006532962 0.999342142251825
-0.172869248586056 0.80102149659961 -0.573132432234134
0.487759986853902 0.154955113299733 -0.859115305466355
0.793734711567642 -0.409101110386605 -0.450134967685336
0.204363893337619 0.886419076948451 -0.415327123026834
0.284306108290405 -0.171056207264414 -0.943350311785118
0.352352181397545 0.160043985678143 0.922081266978484
0.13172625460256 -0.186355381557502 0.973611763288088
0.53492994548301 0.637247651939345 0.554766061978683
0.943049139303187 -0.329144596968788 -0.0481887450113893
0.190158442369801 -0.670133317348784 -0.71746853852598
0.845932718132463 0.254449929872509 -0.468671600996795
0.63305203326712 0.469599563722564 -0.61540342290886
-0.883989116123926 0.24360083603349 0.399026158613975
0.197070789355615 0.7855797860208 -0.586538578252334
