# command_history: dirgen -cart 0258 dir0258.txt -force  (version=3.0_RC3-1000-g3151ed7a-dirty)
-0.011052036586173 0.514926447106625 0.857163115490538
0.713193826127873 0.536021727789423 0.451702638591726
0.687674224859577 -0.347823406892466 0.637277834293253
-0.390572535932543 -0.293270409193284 0.872608481088068
-0.108585790671006 0.993022910480406 -0.0459850554569241
0.744508980049848 0.134630631458308 0.653896759204595
-0.320818476900029 0.424106092480409 -0.846882239275653
-0.989055349726394 0.0465355550491526 -0.140014132479076
0.474929870259916 0.700257808260652 0.532992139064816
-0.754214863155303 -0.642061639970016 0.137538324385026
-0.794909042009824 0.249629843351898 -0.552995982118433
-0.837895573671208 -0.0686529518274709 -0.541495872401233
-0.0299169683268481 0.981338819801102 -0.189944980869487
0.244811827121477 0.540852794623989 -0.804702071482897
0.0878550421690067 0.248278680581844 0.964696422888579
0.517873524368548 -0.719300037122909 -0.463049100369583
-0.48938589979151 -0.644240920798378 0.587754265874874
0.731853301113689 0.609032888579534 0.305728124773411
-0.886729781200586 -0.402244531894988 0.227836853236133
-0.72654076109791 -0.671110546346016 -0.147475954129549
-0.692125911516575 -0.721655875741319 0.0132105872458796
0.371438249168152 0.05151616281597 0.927027352360013
-0.422232460313525 0.511448335086797 -0.748425246764519
-0.179285668583035 0.271883426289314 0.94548191497771
0.850353114634731 -0.320289433642013 0.417509591660229
-0.714913987223888 -0.560527556126208 0.417979484777451
-0.947444399452529 0.319465911624474 -0.0170482038930633
0.0527920769908897 -0.893305904768063 0.446337940481761
-0.948837427761015 -0.26053772134409 0.178403002880246
0.90512481852577 -0.330667283111405 -0.267223147890324
-0.652383852549051 0.676179622556252 -0.342310424867463
-0.895221209680425 -0.389680030681085 -0.216167665081312
0.174301770925971 0.693594988340802 0.698959859219822
0.98457429266919 0.127676888923267 0.119633081753497
0.0626265337469869 0.86654478075069 0.495154582150439
-0.733616259890486 -0.290587020659797 0.614301527467055
0.260159590972661 0.382907035674261 -0.88639674483613
0.615131562496084 0.548959066455599 -0.565912629455575
-0.404120042906117 -0.850371819230238 0.336978871712477
0.985209288038235 0.085279301462955 -0.148627384775436
-0.631063053352976 -0.0908697130807071 0.770390886457939
-0.627847715287382 0.484707766372599 0.608987378872912
0.787316929876486 0.38490676599943 0.481641810288231
0.563974544338106 0.824310638357423 -0.0494437542001334
0.513443535165793 0.194477535436176 -0.835795563763726
-0.377725625554362 0.599055903721182 0.706013722257835
0.715949276141599 -0.182956621325546 0.67375329958781
-0.965708715672916 0.215103523927022 -0.145386211407908
-0.894197791186482 -0.279318994719214 0.349844550373825
0.586075532181953 0.58441673578874 0.56122415264106
0.297704951544205 0.592634117038592 0.748436079533818
0.725666897732179 0.440870740138042 -0.528242883554423
0.516261099478224 -0.622178018306642 -0.588531214721492
0.13052468229885 -0.94130035180381 0.311314880795647
0.628756813397349 0.406085245858389 -0.663143757191865
0.614506481555784 -0.761992172566631 -0.204327465293134
0.378902576966252 -0.827310931632267 0.414716119255189
-0.360445805555162 0.108722325124168 -0.926422299643788
-0.214952617618553 0.93597795212225 0.278820094899868
0.886784138996341 0.458140365540684 0.0610024285317133
-0.787688357384478 0.300156579221322 0.538008438215514
-0.999789627350826 -0.0198962456998217 0.00498401933669259
0.543588258488499 0.483987424455127 0.685760875380576
-0.379458633163668 0.807284601399988 0.451998581922581
0.304667296360658 0.832704189762547 -0.4623651921157
-0.614219845355582 -0.665844201677319 -0.423539231552473
-0.107808840917071 -0.416864545602544 -0.902552604804674
-0.36468583516811 -0.8633441544453 -0.348770859753031
0.610423343340442 0.783892418601628 0.113560635626816
0.0633440060380929 -0.968018799106728 -0.242749132799717
-0.640719265641392 0.596387666513572 0.483529289564192
-0.371492529421896 -0.907046821081429 -0.198139761153071
0.59390160932444 0.666678523602846 -0.450356108661323
0.719683015614091 -0.670137231916283 0.181583169473909
-0.555759041672073 0.36799894451405 0.745458693983968
-0.801850502062276 -0.597143372444832 -0.0213439707573078
0.514140806868065 0.357930191296728 -0.779451864370945
-0.0739791457230218 0.0100377205816073 0.997209270997626
-0.681220413189816 0.338148618061964 0.649302903702332
0.0966701565095371 0.72716220711957 -0.679624900498369
-0.0793265518465319 0.914740373515104 0.396178428531372
-0.918931417062438 0.273093261235648 -0.284578849184716
-0.876558696194748 0.239719293006022 0.417348191185798
0.961700382156134 0.0578563552445706 0.267927260872351
-0.0165082037888877 0.526306570544301 -0.850134620521692
0.294396354495175 -0.361502384189422 -0.884673280191797
0.317850378403538 0.946118286283902 0.0618977003445134
0.402713153782442 -0.44073165973223 -0.802232958610074
0.706217617631042 -0.703114864821373 -0.0829829103777311
-0.0553727392301332 0.727817568755648 -0.683531598655666
0.479361125252935 -0.129462436756741 -0.868016352994139
0.241970259756242 -0.786530665850987 -0.568172425474434
-0.590921135791679 0.639477745141448 -0.491813404395896
0.0786527091220154 0.932804741770287 0.351694562196569
0.207531152402324 -0.963690804999762 0.168020395016421
0.95971538894289 -0.248302553899867 -0.131499862939095
0.491518448210588 0.848087091357226 -0.19788355298482
-0.242373060319368 -0.96673053427535 0.081776364134876
0.627577685686912 0.728991965474055 0.273344037253666
-0.830261181096804 0.397289638953123 0.390931341726699
-0.363107015741888 0.87964902667602 0.30719844561285
-0.267687899823633 0.52828363151555 0.805766463040474
0.219310878992947 -0.704537745993886 0.674929109481281
-0.506100539041423 0.798706227956664 0.325469823186757
-0.343201282010022 0.268208693040605 -0.900153862961287
-0.0361198511290562 0.349774774778111 0.936137256647409
-0.855395762804092 -0.507387986156303 0.104189829067218
-0.218101636986306 -0.882243178758913 -0.417227335486618
-0.559679704765505 0.434114367276871 -0.705906044879486
0.147816186263113 0.966479591781356 -0.20992278044265
0.633801865368375 0.753310614670889 -0.17555145479242
0.0919885316679002 -0.83750733585657 -0.538627489484165
-0.612358685004299 -0.35139051466376 -0.708195980717303
-0.123989648290217 -0.461894761151086 0.878225367851584
-0.630497393492454 -0.0453259659869081 -0.774866823142258
-0.418492857598992 -0.475521490173107 -0.773784880003595
-0.198868905406905 -0.80124645549947 -0.564318417218325
0.154009264398407 -0.444189462190373 -0.882596662218076
-0.426366973631744 0.904272263529353 0.0224249238038576
0.615769405061064 -0.113261179110518 0.779743512379064
-0.842536066220307 0.435947599714376 -0.316358447684403
0.829913888522894 0.0158898025950506 -0.557665178947278
-0.737238981089644 0.635920387110032 0.228219074618512
0.716504037449776 -0.543598981285079 0.437175150098899
-0.103594621848046 0.736237492426475 0.668746969391067
0.272585160893624 -0.962072225182087 0.0106940915362049
0.231630735906063 0.939208134151063 0.253446804927767
0.371436577808383 -0.65349458452512 0.65952990581348
-0.00938738124113522 0.996966320211799 0.0772659914631144
-0.553045551130099 -0.766592252746329 0.32630803913559
0.385301517464815 0.454842770291827 -0.802907712600002
0.956408666395913 -0.0137777117852816 -0.29170642348216
0.0271033207421394 0.823763663466011 -0.566285119668357
0.349511951613552 0.797139284451272 0.492351862862121
-0.929367048861254 -0.364183531197039 0.060392417535467
0.0177540457977939 0.659120040399759 0.751828149380715
-0.63107021972836 -0.200663393829854 -0.749322747651961
-0.818787652991438 -0.320811241253082 0.476095501758239
-0.503353453195029 -0.306109831789048 -0.808042122688366
0.0918151589177755 0.152444241590456 -0.984037971726099
0.880022970552687 -0.474524709435977 0.0196436105216297
0.677060465272945 0.447172855391878 0.584487436789756
-0.44086439498607 -0.605978174076852 -0.662139741879349
0.245047952136792 -0.675950860934505 -0.69501218317053
-0.949784870632383 -0.29873175300281 -0.0931023053726116
-0.816491485461923 -0.468202137606894 -0.337828969315122
0.901519314262595 0.0896079281841688 -0.42335959327508
0.510010900124587 0.506991599189693 -0.694872938101051
-0.795882092617999 -0.547704550171566 0.258053134783047
-0.377286691616724 -0.13036243739786 0.916875338988129
-0.654079256613299 0.753720029287247 -0.0639252963968497
-0.943122908345436 -0.226459122369369 -0.243383330673531
0.328793701962596 0.920523137920608 -0.211025719054644
0.737927935811158 -0.0229446311122297 0.674489366448877
0.0346216106581424 -0.385248317131294 0.922163260070006
0.761181292575542 -0.412558434163872 0.500398419495187
-0.876507951228414 -0.313018441008344 -0.365722937511547
0.322301371907015 0.709197028453361 0.627025837186777
0.325156497324448 -0.933578781806748 -0.150678168318853
0.230747296084154 0.148324185193752 0.961642148325697
0.350663080018723 0.726224054962554 -0.59129859318751
-0.462677742980832 0.353095040879092 -0.813174764891751
0.517167206967066 -0.849793804129094 0.101924337141273
-0.952322487275271 0.109404606060552 -0.284802584964704
-0.747724648846806 0.551786771203719 0.36937678409924
0.303241955933441 -0.776469760352291 0.552393906030938
-0.298448468912091 0.908475632084073 -0.292575695014935
-0.192304430240396 0.330156176680403 -0.92412980966404
-0.767310261502686 0.568909829447152 -0.29593338532699
-0.591842706978428 0.220688954463601 0.775253891040999
0.73307491172143 -0.0283670217910422 -0.679556094726053
-0.506375187547301 -0.828486753328962 -0.239152397008419
-0.223147723425899 0.013961861853623 -0.974684646407964
-0.988632950289453 0.150338348081587 -0.00180850713897103
0.829167239425492 0.22615517514088 0.511209864752732
-0.447671037415128 0.287834880820045 0.84660600260273
-0.0908527976134739 -0.975314567115425 -0.201264165559237
0.571250749772207 -0.818840999076759 -0.0563205035104146
-0.228960568744064 -0.0616111158072822 0.971483982559351
0.825392821490021 -0.0897753351081397 0.557375169377828
0.730730587205718 0.29032859303823 0.617852827934314
0.209263476156494 -0.174136909288231 0.96222925250194
0.821411475225519 0.53975972987568 0.184235236511286
-0.818932596807738 0.564000254015581 0.106080702090889
-0.0816716017660671 -0.0827737350859151 -0.993216118599014
0.45262205462318 -0.852290013876421 0.26217362169986
-0.510384098242152 -0.139416917709194 -0.848569970784975
0.130279566800808 0.880743731398405 -0.455321550200084
0.111047766230549 -0.621007082456833 0.775898574011872
-0.0900008664161134 -0.614561153429948 0.783718337631066
-0.741626195668695 -0.132445147523115 0.657608446414398
-0.383423306054602 0.714283054759732 0.585479535131045
0.94314901692377 -0.173546312722531 -0.283463594163589
0.736339142833196 -0.451175705078567 -0.504227279982482
0.61562842395994 -0.0669851901542726 -0.785184454706406
0.0514998183129037 -0.23551191424848 0.970506005628381
0.592855317951079 -0.773521497197075 0.224024698082869
0.9800411253686 0.196699934781095 -0.0287841665392709
0.714301843393016 -0.185819901063716 -0.674717600847948
0.331683910235664 -0.199144585741074 -0.922131887346271
-0.522934696690925 0.760995002990018 -0.383960816257327
-0.50139218009187 -0.0324829794542595 0.864610165212332
0.0474351464877737 0.942701168990994 -0.330249016441679
0.473228946028184 -0.862600405486915 -0.178815282050681
0.817099747139184 -0.144252478564459 -0.558156990149807
-0.684255427986045 -0.664902509952472 0.299498182850142
-0.453229554161689 0.717276888228906 -0.52924175652253
-0.273168553699409 0.575050266585636 -0.771165437613462
-0.368293112397322 0.919483368857817 -0.137515518231844
0.909110263639624 -0.0076864150750939 0.416484630650865
0.410334691070646 0.909194195822303 -0.0706495264456455
-0.631403668650909 -0.250348002827656 0.733931389636918
-0.169682638529708 -0.98297072948922 -0.0705432289381957
-0.232281695620785 0.872615098267551 0.429637177342749
0.0720115143534426 0.995304709409784 -0.0646751670058115
0.832106017436639 0.17784072299875 -0.525330613032419
0.170502901728205 -0.978500882592108 -0.116037852740941
0.380171318024662 0.595363732408447 -0.707821866774455
-0.596249151891348 0.275520495207602 -0.754039392597897
-0.208544634293919 0.103888218049513 0.972479497808418
0.904498033268619 -0.408352690289787 -0.123009707528687
-0.229295017675295 -0.30852600212149 -0.923166020217499
0.834166184061461 -0.527606816080444 0.160617013400812
-0.909010027090269 0.38246403772575 -0.165595985748037
0.0480177576222988 0.775065952428091 0.630053223418199
0.109186171836728 0.310209325832465 -0.944377336686035
0.945575532999198 0.14838074244839 -0.289603291873119
-0.637366624598391 0.687526806013005 0.347952118633599
0.141290049129147 -0.811628712764767 0.566829740427309
-0.200775252870918 -0.792091172760132 0.576438090231811
0.8357708241952 -0.489123816892709 -0.249489521167492
0.64227850067943 -0.500549072195245 0.580455815622052
0.367384770042344 0.357421552198291 0.858649092915784
0.497189703782975 0.774397672818174 0.391293550657297
-0.503101077917723 0.507689711480561 0.69938577498746
0.0676476178850381 -0.0787478588861269 0.994596689374809
0.907221405389012 0.151872707191013 0.392280514956402
-0.246767839338635 -0.224509782626761 0.942709388397626
-0.81763492493508 -0.439708027385133 0.371658418685062
-0.241201346396442 -0.669227771344474 0.702820105402409
0.137210705135547 0.569891838443028 0.810183013196544
-0.171546030542654 0.479639876760286 -0.860533292805361
0.780293780840175 -0.624245755058842 0.0381949325586805
-0.232357624437984 -0.912161657556544 0.337595978721956
-0.477796262649102 -0.875169487335711 -0.0760861343156482
0.485968227601508 -0.191792694735242 0.852672530346817
0.501365113560883 -0.0258210573027564 0.864850447131671
0.89916309865641 -0.0787328569895373 -0.430472832179766
0.376155002640026 0.207497649836473 0.903023886340346
0.358868597389907 -0.0340882457201005 -0.932765416013655
-0.889209643245344 0.165574651087597 -0.426487098605231
-0.512649632752303 0.584663377021553 -0.628775865955971
-0.12859644496439 0.602433675172393 0.787741468605535
0.985993242867603 -0.0826044162623344 -0.144892496125186
0.45683322753832 0.757817286269346 -0.465850150636752
-0.253797028230747 -0.468432583356874 -0.846261179134933
-0.220564152580182 0.872694116756364 -0.435610414447836
-0.05654235568435 0.175737281301523 0.98281197081355
