# command_history: dirgen -cart 0024 dir0024.txt -force  (version=3.0_RC3-1000-g3151ed7a-dirty)
0.476997292733162 -0.786739683469808 0.391808949845534
0.48841266095588 -0.866444157209824 -0.103574104171628
0.186444828300773 -0.811834330750264 -0.553320291888131
0.0165190313255955 -0.99985837221422 0.00321824753458538
-0.307836719560639 -0.864966046863898 -0.396320945526205
0.800732104176067 0.568575645959595 0.188546631270352
0.867763602619528 -0.496506094982013 0.0216339458835092
-0.59192922198332 -0.161016793911111 0.789742608854814
0.774638493851317 -0.363974746186101 0.517163018769252
-0.998828497850254 -0.00740076394226282 -0.0478211310539313
0.0385266033939295 0.00667524711149461 -0.999235278554019
0.870800685198963 0.391868699015787 -0.296892386882336
0.343783409124754 -0.481146668030589 0.806418533674434
0.469023009818405 0.0190926692122324 0.882979550297308
-0.543284985370869 -0.512458015268527 -0.665002411467521
-0.026267620241305 -0.863039692435213 0.50445267509271
0.083646844611752 0.49359080138471 0.865662362688189
-0.523596428565127 -0.647099645519034 0.554174005852842
-0.421722650352455 0.328630087462598 0.845075305398298
0.882200932543507 -0.115511177852499 -0.456485139309589
-0.849661194549171 -0.132225243308396 -0.51048245759214
0.668074408327061 -0.568830706497203 -0.479695958169694
0.488490740627069 0.866340074385156 -0.104075318091943
0.154577477070232 0.476310188845687 -0.865583275938478
