# command_history: dirgen -cart 0035 dir0035.txt -force  (version=3.0_RC3-1000-g3151ed7a-dirty)
0.0998624641086412 -0.275586988615794 0.956074944744306
-0.183463846992356 -0.855171930990245 0.484790661309787
-0.913633674604431 0.355170395434039 0.197806720907134
0.294448248457863 0.536317386025908 -0.790989184772102
-0.925013517329272 -0.249926225728626 -0.286158827316533
0.126883498765351 -0.650983279313965 0.748412551868753
0.484056642646863 -0.374744859244656 0.790730963842412
0.865677837925311 0.413672848146214 -0.281916043586666
0.469136200298547 0.0542370866431098 0.881458770449253
-0.608068070387952 0.7436662698168 0.277873534024815
-0.504382382163761 -0.855542901561551 0.116810770695394
0.586314259213443 0.656654517856548 -0.474384267890047
-0.30278390930124 -0.125507233936763 0.944759143114159
-0.701348141875944 -0.339199490143372 -0.626940579140988
0.319446426581276 0.479905508848685 0.817095271753018
-0.664011980890388 0.566273870339109 -0.488284745824799
-0.695193025850409 0.439477112332359 0.568829082014064
-0.657383670969401 -0.27555978986802 0.701365462045778
-0.150044513103981 0.945719120143906 0.28827415749877
-0.113331242245254 -0.776665891858256 -0.619633861207704
-0.52636068263792 0.186402343018082 0.829577361245057
-0.793366525118256 0.0997073899692686 -0.600523099645051
-0.0543892247309107 -0.150731213316249 -0.98707746077265
-0.941330689589242 0.235991188051631 -0.241256485921978
0.174135050370937 -0.458812141954296 -0.871302704361476
0.994051695199458 0.0696015968044512 -0.0837666102534548
-0.0354994498374927 -0.991455597672048 0.125521260772816
0.765756915633383 -0.634209838629532 0.10674374335366
0.408582033547183 -0.910445320243187 0.0644208096016314
-0.787583041173667 -0.60910286259014 -0.0933094638294286
0.293610333560947 0.926252864331236 0.236323091009768
0.338019213463675 -0.715715545958706 -0.611141774551887
0.863498087881263 -0.0211992488393414 -0.503906384236249
-0.311785165957625 0.838680405510367 -0.446548079944077
0.563718156877759 0.691796016119899 0.451265012699831
