# command_history: dirgen -cart 0209 dir0209.txt -force  (version=3.0_RC3-1000-g3151ed7a-dirty)
0.0985831319870504 0.899100459305084 -0.426497045904202
0.830567669302514 0.542349026418443 0.126549912099367
-0.772397635604107 0.0557516132522474 0.632687640256198
0.827923323952612 -0.486730168684284 -0.278633652934864
0.821758077130436 -0.203334930260791 -0.532323744357442
0.342322471140541 -0.737138983883846 0.582616034958638
0.125353099989431 0.644067362098837 0.754628274981852
0.690097916392561 0.713758875124084 -0.119637510724054
0.283908152898986 0.34607923241126 0.894217717119897
-0.368339878366388 0.354008688395225 -0.859653175731775
0.343361745776623 0.421722853018182 -0.839197561233012
-0.0626494178667092 -0.990743351419811 0.120426998876511
-0.669117873932702 0.566818811008474 -0.480622207425666
-0.840142330906386 0.351506720064258 0.413042237027707
0.567392284478466 -0.823273406294667 -0.0169379456335341
0.636046155058579 0.503326659256046 0.584899617641648
-0.902281953962113 -0.307532543852674 0.302177116979122
-0.0187486541975215 -0.815419496555052 0.578566791825877
-0.557962800768055 0.760990677467049 0.331014654913207
0.0382317523977476 0.977685089541004 0.206567661548938
0.463051230247476 0.301494985436695 0.833477253392572
0.16432291347199 -0.791104459925976 0.589195819395646
0.295300416496473 0.693506888957621 -0.657149799501857
-0.163466617030108 0.114310978170826 -0.979903906200175
-0.473615618068735 0.0609807394823513 0.878618003306076
0.135150226289577 0.989895822408437 0.0429031130828555
0.70153535388135 0.337147170956113 0.627837504750121
0.867809860712618 0.461468981471155 -0.18426183758424
0.365238211456406 0.902390058366426 -0.228677133648217
0.0472247302082761 -0.998004072555133 -0.041924885451547
0.286695036323956 0.26904310344425 -0.919468196642109
-0.177009844365072 -0.9488928578245 0.261285015581658
-0.890293040204511 0.442910769051492 0.105869510349413
0.309449559575779 -0.51852121860218 0.797105210080618
0.505125269012303 0.409176890262152 -0.759883369393385
-0.452010488675895 0.751877973230568 0.479964614839128
-0.585171679855331 0.511283399208255 -0.629415118017785
0.959860449430561 0.148726127621097 -0.237799193820742
-0.459810259710392 -0.657424670470429 0.596965097574314
0.0834238868257846 -0.361803594633734 -0.928514196992694
0.541747971682724 0.820979291056325 -0.180283495734659
0.388227908054448 0.465133853705065 0.795568720818725
0.447546394674732 -0.360227728432653 -0.818497531017596
0.376064286355366 -0.16041569338739 0.912602025991106
0.113361546251106 0.278086906354087 -0.953843190648217
0.849495552680736 0.0582645051048935 0.524368718956931
-0.39079872854719 0.852925358915821 0.34611368924707
-0.384360623402637 -0.10221960354136 0.917506438031572
-0.0998573457062017 0.854596224091542 0.509601613299047
-0.907668178408913 -0.162634226103219 -0.386896092515358
0.81461417898369 0.492310055534903 0.306650531742487
0.588228414903133 0.808694696932835 -0.00046803125767382
0.726386994289143 -0.407309155415737 0.553589366265378
-0.896298512323888 0.349398563973789 -0.273074386017876
-0.958408762948641 0.281296062291711 0.0482200004399958
0.336928570856531 0.890075616904048 0.306992726841294
0.90425493607059 0.133810378182685 -0.405484640008201
-0.517404093295445 0.662716769208969 -0.541386634532424
0.910703535280964 -0.189939219251659 -0.3667998961516
0.521938520548132 0.122217780604576 0.844181849409308
0.0635252690704415 0.58246407934951 -0.810370369927884
-0.658564273026133 0.163588926599591 -0.734528257718895
-0.437577187271264 -0.780325305352633 -0.446786999593866
-0.902256851751418 -0.431152489646009 -0.00633278293235312
-0.906602115766875 -0.377453695983888 -0.188683096951287
0.280898839941717 0.877387034118346 -0.388957367947196
0.200983319581027 0.752496172879001 0.627180368835511
-0.464143872976075 0.877495495522531 -0.120715038485009
-0.960068977943527 -0.165671899629704 -0.225433758038933
-0.711319802422086 0.634056120752119 0.303310030198442
-0.700440923651364 -0.0966532484831586 0.707135533000624
0.319197552892601 0.944840491131009 0.0734123187665961
0.286455314512474 -0.811253594532464 -0.50971654686278
-0.175139167628268 -0.200327289637294 -0.963947741835134
-0.261744264145477 0.854777721908524 -0.448157323175486
-0.271820376324414 0.364694163562025 0.890568273676224
0.216048409293927 -0.904720237096606 -0.3671571563097
-0.951710529002952 0.0224996352988612 0.306171251747025
-0.941876274211474 -0.312859838181907 0.122424694119708
0.405996136858034 0.00692130250876158 0.913848582877894
0.636224727015213 -0.499571653879784 -0.587916881348236
-0.242910959797644 -0.573827071284879 0.782123237009876
-0.596769405884185 0.707330362935299 -0.37887997290759
0.00377452687080502 -0.437436148227638 0.899241552181987
0.554969456498351 0.696351998280001 -0.455085483008825
0.697671676569457 0.574900009901084 0.427485918280938
0.603812756352165 0.709887822804483 0.362587140285354
-0.507521704048574 0.627053659572019 0.590952982848018
-0.0316692891927417 0.930298856560206 0.36543274840222
-0.637762298704155 -0.401530800073715 0.657291614843637
-0.101798706146493 -0.360639394721336 -0.927133350927432
0.119975770684509 -0.568883090824737 0.813620208341922
0.593165069025461 0.550456486515704 -0.587497112623378
-0.747529671245308 0.648149729578341 -0.14526292939152
-0.485861312255275 0.509052196564952 0.710496056587213
0.745862373536934 0.14552941468775 0.650008083951647
0.378011794706773 -0.21296321533443 -0.900973779849883
-0.453906321344793 -0.258364708806804 0.852770032708943
-0.837958435755391 0.503601191149197 -0.210265309120376
-0.140742679768074 0.967701696586655 0.209152873551885
0.216015445655507 0.954467164052866 0.205741974286076
0.913260098941391 -0.328289690030312 -0.241209185358605
0.354207528164308 -0.682612145263113 -0.639200818312228
-0.728608635070101 -0.639202612006274 -0.246068034709185
0.698790460307226 -0.213321588041679 -0.682777996613094
0.353691549217959 0.183032046131009 0.917279432943363
-0.476066842868338 -0.568683835829574 -0.670789874690678
-0.795643050387543 0.46498184991698 -0.388257666528028
-0.539522844997948 0.080203638917337 -0.838142276722597
0.0100246983643477 -0.20803636730491 -0.978069719039129
-0.727894458423616 -0.683177023740126 -0.0586413815472881
0.608712300597296 0.24636826030109 -0.75416975238852
-0.154870932193875 0.503147454871118 0.850210346336785
0.207991500120497 0.50036632291161 0.840460039962365
0.295061045716564 -0.947171963201822 0.125714961023163
0.0562145527196413 -0.702510789875643 0.709449444408008
-0.992337056154047 0.00643402738362371 0.123392748065464
-0.835215895227299 -0.289179998387006 0.467749224363389
-0.961671915839371 -0.263593026737177 -0.0755370276180317
0.122877385563378 0.709095583949304 -0.694323124302154
0.464407045338844 0.876640111910237 0.125810215919268
-0.199673841841804 -0.810560344630264 0.550565422631137
0.653937320827839 0.0339653960513807 0.755785903744957
-0.0845338755206753 -0.853868081815375 -0.513578935263498
-0.224392142513772 0.973664852283175 0.0403103188583421
-0.302125645107463 -0.61522913223502 -0.728157407033496
0.977954188896484 -0.0536023201954105 0.201822683783286
-0.994678252662347 -0.0623509915741877 -0.0820215065107699
0.933164403053146 -0.00316002312659422 0.359435962486094
-0.172550230311778 -0.435340171073659 0.883575324162524
0.914649382038473 -0.395646534589574 0.082947740197671
-0.207448909748252 -0.110781803488955 0.971952849607426
0.0280383690108593 0.510714054157272 0.859293317063186
0.706956258611958 -0.707114276575805 -0.0142214019019797
0.184114514154802 -0.938438764597255 0.292291858899148
0.811654122310642 0.580796000897281 -0.0623986464425908
-0.421131047888342 0.599510010120717 -0.680614713527062
0.619079471851969 0.765982203271796 0.173239348308554
0.721842460435005 -0.618733407179493 0.31002005282432
0.993396876114773 -0.113684521187205 0.0154426735977191
-0.550056662196949 -0.0933839754221619 0.829889812871025
0.248206671754482 0.0303541741624004 0.968231414594404
-0.315329095386943 0.927305076531868 0.20167512647989
-0.431082125840592 0.789104966882576 -0.437586050991122
0.398469112841689 -0.916329032016203 -0.0395407536018978
-0.375903402614259 -0.779840419304944 0.500545255018276
-0.49130323671943 -0.822947903875949 -0.285268079348521
-0.961845302215853 0.231567311003822 -0.145705851220031
-0.117653808626717 0.0499547705248561 0.991797409866268
0.433924166821959 0.89892561013655 -0.0603536650792565
0.19693450012614 -0.212192629586772 -0.957178714038877
0.483601409828035 -0.440082325027345 0.75660902955943
0.151137468508054 0.918657988074957 0.364999954190476
-0.814487635355069 -0.456569924223202 0.357985748527129
-0.632262725633142 -0.71614939516176 0.295590746784123
0.00686703848014319 -0.958168258602237 0.286123106354013
0.253230580574879 0.962478614577767 -0.0975150734100786
-0.926940908603722 0.18281878082632 -0.327655070667439
0.55063156342626 -0.213217325688768 -0.807058395275634
-0.467077859342892 -0.813496706158286 0.346498748022675
-0.619011666765869 0.641063582985814 0.453720221036192
-0.418991313407812 -0.550424046259715 0.722135478001102
0.184903300463414 -0.420823209323773 0.888098303101732
0.298559241446152 -0.0546656641822369 -0.95282424638892
-0.0152512513019358 -0.762302623926303 -0.647041041116248
0.766645879384656 -0.0508890876033647 0.640050307698875
-0.691922226506724 -0.584648761181548 0.42359114546324
-0.16832148835493 0.7532346746732 0.635850140699788
-0.64392121436068 0.744917656500926 0.174536972385326
0.739576387665149 -0.356798913939318 -0.570719985474393
0.60300093373152 -0.364274022339075 -0.709714245712897
0.353137809786198 -0.889851115146073 0.28889216010944
-0.741296533771302 -0.26009196939561 0.618733881789712
0.620001702893107 0.233535620877567 0.749038718752894
-0.862259770295404 0.12142924089678 -0.491694038997168
0.546077758135783 0.651984098051462 0.526037848407717
-0.743690048777659 0.503152003267438 0.440185384760839
0.773185746823737 0.419236852981326 0.475840584661433
-0.784571089581488 0.603371633671615 0.14279662836833
-0.0628864222216654 0.277309160377518 -0.95872046367587
-0.239421097040758 0.663091224564496 -0.709216163237526
-0.0250378174456367 -0.115646702791168 0.992974797178201
-0.23071630724818 0.628794359355047 0.742554805528211
-0.0658632008934257 -0.0457604925644807 -0.99677882004401
-0.878786701254128 -0.325741794192732 -0.348749504967374
-0.338702528287823 0.508225182407002 0.79182558767623
0.0541186229087854 -0.644011487125498 -0.763099193489851
0.737394477811702 0.435067014902387 -0.516687600622207
0.556157430094034 0.410745906643484 0.722479558968157
0.878916044571231 -0.0399673058214393 -0.475299064864046
-0.489813983176144 0.852009261819322 0.184830948867376
0.833906970050322 -0.551420524399318 0.0231207822677676
0.514555859718244 -0.25873361457556 0.817489561962894
-0.842134803861249 0.299987553262048 -0.448125473515427
-0.624579837851086 0.764685970367222 -0.158604517191191
0.240219484902148 -0.25910268966194 0.935500077650074
-0.0843127958296129 0.891191386477416 -0.445723305569559
0.985841574755951 0.156067081604728 -0.0613143989784638
0.968075120558893 -0.168376313284401 -0.185687851190211
-0.817869895091534 -0.248613870709057 -0.518921938247
0.119031049020584 -0.984784563302262 0.12661347973511
0.270676567744184 0.835343030846719 0.478472795976998
-0.375227919206324 -0.710119783595311 -0.595763293258859
0.76195295763462 0.598497362641758 -0.247444129578204
0.762696007773455 -0.235017590111027 0.602545875485709
-0.819386731052202 -0.110346142029617 0.562520323112655
-0.512339316733448 0.812900457734282 -0.276949941947094
0.631054953012613 -0.341059594433065 0.696740984386165
0.635827785081154 -0.0604032603481952 -0.769463757338903
