# command_history: dirgen -cart 0163 dir0163.txt -force  (version=3.0_RC3-1000-g3151ed7a-dirty)
0.0759756147892939 -0.751823204684237 -0.654972957346876
0.0472405554223293 0.988306718175807 0.144976414398883
0.77196777788934 0.378795155497034 -0.510470351805639
0.440377853221488 -0.877980251912218 0.187664657419003
0.171910297189234 0.357117589602983 -0.918103412975066
0.310269153500412 0.0389267143358969 0.949851442751523
-0.326284488073156 -0.235442282632712 -0.915480947039061
-0.722549199921605 0.690965085652062 0.0221337774111598
-0.0206569851914368 -0.220512553732482 0.975165371928875
0.604497532593419 0.779874067273327 -0.162416662578154
-0.693540469607345 0.112186372205828 0.711629000890295
0.624977185014354 -0.382457119072771 0.680536604659948
-0.0991618774526465 0.876181652273875 0.471670048104274
-0.553142293297747 -0.793945629820435 -0.252356771762403
-0.253257046767666 -0.96737648955316 -0.00660270568218129
0.417226973699181 -0.344918840329087 -0.840804760930777
0.997842380421889 0.0119515959940389 -0.0645580605902436
-0.932002729651876 0.323767358172188 -0.162928234826423
0.384104763811192 0.074835376541585 -0.920251702978825
-0.120650046956464 0.956312161934029 0.266290471302422
-0.757930241403624 -0.014147113364596 -0.652182189537014
0.849011368989185 -0.498911920310594 0.173972960827554
-0.235241688131008 0.837211206070534 -0.493699042530159
-0.321719617806911 0.591971455422853 -0.738962978424984
0.108091903135234 -0.979879788955022 0.167784801677821
0.159198992455939 -0.292973130905749 0.942773793318576
-0.179962682680838 0.721644447167074 -0.66846295687588
-0.262711613802801 0.78530463665503 0.56060613234359
0.53982480690511 0.649098531017507 -0.535966673293009
-0.320661915752438 -0.424101149353484 -0.846944006946758
0.280627198993071 0.875764570335358 -0.392791029086243
0.764541279885595 0.419153295648911 0.48968065726303
-0.421113723645638 0.662138650455473 0.619867436901077
-0.281573951035268 0.884075465290799 0.372996892439128
-0.702518352532752 -0.560626883946121 0.43836681141657
-0.534939510162044 0.19204287739519 0.822775336109055
-0.74577184032426 -0.566728633722759 -0.350204251684786
-0.582433938006847 0.759736995341184 -0.289085464469917
0.549244549806818 -0.489507804112953 -0.677283200899019
-0.429045369273285 -0.776558125226797 -0.461386550789457
-0.0985838940814409 0.590732609744538 -0.800822202247257
-0.436471258652116 0.09477447454122 -0.894712601535305
0.591496854863756 0.805081610711067 0.0444417684296836
-0.734397417324214 -0.67814883429653 0.0278314924102451
-0.59448862117447 0.615957283403032 0.516894480834178
-0.625637519010446 -0.543903770750682 -0.559237322582858
0.189210629750257 0.791002805402992 -0.581819473233844
-0.546449287909588 0.241090705756709 -0.802040178133762
-0.553839304993717 0.676971593587281 -0.484738574615197
-0.499644543743168 -0.39704089228608 0.769879120226257
-0.0870997370942207 -0.963773591568862 0.252099385149141
-0.614210230484142 0.0415403510835291 -0.788048343695026
0.109474221245434 0.683680661954319 0.721523490506311
0.841858584602671 -0.356691915225998 -0.405024692016669
-0.830121475462145 -0.459638942866433 0.315642801560846
-0.499801127718623 -0.306092205721097 -0.810250821861963
-0.204800587780089 -0.148263584555635 0.967509498010042
-0.443726533176438 -0.890490079634989 0.100668673513118
-0.374477933836968 0.12971107262157 0.918118355501379
-0.299631769122709 -0.59807473264807 -0.743321879874618
-0.73210647400012 0.659256277960943 -0.17146798738014
-0.232186804848174 0.648851081564497 0.724625117979621
0.744168670677986 -0.543633157381 -0.388170039772939
-0.446191254476135 -0.84118471276677 0.305485913646604
-0.223400643603972 -0.951439125969785 -0.211791742075046
0.272651755101144 -0.918121713994099 0.287599615321029
0.732718900895756 0.636024536720844 -0.242065695543899
-0.747025064641091 0.630755269542621 0.21000319698088
-0.0817410236677763 -0.826737960559184 -0.556617237983324
0.420384379321962 0.901871017161171 0.0995270919235768
0.441606763680955 -0.420728969708542 0.792445960504072
-0.449365715904064 0.854549841256151 0.260413175893838
0.348159541298701 -0.264280952218436 0.899411203008499
-0.782191571004271 0.240526004589692 0.574737842295068
-0.0400989344062623 0.398495584664525 0.916293263350965
-0.672522333287998 -0.292425355987021 0.679853750746976
-0.384465173113837 -0.759226628260593 0.525129943540262
0.585085835808629 0.724717796345288 -0.363948733198164
-0.989894907400691 -0.0599707959853777 -0.128497377136882
0.843682404995001 0.52544720573995 -0.110023785982528
-0.0185824669542216 0.431559207823263 -0.901893198812838
-0.712681378689436 0.190456051486871 -0.675138315400151
0.14303504841056 0.321139490943254 0.936167934872209
0.360672308578475 0.280584884244167 -0.889487272847881
0.492530104014942 0.10873070993616 0.863476536656213
-0.0505199926017951 0.201668420199723 0.978150079814781
-0.977032147127169 -0.211929798742018 0.0222248483738759
0.125925856491935 -0.991042561781252 -0.0444670597726644
-0.915718835986725 -0.400418425296871 -0.0335275722636256
0.199176173109839 -0.0569375011810958 -0.978308219849232
0.510507745693543 -0.559664254431286 0.652807600981154
-0.77984222282134 0.328199849604845 -0.533039366486593
0.313398466242482 0.476797329389435 -0.821246435635469
-0.896784745017947 0.2661567801927 -0.353465259198907
-0.093965090289268 -0.894022417296518 0.438057620842534
0.381479688946199 -0.519348643700655 -0.764689631947368
-0.133033678905354 -0.121452657925764 -0.983641851569805
0.62071609087447 0.4790044154354 -0.620698239503631
0.678096835338548 -0.507774365863242 0.531366046408715
0.13216566944581 0.512270885149952 0.84859341032536
-0.591144058779668 0.80248386637784 -0.08104533282537
0.446233198909888 -0.772703331738644 -0.451448217751103
0.708194345748621 -0.60786319026237 0.359114341921533
-0.0122303811350159 -0.0203534446404643 0.999718037782934
0.451148485584392 -0.891550387356568 -0.0400368675006416
-0.37816749767711 0.717452153609346 -0.58502286364034
0.923112033022417 0.341594425714773 -0.176571296675916
0.698771905495848 0.0935410770232727 -0.709202292014787
-0.842795494872839 0.537712089731627 0.0236951973719006
-0.929808493336017 0.366360050489756 0.0351636051244616
-0.0389241909999912 0.822201717819319 -0.567863753527162
-0.234971842383644 0.276477789168007 0.931852061962416
0.871439214383647 0.276084503789153 0.405426987757239
0.597918324781862 -0.788214961931767 -0.145639454396654
-0.553081509603551 -0.0049034795300521 0.833112717237683
0.893739855397106 -0.15562471920087 -0.420725584732388
0.235429046508316 0.87023056565334 0.432749265352183
-0.0926042114325719 0.923533676775681 -0.372169326901268
0.0694172143749619 0.99598321416129 -0.0565569399575889
0.539233786163428 0.203434769310421 -0.817215527566303
-0.123682559688975 -0.553296499958795 0.8237509378217
-0.0542354527292737 0.587693470132391 0.807263835948941
0.48560602329356 0.488263909605286 0.725110436221942
-0.27383723898315 -0.941744477140226 0.195270341634279
-0.262665832051522 -0.65910274975252 0.704691582141683
0.647874156119134 0.367413574838496 0.667282805755788
0.292448360530062 -0.943263706441452 -0.15724991743595
-0.381956630743039 -0.87576740372248 -0.295195844836294
0.18359891194952 -0.10363758137038 0.977522731837296
-0.979996746233334 0.136872663624805 -0.144472320270458
0.0624660387650502 0.932707576876609 0.355182446128702
-0.62915254302835 0.317487946226021 0.709484659173223
-0.437262646002412 -0.5803214294993 0.687043242361686
-0.290246966751547 0.954439620239839 -0.0692943692370358
0.939450144038346 -0.0783512353548167 0.333608319417703
0.98200800760545 -0.181675730165908 -0.0515189486253199
-0.600625198296482 -0.682962683177234 -0.41570583897591
0.811467988688249 0.180778421624096 -0.55573272857494
0.27098879222568 0.749562283074884 0.603921731915349
0.933542346521535 -0.269614539464057 -0.236234390723811
-0.965864413055212 0.0685323605422867 0.249818436373325
-0.417831238225976 0.816273526314813 -0.398891697833043
0.824252133451339 0.554245866499197 0.115844464561195
0.844803528600645 -0.134954915375771 0.517778107764145
-0.0462220474570212 -0.703522805171092 0.709167952556429
0.860575973074919 -0.458937143518405 -0.220874835292126
0.868045872628415 0.0677354549465407 0.49184171351763
-0.818782488776655 0.444053225443265 -0.363884554558366
-0.710401195967463 0.434013839025125 0.554041630477955
-0.242221231152782 0.453957533339555 -0.857468036199075
0.217571914873168 -0.464500319293989 -0.858429912825855
-0.819254942176137 0.0280072559975391 0.57274508582044
0.945770770743675 0.268985090684434 0.182111697033447
0.963402506688332 0.143373453124413 -0.226494289212379
0.702090521226122 0.686019127274379 0.19091007573759
0.458514813201544 0.648218683506148 0.607928206639822
-0.649566181673384 -0.168988570611325 -0.741287149914931
-0.886971056224713 -0.266956656302442 0.376850751724654
-0.609056300207984 0.71663492358181 0.339830559955776
-0.776845887075216 -0.226184508692104 -0.587665751734804
-0.942993087507304 -0.116071658253907 -0.311915705060888
-0.861970240940081 -0.429008676687547 -0.270108976267911
-0.910114119546754 -0.0591882953540971 0.410108565010185
