# command_history: dirgen -cart 0175 dir0175.txt -force  (version=3.0_RC3-1000-g3151ed7a-dirty)
-0.499067528999476 -0.768638169849458 -0.400158675213762
-0.294786883255856 -0.954213262146419 0.0507714861333374
0.600908037961349 0.156391596838044 -0.783869375822202
0.688575010579292 -0.504436656721202 -0.520968438738533
0.285927584283008 -0.325795343395746 0.901167470988457
-0.51333208753545 0.469919957111546 -0.718098462479053
-0.253079698255156 -0.957637053796076 -0.137411569847121
0.0596875926023334 -0.76259923554584 0.644111634139796
0.18840088004056 -0.642261411161016 0.742970650923307
0.429454164059186 -0.712365300595519 -0.555071886767544
0.495270447932449 0.827586595650818 -0.264211298213911
0.289106559778169 0.642976277647366 0.70922415601555
-0.929308305381784 0.000957933506621034 -0.36930360939454
0.716391057064039 0.0199501712592014 -0.697413682132346
0.923177771333513 0.156559086357612 -0.351044235096602
0.368312734715827 -0.635354115461281 0.678727395507623
0.726851762700807 0.227280715494172 -0.648097208313064
0.984042190627379 0.00217696205971278 0.177921971384816
-0.00867181899080263 -0.21558949418089 -0.976445579412503
-0.678009953430364 -0.660744467946449 -0.32205473312392
0.577330769826318 -0.0607880794293778 -0.814244429892547
-0.0734669815494445 -0.844810834042479 0.529997412546953
-0.354548906651894 -0.641710388394964 0.680075620955443
-0.126276077992676 -0.0314242575100327 -0.991497286010774
-0.852838537287651 0.521997364843894 -0.0136081010097232
0.36736220971778 0.492064359103905 0.789251337262683
-0.142249495577509 -0.716876669815831 0.682534190558765
-0.612029676323021 0.394712958703422 0.685289249537397
-0.442434348200091 -0.891015635789912 -0.10170046366984
-0.947148982624998 -0.179563808056039 -0.265830102789066
-0.436349857731976 0.456085954693222 0.775618723077812
0.00282368103833042 0.940065668908963 0.340981766322099
0.762521578767675 0.64364722766246 -0.0654147402049597
-0.296425696311805 -0.350900201232066 -0.888257201119899
-0.59367518086451 -0.361800210361332 0.718783964350894
0.156668578549466 0.122184502794989 -0.980064234513244
-0.200303668035239 -0.924534871877673 -0.324212447715634
-0.0325533145586185 0.786584617592773 0.61662380839348
0.747719146539621 -0.65248027083267 -0.123229761308649
0.324738165356602 0.914800836009044 -0.240176090396155
-0.999785290633346 -0.00976323355287986 0.0182770868517988
0.203327760487866 0.89504882504781 -0.396919919625513
0.757987462287001 0.160707629631011 0.632161423051181
0.422184247539063 0.195193093237232 0.885245794953219
-0.979938293291658 0.169976818530317 0.104061628388873
0.299501485760532 -0.949675135823221 -0.0917387400522857
0.339689626135192 -0.617716951756661 -0.709250819815242
0.980202326764558 0.186033115450424 0.0677870087933929
-0.0912035759753786 0.323377301905324 -0.941864655001841
0.872015234191007 -0.172719994945185 0.457992614225316
0.142854495690839 -0.489727274414548 0.860092896003341
0.626014555618342 -0.651405182405881 0.42869227248544
-0.753584687851406 0.167960206383008 -0.635530870460024
0.481618348276844 0.68909201845451 -0.541475721252
0.871200341238934 0.348893988397157 0.345373638666139
0.133435111741786 -0.650529704390113 -0.747667154996506
0.764658685702022 -0.511859966860298 0.391530929437549
0.21436101354131 0.197060314002915 0.956669529418919
-0.0345638894810017 0.143480477364575 -0.989049387118348
-0.821670548148836 -0.518228194287459 -0.23726999167689
0.272308344602507 0.780517053884286 -0.562708889263034
-0.252782089433891 0.770347515933031 -0.585376733358309
0.596233158893051 -0.160778479324645 0.786547074765693
0.753616521675908 -0.321462846404471 -0.573344378745132
-0.903650956874886 0.0250957784130416 0.427533799885981
0.307867922211824 0.828521789241181 0.467727471104238
-0.623994793750541 0.740744404094466 0.248853822906046
0.41524899573059 0.703399607795405 0.576885832117593
0.00466096089722459 0.623795570982763 -0.781573644045015
-0.598625973748207 -0.165852124057514 -0.783670859799969
0.86456523723601 -0.24111406538578 -0.440897899786542
-0.0950384476641009 -0.374765620707361 -0.922235557220293
-0.189817668988547 -0.765813009154855 -0.614410032103107
0.831505762064688 -0.00368659245306793 0.555503894396167
0.226930861530329 -0.755660594616245 -0.614393562652902
0.612926021202525 -0.788641463803864 -0.0486449802357995
-0.502625598905588 -0.544923445301662 -0.67113779962491
-0.785470600447232 -0.330234167948605 -0.523432259373032
0.856760999933841 0.513919250659792 0.0429836340208976
0.148870766736749 -0.960768982311627 -0.234009524248679
-0.329153274188627 -0.0297604569877407 -0.943807415361199
0.417744981722142 0.479133668806992 -0.771958585457483
0.641303475961874 0.748681107245234 -0.167947763823363
0.75435210724768 0.505613312630883 0.418698073056718
-0.835927424092663 -0.285040576417019 0.469017282672674
0.48014589734525 -0.79799205109528 -0.364237015762091
-0.461059028098569 -0.292706616404954 0.837703652446118
-0.100936613169833 -0.994691351552454 0.0200228686395471
-0.477621480751043 -0.874748362588561 0.0818108994805282
-0.690957834385915 0.00105457186400148 -0.7228942930878
0.677916877710518 -0.193100281259638 -0.709324318131467
0.653365514624539 0.321376434363144 0.685441968174872
-0.210313088086287 0.191602484716579 0.958674550006436
-0.905833773881903 -0.330968162605743 0.264433828086061
0.104347736370375 -0.993750098335182 -0.0396521370570984
-0.944376557070101 0.182193560690309 -0.273785362829004
-0.189040542402908 0.939092326910411 -0.287000478860235
-0.911646938909821 0.332084393769443 0.242115291113832
0.944479871645921 -0.151830623321764 -0.291385026858671
0.0694607273997668 0.668399495111339 0.740552038876406
0.238215726445237 -0.498585859392766 -0.833465901214768
-0.173172126167844 -0.527241916353488 -0.831881828361703
-0.435323963493763 0.747080878665235 -0.502357649031904
0.129788512159192 -0.879494647668485 -0.457869093556217
-0.334049303001356 0.488200759979307 -0.806269856263978
-0.934253309058687 0.353805930803208 0.04463314733882
-0.414205853065817 0.142307104498783 0.898989543484901
0.0754912251340542 -0.048821208686829 -0.995950583367527
-0.550820750287272 -0.536898861997517 0.639011825429497
-0.874407726542743 -0.168468381339383 -0.45500498046861
-0.456629064561707 -0.0757071559402524 0.886430100987629
-0.580466751978729 0.801136790351472 -0.145733294042939
-0.655887780032959 -0.475499265912654 -0.586269279529435
0.472879424843151 -0.317625600337774 0.821887478655125
-0.97990913086192 0.180240398293895 -0.085390245791281
-0.227505693643531 0.147638363740524 -0.962519648065325
0.591561885152339 0.711556353200745 -0.379133343633434
0.975916663786456 0.0201352588497391 -0.217212422975682
-0.830469211789512 -0.100623160811498 0.547901330330571
0.672974292602414 -0.47833257591732 0.564183966727682
0.00707063111570322 0.93669151335533 -0.350084296968213
-0.845980200615341 0.499582169233981 0.186373700801099
0.47449559180716 -0.863880415218364 -0.169010536824544
0.0605590659731648 0.470561216082787 -0.880286738197928
0.121454700302751 -0.362534224646813 -0.924022560186765
0.66637871210292 0.571242156380007 -0.479188700649727
-0.0296365689812435 0.521653104975772 0.852642780915992
0.125306392100873 -0.870575892277983 0.475810806816171
0.387430152833273 0.876830751385607 0.284720406890932
-0.534250051288121 0.607380590539038 -0.587933415392499
-0.815558578190485 0.426834565101453 0.390738351809197
0.393463556001758 -0.892668125181142 0.21984096157003
-0.140671919640807 -0.967704091136937 0.209189395097854
0.215091755864261 0.568000190961041 -0.79442515042479
-0.516212873105444 -0.00982962232987452 -0.856403904804897
0.111706906064765 0.303488495367032 -0.946264392396381
0.315466935526634 0.211251596319017 -0.925123438056837
0.271846825810336 0.39944437875246 -0.875524695014314
-0.735298641470469 0.674049751669217 -0.0706600320290793
0.921877277146665 0.355470924025483 0.154216432500304
-0.331143316989016 0.328311738686733 0.884621673854991
-0.851914191759819 -0.495343438811652 0.16993259694497
-0.734846026735888 -0.665014132557676 -0.133257346848271
0.309411668739919 -0.832919664629132 -0.458812872009573
-0.500096065751 -0.355496775647991 -0.789636604726664
-0.52154909282975 0.272054377953079 0.8086859459673
0.574181179495155 0.789578078804271 0.21652351046782
-0.73456464790719 0.594033360566073 0.327931615706024
0.0537675597439925 -0.986734676335929 0.153178745377435
0.805818708227474 -0.111367932891988 -0.581595557921458
0.292067543823066 -0.00964372828248954 -0.956349072436406
0.447268337984828 -0.893907522351794 0.0296711192772688
0.714979797063985 0.409153059032531 -0.56691945113452
0.596244712240217 -0.663620774938176 -0.451773959183168
-0.920242561366265 0.361285130149388 -0.150421683885654
0.824899616304264 -0.526088517494784 0.206812704593357
0.694384087426077 -0.672611632811816 0.255781802588998
0.519323853922587 -0.788615503021243 0.329223819219605
0.318940369920636 -0.858401294404713 0.401776378348953
-0.932864392643521 -0.35676079791312 0.049857376688187
0.39144930258414 0.817352766569886 -0.422731473262807
0.647599100039246 -0.324286274324834 0.689531593121647
0.870788984888365 -0.355024309287258 0.340123923904503
-0.620199609588172 -0.784005875279147 -0.0262151062263395
0.97217724961136 0.190615052158418 -0.136151743392199
0.804309228668849 0.458030554525707 -0.378542832185468
-0.786054512617423 0.332818013509433 -0.520913114710525
-0.25364315369227 0.962244751543804 -0.0987430438635696
0.413424010078452 -0.151471916351161 0.89785123848417
0.0566340189394019 0.984834257227165 0.1639941270003
0.316614293351962 -0.904056463110237 -0.287118966203638
0.0938069995824661 0.866523810990275 0.490241503563524
0.53017355303698 -0.565890869708894 -0.631413911186835
-0.73802738007678 -0.61415318215429 0.27952004419498
0.591683224355977 0.633450295915993 0.498649861746352
