# command_history: dirgen -cart 0268 dir0268.txt -force  (version=3.0_RC3-1000-g3151ed7a-dirty)
0.867418229642069 0.364850919317489 0.338333299510708
0.602610520680871 -0.558997072919731 -0.569546163916414
-0.820518655061267 -0.461055464652527 0.337900865951083
0.872003783529246 -0.146390547333838 0.467096573699678
0.792738915078917 0.357484311101041 0.493730675405241
0.609334066140946 -0.788892029081117 0.0797581487524548
-0.923587471500921 -0.343420572169975 -0.170436184822892
-0.348939315769484 -0.646411815091973 -0.678522747754138
0.739815245594346 -0.359952687229374 0.568425426368781
-0.166760996403954 0.759107338334957 -0.629243052376725
0.114843117500189 -0.965123421547496 -0.235261215552611
0.658386992015651 0.48801529636693 -0.573033715636769
-0.365014174438549 0.0198214679555997 -0.930790933489916
0.241348719112748 0.72293152557906 -0.647395400900075
-0.501280341556873 0.424081970245453 -0.754236369900948
0.934895531664171 0.207228494817597 -0.288143533347533
0.209447868187511 -0.958176969202184 0.195008938775185
-0.643937695747122 -0.0359062544735252 -0.764234901640568
0.957193797903951 0.256011833159026 -0.135048045290426
0.799994760851277 0.588473398649704 0.117078784124947
0.204707457757186 0.625161006002499 0.753172339715509
-0.0366959973194421 -0.291700646058564 -0.955805491127639
0.458422204057502 0.87831189983805 0.135710314383021
0.601671237028331 -0.0127983790743127 -0.798641298722943
-0.603857493181145 0.12373740986955 -0.787429477050331
0.858962061300789 0.0759859147224516 0.506369744366399
-0.476983122895924 -0.559915602868291 -0.677481821259501
-0.0657796237839456 -0.997824920839274 -0.00429749309942943
0.516001839779369 -0.833829815255282 -0.196137555138348
-0.576897826494664 0.634407796612319 -0.514505243300041
-0.230014187911853 -0.9489555705377 0.215816585332822
-0.513786777383402 -0.00391386475316927 -0.857908986459912
-0.416543922332645 0.849481485659236 0.32384003194465
-0.701180562919864 0.11661784631318 0.703381899187531
0.93088970324237 -0.346161793805415 -0.116689215040417
0.0681676969665972 0.126705554468298 -0.989595304938919
-0.721207858296834 -0.692593813787485 -0.0131542477626098
-0.0620350754884714 0.963994548941726 -0.258584916458362
-0.858489520398292 0.492341136756647 0.143512885914415
-0.450213567119116 0.766738231919645 0.457624548833013
-0.341355908311076 0.841319648090866 -0.419115012374147
-0.288530793525348 0.670271230000061 -0.683729814635751
-0.0386061503987178 -0.448632830538808 0.8928819342523
0.252381080799593 -0.552896048137569 0.794109406825211
0.811113248691406 0.100350840673844 -0.576216110997711
0.709257776158608 -0.538654431387024 -0.454757969150259
-0.624625010527631 -0.690109265008637 0.365503486402792
-0.236174650279274 -0.83388277063835 -0.498859759249001
-0.474683789436058 -0.226779856877912 0.85043882587818
0.0829549077479749 0.983544978453549 -0.160492238564151
-0.360341221698385 0.502504778316563 0.785902762251118
-0.601103611739885 0.439367836639769 0.667555504868138
-0.214929692183538 -0.974973606741105 0.0568479865618032
0.363154891586701 0.924629618034451 -0.114798058215792
0.725073273607282 -0.679344092293182 0.112961728770285
-0.630151353599549 0.301898790155358 0.715378495664629
-0.807233762598977 0.42482064471257 0.4097573334869
-0.196611049172355 -0.495695982533688 -0.845948927680216
0.203932888255534 0.220523799732059 -0.953824213804352
-0.668650024729709 0.249935459526937 -0.700313794309393
0.700363541162893 0.332570611930909 0.631575568154495
-0.272347286565468 0.919169609254862 0.284524489144065
0.892292998719571 -0.451328171251934 0.0107743338736639
-0.0020493626275633 -0.94315261123772 -0.332353655054808
0.970654207955395 -0.0969635250142773 0.220064725467964
0.482128582932141 0.681751209432858 0.550242962659843
-0.102792499951413 -0.788789823735902 0.60600686128494
-0.224966657908008 0.11254477648989 0.967844861594327
-0.93314131737523 -0.230167413115475 -0.27617067865172
0.92711162073941 -0.0440149282186018 0.372191790323022
-0.882207217981371 0.388992997383772 0.265320320608805
0.30792244634254 0.456146066612875 -0.834933849446786
0.341825816887223 0.524843205096085 0.779547766960981
-0.605309311450831 -0.619421809986485 0.499917251936746
-0.507174361631 -0.795126380587949 0.332487903234532
-0.926740904228727 0.115247343489812 0.357588235611664
-0.558968206653278 0.758997166717081 0.333882980797558
0.0803431216534984 -0.658683652602574 -0.748118191596156
-0.206209388082614 0.717737639617675 0.665079220050245
-0.0844256969033521 0.355657041258856 -0.930795557953184
-0.996071861323783 -0.017466917360174 -0.0868087200510835
0.721765262150456 0.545827905768311 -0.425589947763647
-0.978595865407321 0.187575746626467 0.0846491080001432
0.135242105795487 -0.646098855576692 0.75117630529889
-0.185255808397686 -0.354130177736496 -0.916663571148782
-0.88327034910152 0.00136862623495876 0.468862045019969
-0.190513961106211 -0.975878631028519 -0.106608292949115
-0.393390929052482 -0.650948119970809 0.649238108898187
0.35290563278521 -0.894866277820282 0.273261704540802
0.820416647545906 -0.0523525479119808 0.569364325504031
-0.228426409877211 -0.829220460767735 0.510112539264379
-0.33069178063787 0.754050810732309 0.567494776233669
-0.676766370453664 -0.191204536903496 -0.710934669917352
0.804594004199289 -0.308132743685317 -0.507624566658778
0.215575496551091 -0.26102062148651 0.94095453686432
0.312663753028829 0.928071589214157 0.202298054452921
-0.0598870085797068 0.777452916197722 0.626083468316351
-0.232325371549817 -0.90083309667645 0.36677602657011
-0.544700141120845 0.539646046143283 -0.641937614682964
-0.741848523126782 0.241874173834764 0.625425977047934
0.944123277192174 0.0469208563433624 -0.326235606125259
0.603662920323945 0.144744925752631 -0.783989786345991
-0.522832541912806 -0.584290399382694 0.620685799987567
0.373725180433646 0.831275391704856 -0.411473829855286
-0.18544163958896 -0.379043849857646 0.906607499523169
-0.473745291799286 0.15106195091118 -0.867609177847329
0.626719403730187 -0.396974131879972 0.670547781747297
-0.757393528394513 -0.591543971385828 -0.276461160135004
0.563429902355369 0.443799966012569 -0.696841685965371
0.0383535515891068 0.984486771871802 0.171215656672925
0.77249846831252 0.404128401717341 -0.489822775481294
0.0427469935661054 -0.831250154145816 0.554252537904533
0.628902115071499 0.745053291382005 -0.222210986810814
-0.374340692490624 -0.887957216229809 0.267209708077847
-0.429203578859712 -0.854020394121783 -0.293995670577119
-0.402856556510942 -0.806018769491866 -0.433636181727221
0.355113032289435 -0.190689468290982 -0.915167886773299
0.711626702541955 -0.414198604508016 -0.567474186419855
-0.721705837696935 0.640092479256607 -0.263481122347117
0.9898563531156 0.13986856861966 -0.024923557309751
0.064479920847133 0.708908346379576 0.70234699133756
-0.440045796374951 0.667526936204035 -0.600639231598128
0.489492200088644 -0.856288760804766 0.164823979359248
-0.335056004292588 0.173084342472133 -0.926163745985813
0.226466391908414 -0.283387398506622 -0.931882264936743
-0.693592125249263 -0.348238491109338 0.630602820404494
0.170969708153286 0.201371276188433 0.964478599047289
0.424426043714307 0.51966633003978 -0.741491361271328
-0.311733519730365 -0.234088223701441 -0.920882683190873
-0.476976349589544 0.0947466311947516 0.873794391038006
-0.362710464920256 -0.755146089488854 0.546072799329012
0.452042630517442 0.278320069263815 0.847464099086125
0.832927469872378 0.519499609895722 -0.190661965924491
-0.69100102904819 -0.703743905233155 -0.16511236689458
-0.974761399395105 0.070985997410455 0.21166294531859
0.472219933080324 -0.665022732884804 -0.578578516320854
0.824419148589859 0.564565428233612 -0.0399868063462118
-0.3475711716737 0.639725937261137 0.685525350236394
0.0585173554922552 0.289053216322572 -0.955522871123329
-0.206458423718832 0.914974664490867 -0.346693355308926
-0.652681940495164 0.729276391368091 0.205334433411939
0.979809042485973 0.0933776752016838 -0.176790412739633
0.332706901781959 0.305201556119972 -0.892276934392343
-0.600250824192578 0.706091558714596 -0.375677599502717
-0.495009658254167 -0.721688486534882 0.483871022730318
0.612608013213453 -0.756259330966461 0.229746047784995
0.73734670828955 0.661331880347653 -0.137695227987039
0.557389368593352 0.794086129402362 0.242372256807334
-0.667603874090099 -0.604304768589944 -0.434880229441793
0.0856253475051402 -0.034210325809936 -0.995739902521036
0.153805480302796 -0.908163291414073 -0.389337013854045
0.779205501243828 -0.211524611884009 0.589996716430417
-0.0586671696469692 0.910454634331308 -0.409427065580988
-0.709565076655373 0.703349677359825 0.0426219819915209
-0.0164635813602873 0.725550910641823 -0.687971530338004
-0.810257514166599 0.585900380362396 0.0142655188396121
-0.209412647357471 0.0886794784585819 -0.973797870826923
0.714915897562749 0.0456586194688912 -0.697718102015595
-0.595121437037452 -0.449353691661439 -0.66626701476864
-0.480749914461873 0.876855942938956 0.00178187472502981
0.0632485960306614 -0.992903333334606 0.100710405386827
0.00712556740114076 0.592294382506667 -0.805690133202746
-0.331639293263504 -0.386896837962097 -0.860422114975327
0.877904460371773 -0.364141658055887 0.310941491807791
-0.278003804829557 -0.59791080960287 0.751808850879218
0.19222413257111 -0.848602719668555 0.492872505855638
-0.410022536297912 -0.122895868045219 -0.903757780240502
-0.974563809539137 -0.185465898591615 -0.125808511620513
0.952537337760741 0.303971086470768 0.0165589480783369
-0.8675635215607 -0.235261302352676 -0.438161677548961
-0.738787859789957 -0.611268343709493 0.283801885486386
-0.0861550975106965 -0.94488110466111 0.315874970878231
0.345090914333824 -0.938175722036689 -0.0271767441976152
-0.469627748262994 -0.425733091113331 -0.773434621149402
0.947743680473628 -0.260239214404149 0.18454665374537
0.0576566243197274 0.584884463429045 0.809064817002552
-0.899942339247416 -0.363962880105985 0.240072505578723
0.987315738112612 -0.143516906135261 0.0679008904839362
-0.757043747980703 -0.0697492586982575 -0.649630513872596
0.68924139784571 -0.643096933994327 -0.333725379590447
0.0867814999975097 0.817603616752324 0.569204090930222
0.618432675984278 0.782534302627585 -0.0719797922064482
-0.952376281573805 0.30292713164854 -0.0348506987998998
-0.0963553830609122 0.373135795829049 0.922759620933972
0.319232355918325 -0.766260763398863 0.557615589281924
-0.71277973001373 -0.200278188404747 0.672185765790133
0.887093768165735 0.457150766655532 0.0638578345058489
0.764239734820409 -0.621391280756216 -0.17265718612841
0.087518270560225 0.881630549807278 -0.463754381073283
0.48112537424185 0.0689131367041828 -0.873938987487245
-0.236776904671311 -0.0668034785973777 -0.969264665951237
-0.405692662995749 0.565539701529216 -0.718037818771173
-0.782837823000074 0.447182177292383 -0.432658113517532
0.839565025650292 -0.299758293791232 0.453073430039981
-0.365933742183359 0.44600755991367 -0.816804598928983
0.539790255620485 -0.280433007862489 0.793715193276762
0.82119735241694 -0.553259586819893 0.139781035821349
0.896101704311319 -0.412795856311093 0.163099100373796
0.159493420408202 0.530270387081455 -0.832691518769692
0.594142413670374 0.800072305755239 0.0829403269913874
-0.0759724419706337 0.192630100158822 -0.978326035927605
0.719965770255497 -0.0904715536313434 0.688087340127647
0.093382566396512 -0.203346704489632 -0.974643429191624
-0.886333615331894 0.272517578707335 0.37436197941055
-0.119002984185837 -0.898949296851336 -0.421578523463132
-0.216465311418009 -0.0587555544161284 0.974520678989398
0.490947306027036 -0.401769510375641 -0.773014879052993
0.588023064085243 -0.6667132044145 -0.45795456015106
0.47975666874454 -0.546158671977594 -0.686690792000892
-0.159498158195019 -0.950066722682984 -0.268204325063582
-0.788271561574363 -0.209282156567308 -0.578644039246627
0.486462821453544 0.8734271987711 -0.0218826824298724
-0.237043650997483 0.401250375158297 -0.884764626303013
0.354776070707118 -0.355991385904993 -0.864525345386161
-0.226643575199966 0.447365094365534 0.865157304866516
-0.302210294352126 0.848280529776064 0.434843742958827
0.388136829870039 -0.906065201835118 -0.168510092641131
-0.670424166333477 0.503308131152365 -0.545171864930662
0.113210860186493 -0.503653324962715 0.856455853730848
-0.904745768710344 -0.416428439071055 0.0895681256562492
0.53906506400094 0.73321135737717 0.41449965281866
0.920861046439301 -0.209034830292358 0.329119086160862
0.484302503789835 -0.814031587670813 0.320630096991896
0.970726018860375 0.0620856697601961 0.232026649154607
0.340549199988946 0.939265263116381 0.0425089154155234
-0.0723265553563413 0.0278709079746919 -0.996991515449832
-0.922396372378966 -0.105791069939534 -0.37147433524158
0.701851159108452 -0.583606717214089 0.40842153479061
0.779273363621018 0.48850995941837 0.392544321446443
0.454789190291435 0.377329581497374 -0.806715054601733
0.229857138002335 -0.964190166122989 -0.132298978307086
0.12548925366556 0.665859814254909 -0.735447588190266
0.223317191392041 -0.589588970618457 -0.77621793186826
-0.2796956765314 -0.891207609650538 -0.357098480857335
0.182625999677276 -0.824238589233476 -0.535983667904428
-0.801531600578418 -0.255777040559142 0.540486076413635
-0.552272216394134 -0.158279857250943 -0.818500388385816
-0.698716177843835 -0.472209707060964 -0.537413895779316
0.591175255147201 0.297305750917396 -0.749747362898387
-0.58845891146153 -0.581428383859089 -0.561833733380721
-0.944534560975959 0.231225762706715 0.233214728914471
0.79498553452553 -0.52929937274248 -0.296378430236706
0.0878499579420786 -0.52503215534264 -0.846536248926079
-0.592881755396787 0.801973453129273 0.0730055107066209
0.351907650025916 -0.0181143495578253 -0.935859431855732
-0.0827093643535342 0.994254302382734 0.067952507250702
-0.347901651313542 -0.147333605962988 0.925881876681498
-0.3924378315845 0.305321944855717 -0.8676238000025
-0.347123654730415 -0.748756274608831 -0.564685053424035
-0.852312148315294 0.161314377344632 0.497535600229855
0.206239211598168 -0.977781287172033 0.0375385409355392
0.864931640023849 0.311632844808122 -0.393418642316875
-0.646524946455845 -0.694603805980978 -0.315485413810222
0.466627669594108 -0.751130065950334 0.466971350293161
-0.0487706839109754 -0.120588496186259 -0.991503824994333
0.503619864583638 0.845299444910099 -0.178426120373214
-0.354199674324853 0.926937830500322 -0.123809729405749
-0.885441868783585 -0.15736541350163 0.437297180002905
0.810885492129839 -0.50875229559266 0.289198582953906
-0.581785236637553 -0.310490170935896 -0.751745829508075
0.590038216265251 -0.174213547520727 -0.788355594390478
0.479746070285572 -0.263372396707702 -0.836946048857387
0.997707856454387 -0.0266277862821135 -0.0622092771771791
-0.85030115040941 -0.475016953251697 -0.226598428361516
-0.0340632172507876 0.873878785312681 0.48494903424067
-0.798637930506913 0.0622802421548945 0.59858051036829
-0.207026668834162 -0.739620224702306 -0.640391974967473
-0.0476938340060019 -0.445204607354523 -0.894157791325509
