# command_history: dirgen -cart 0600 dir0600.txt  (version=3.0_RC3-1000-g3151ed7a-dirty)
-0.288483601223372 0.933340153096549 -0.213666493496067
0.489447931636825 0.42145376499832 0.763424813708053
0.0243373626065769 -0.535295709526922 0.844314038816971
0.244107689957861 -0.542680962054211 -0.803684520895702
0.337052416795396 -0.318279154309975 0.886055330249816
-0.786291604133263 0.170883350553306 0.593754489476261
0.338929110816116 0.724933258298267 -0.599665597524532
0.0308092328288287 -0.721372110525343 -0.69186203055863
0.589542667347747 0.690063724722802 -0.419823176108938
0.931049955177881 -0.25150488775525 -0.264369575402475
-0.0740522424692021 0.972655197427677 -0.220132079221111
0.239241337340826 -0.968078730589264 -0.0747472667597497
-0.397036991489574 0.89509588802728 -0.202891543997187
0.428658012679658 -0.769469261070308 -0.473465272679466
-0.643196763469047 0.715112386616456 -0.273700927968209
0.596471504173762 0.442335849895737 -0.669746773494062
0.784232443458762 0.587737300292357 0.198857588418825
0.220738662413016 -0.937256951361344 -0.269858944711774
0.362233010269207 0.913109795536721 -0.187130295693126
0.266392019790512 0.887857213053723 -0.375159780654068
0.574994952504126 -0.187701720064021 -0.796334646288723
-0.752875667224314 0.218886503238834 -0.62069874206528
-0.327698089692606 -0.856778684941748 -0.398176150769111
0.545052168262424 -0.302112831957421 0.782077982453859
-0.622402033257105 -0.239014880955733 -0.745310402234625
0.603122725076795 -0.0821083828994293 -0.793411111564227
0.498139404086241 0.48348355520029 -0.719792182471783
-0.672475813658207 0.218593641456465 -0.707101902104312
0.645116760923304 0.232010353121608 -0.728007940080472
-0.557372945772938 -0.0886140016991695 0.825519810799994
-0.740852594587357 0.106232415295579 0.66321347018411
0.502450581668966 -0.862984742016931 -0.0529220939352303
-0.862658048377623 -0.0631121838622646 -0.501834578140494
-0.7576265088705 -0.32658100548889 0.56510788342631
0.59225882861377 -0.358895555376712 -0.721403812202214
-0.593668378461041 -0.498813221526216 -0.63146118364162
0.239001495937839 0.958276201488157 0.156796066917842
-0.850800766406284 -0.329265863215747 -0.409538822583732
-0.728263513747798 -0.0603118409212058 -0.682638071300163
0.402744122811351 -0.581860088232018 -0.70656635163553
-0.928954543105263 0.154622168366012 0.336356123615854
0.401270715227122 -0.556281107875365 0.727690278980055
0.549273315133057 0.833300840691082 -0.0625182708196329
-0.420800556542307 0.900454921654127 0.110035565534713
0.884100341647775 0.153268721140955 0.44144680882084
0.657353389340059 0.732131315648905 0.17852243043758
0.613833422050552 -0.692172529449584 0.379612591267826
0.991881849456715 0.0185884789433894 -0.125796920347431
0.867234904859626 -0.418162140818896 0.270266616101347
-0.362266629162541 -0.0499632032549321 0.930734423837282
0.0261666092819608 0.616941259277098 -0.786574084978824
0.0993871799737564 0.945153103726973 -0.311139516892559
0.505924465343068 0.848834966767659 0.153361124669447
0.755842174866965 0.654147956536467 0.0281612792951682
-0.192082118785401 0.965880863128426 0.173719940954395
-0.828212405059776 0.51938486898135 0.210484132367092
0.386459974970939 0.797565775128496 0.46318195354433
0.734474983961029 0.412109191358075 0.539177625957939
0.0318348810708816 -0.688365305443431 0.724665265214895
-0.0803827375883392 -0.579666245870891 -0.810879558809909
-0.550060934170262 -0.656902922441201 0.51566609272663
-0.302018914157849 -0.404109422321548 -0.863411923870559
0.348274914398712 0.0482675027169193 0.936148936965717
0.498235652050648 -0.851299119598702 -0.164472015845068
-0.91727465871716 0.337324835510974 -0.211705351426958
0.240452593323736 0.607806219263055 -0.756805226058225
-0.486569587354001 -0.654121081410713 -0.579116264247722
0.00288696541864298 -0.892640651283446 -0.450759728798988
-0.0353137906790867 0.122991965636738 0.991779165226153
0.483792685441527 0.151577449337754 -0.861956445747427
-0.186165072646291 0.472121666383133 0.861651726545137
0.712882801433439 0.171221651157958 -0.680059745607072
0.290873399776108 -0.23339098097999 0.927858456500714
0.235977301687688 -0.513127415419444 0.825236310782045
-0.800941346920213 0.356302211034689 -0.481187794115174
-0.695889192092883 0.637828688879677 -0.330019387264366
0.501540042541356 -0.2161547605275 0.837696069722733
-0.022249643167125 -0.984477628390636 -0.174094091161317
0.99706314132798 -0.0641911487652813 0.0417682729517701
-0.0299660004278518 -0.451884529843098 0.891572997856508
0.580900456950496 -0.806773621549732 -0.108032322414336
0.188945278542331 -0.599488503621989 0.777761670270289
-0.87641753502513 -0.420683307374788 -0.234345597775347
0.625098860657536 -0.574729888555553 -0.528144837715538
-0.132350355139978 -0.0800765440074427 0.987963122082067
-0.186422524339561 0.248066448616876 -0.950636460214669
-0.964614250396037 0.259044000522038 -0.049148283046618
-0.367525209016215 0.75058616928182 -0.549131699340359
-0.826106332747553 -0.0451624414564196 0.561701594154837
-0.298506033298298 -0.949623370696892 0.0954442345602323
-0.864130093640045 0.210551289502939 -0.457107575691212
0.65990008387198 -0.733234728833608 0.164008267285705
-0.702868888407489 0.52374682102418 -0.481315481961557
0.559421872182106 0.330452293449345 0.760163436820224
0.412405305449126 0.889740833504503 0.195660709474655
-0.678874157582193 0.394451987505506 -0.619304051109005
-0.852185297716537 0.123845443460702 -0.508372426956654
-0.612509227769975 -0.725033082778684 0.314895974526614
0.491528364013096 0.731727599967394 -0.472201849653903
-0.0777389929210524 -0.174378288723835 0.98160524723606
-0.364421028882625 0.843989849326348 -0.393545992156212
0.9659590655654 0.199609805539377 -0.164557008919557
-0.0396138683626208 0.842917303729099 0.536582855211956
-0.0831126701254671 0.643977420633927 0.760516512495482
0.898040531185397 -0.251006301856333 -0.361274190576435
0.197466091729662 0.408532448720722 0.89112758960727
-0.427627004400759 -0.799580300215114 0.421671066846116
-0.842656283564312 -0.418596870618498 -0.338684289092337
-0.294655005566814 0.74094645719174 0.603470608455316
-0.385153940043329 0.863375484932296 0.325943575618575
-0.0255527300743138 0.358386771719098 -0.933223435112145
0.914215043931779 0.0604496855658325 0.40069525697693
-0.80752807710944 0.489893587366595 -0.328485430022429
0.576469301766125 -0.66031957765211 -0.481311956521564
0.0347846177261428 -0.996454281853867 -0.0766087106322782
-0.171074216091565 0.914504237567228 0.366627347670957
-0.281297591331579 0.419408885110438 -0.863115202161028
0.755829173488747 -0.278476407432431 -0.59259864242744
-0.782946713667874 -0.501033805655528 -0.368726957445498
-0.673100110244116 -0.646689389716572 0.358788342644193
-0.380139733754827 0.400354909434721 -0.833792377820957
0.139913299116357 -0.678812568535486 0.720859046921541
0.394799407630487 -0.218087309458339 0.892508461129551
-0.435789746188989 -0.233562246636958 -0.869215723547632
0.918268620313865 0.017605602060462 -0.395566408739366
-0.149062674905337 0.803966332380315 -0.575689547715616
0.475396643655297 -0.836991068956515 -0.271005501214106
0.892432086964233 0.332064113900769 0.305447858751639
0.521289733307935 -0.7376469884102 -0.42910830152434
0.191147213949236 -0.627724566258638 -0.754602286979605
0.657759222580049 -0.621020512975584 -0.426246791864094
-0.847502716404272 -0.505146604170457 -0.162990962885786
-0.627991926763899 -0.74911759407425 0.210829244099989
-0.655480110977109 0.492029733463644 -0.572933299347431
0.645293687202112 0.32714284543915 0.690343114643059
-0.632115257653891 -0.134911588645666 0.763039425121833
0.181009613077513 -0.958993464558978 0.218098727430256
-0.98200328090303 0.082721156982586 0.169784470677232
0.511172292177239 -0.858050244792853 0.0495243891551635
0.94677673518346 0.169928595828307 -0.273382673253386
0.00703071106606496 0.221726574254756 0.975083532509475
-0.501253168001605 0.850236247683862 -0.160759400013874
-0.786672453626865 0.594060404906468 -0.168043702729531
-0.695852830953355 0.300625785440322 -0.65223690081334
0.696719970156119 0.716359928608695 -0.0375464494913051
-0.276265621722484 0.890654996110237 0.361124610291466
0.911499014041693 -0.348970559760606 -0.217690366854831
0.590810697885644 -0.519219828764238 -0.61753824876028
-0.800315551643782 -0.368979569195949 0.472598238796
-0.158106788654326 0.899802276045859 -0.406642481061815
0.13542689645503 -0.560595538824913 -0.816940755236366
-0.394672050096707 0.719704220476838 0.57119156847794
0.713205284252645 -0.213928921098304 -0.667512276465249
-0.439481549828166 -0.866242577852432 0.237654715240845
-0.705809613895282 -0.24087683221479 -0.666191519486072
-0.706544014574267 -0.280634762699443 0.649645815374736
0.502813654993924 0.617985638660703 -0.604377513447328
0.548204344640516 -0.459126821479054 -0.699052614840831
0.725357714438903 0.561364008254385 -0.398405115856387
0.160961586140747 0.905505921693048 -0.39261990979302
-0.39456598566871 -0.141695370809005 -0.907876701344724
-0.822641520333387 0.236033423434583 0.517251536532589
-0.228135991848525 -0.973243459056194 0.027406908392292
-0.795018086221634 0.603737247275561 -0.0587160866596091
0.662077472751422 -0.747516514493482 -0.0535955281213371
-0.870141466392057 0.0196461494302229 0.492410253018401
-0.687125984313502 0.0415038092253496 0.725351856343518
0.182572746099783 -0.0156332210832723 -0.983068051957821
-0.220643707165166 -0.854503061512653 0.470256177369226
0.55343003953266 0.203180112450399 -0.807733268627411
-0.758792827684971 -0.00472488477863146 0.651314916240735
0.339114800985469 0.757474333887856 0.557883307918184
-0.0298201105254262 -0.494621563722761 -0.868596724440463
0.50020694279601 -0.553227277812173 -0.666132564481877
0.606226264800243 -0.700823150545683 -0.375947639340332
0.724316110519462 -0.127706702454054 0.677537578434045
-0.382190041699352 0.258346732401442 0.887236010249441
0.026872888274875 -0.573264166221055 -0.818929816042037
0.100483645942684 -0.862668054419999 0.495688273798442
0.679492154015158 0.150435373021574 0.718094430542182
0.619786696934429 -0.330784951475521 0.711650030689557
0.953799460629734 0.0558981920264713 0.295198206347192
-0.454853561368057 0.129260457536251 -0.881135614890418
-0.0496704840998732 -0.317060632098251 -0.947103689456831
0.496370773392965 0.145025930164899 0.855910938650206
0.241389512862796 -0.810456211385255 -0.533752594847952
0.232697401460531 0.744786878109508 -0.625415402392209
0.470655063604495 0.324639603472997 0.820422414954847
-0.682033637440362 -0.727855258178323 -0.0711114656158584
0.0152293328610467 -0.404716357906791 -0.914315447240869
0.23815820163698 0.494129520458619 0.836131980015341
-0.572262830889897 -0.292535899582407 0.766118789638652
-0.982635670775551 0.157964542200658 -0.097336231316086
0.0290236474839621 -0.167904894760279 0.985375854282145
-0.100677995356017 0.215458762039668 0.971309149092825
-0.93452571988708 0.0340586297633766 -0.354262174961111
0.248183549014678 -0.662473413789715 0.70677712330004
0.940873575538632 0.326238766159345 0.091242436990572
0.66215769650161 0.409972141185779 0.627271893532007
-0.446603872668876 -0.695753458532143 0.562558535494506
-0.474344973166267 0.71059125486507 -0.519670005812515
0.340028513033527 0.486097501588146 0.805040265622764
0.928600777702912 -0.354222676529993 -0.110575273372823
0.130734079566661 -0.526737744786215 0.839914250776465
-0.644333930880394 0.122080935831034 -0.754937103752914
-0.289988635762039 -0.706789392414689 -0.645256031276691
0.0199559728086016 0.789143290246781 0.613884864292766
-0.541806373706017 -0.797146692359268 0.266463889246206
0.599343196310527 0.792242049808394 0.114631006065876
0.762642621648712 0.618487016435579 -0.189341073582558
-0.733024117990965 0.427103088828648 -0.529394554143312
-0.0637554531055252 0.928473284680477 0.365886050340752
0.440275607089659 0.241629351053797 -0.864738484462877
0.833733466431548 0.406559957744843 -0.373627498600607
0.995299305888283 -0.0734433769583987 -0.0631297242133156
0.595718404791602 -0.217026410663013 0.773316959123023
0.0815373340180274 -0.611328054145429 0.787165594634316
0.894950687869997 0.241850057790943 0.374929081064054
-0.985918160462084 0.166994444625552 0.00884513059623444
-0.509801821071949 0.505826150202176 -0.695874995242227
-0.797423084093466 -0.412606723313348 -0.440309115090169
0.223425532996477 0.227263313647511 0.947856749448562
-0.708541311846981 -0.663421903754558 -0.240500700674317
0.916932126430585 0.132181143108033 -0.376515100528702
-0.962694112660565 0.264461982354363 0.0572704578110608
0.410323110759497 0.524188535439702 0.746231414569388
0.649336016731636 -0.743087743269934 -0.16181267928407
-0.831904205500948 0.508912929488902 -0.221230701008836
0.0857259132456422 -0.78054997175495 -0.619187216753986
-0.234699303255608 0.33539780444367 -0.912373032167051
-0.805556517098684 0.501540126806642 0.315493579907129
-0.878335283558316 0.18782289839473 0.439601738503314
-0.397264645387342 -0.650479551084576 0.647346240543712
-0.872552602077107 -0.485658867254104 0.0527960345663493
-0.645220665311415 -0.0585689401662467 -0.761747971643442
0.684699368035193 0.388573273483697 -0.616601643321173
0.70022007548047 0.0694190577475694 -0.710544045303009
-0.347483822736291 0.133238448820002 -0.928171594422397
-0.167248291825561 0.301855302232039 0.938568796304158
-0.96183517783384 -0.147284802480607 -0.230608494291934
-0.781735016607017 0.603366793402688 0.157603541931601
-0.968302717426184 0.147073347576501 -0.201889271279358
0.450720084283707 0.569975748452553 -0.68700731568102
-0.300083760339515 0.939017194286195 0.167917972877767
-0.6622052393256 0.148560491158058 0.73444809311251
0.899552663646054 0.417747026540311 0.127641792309641
0.0815134931044087 -0.0662046845320016 0.994470959952042
0.19848999621588 -0.736565648113588 0.646585467994163
-0.343658187197823 -0.62537905374441 -0.700571259408815
0.24401904616349 -0.687891287118098 -0.683564395076621
0.906916402532425 -0.222742035614193 0.357615190376597
0.988642192484098 0.119949457625753 -0.0905469096961592
0.0534959489755776 0.912752211829325 -0.404995781760598
-0.391243205678351 -0.682690790248409 -0.617140210098589
-0.83033795468512 -0.153275046667171 0.535766405328394
-0.37141303054144 -0.321196642954259 -0.871140101992175
-0.590275962824102 0.807200528122384 0.00126297704794678
0.567083747904455 -0.545705039542788 0.616945729120674
0.289522763698532 0.352310407222012 -0.889974126738201
-0.256892464193932 0.782925053704038 -0.566599172363407
0.625754092970591 0.0234694568909864 -0.779667236533507
-0.796803607582248 -0.502776001510133 0.335142213469742
-0.132179013806009 -0.27034634060331 0.953646456728944
-0.17366671763536 -0.810053405282531 0.56004763348838
0.506261970549614 -0.0368966147521718 0.861590074800686
-0.350686258242883 0.519538022196914 0.779165830726249
-0.686772290027534 0.652989431481526 0.319293946111997
0.443536575158851 -0.328457788675029 -0.833900945889299
0.536218605502971 -0.0138438547263192 -0.843965612331904
0.385434829556569 0.766983446116086 -0.513007198339936
0.372837929146086 0.877963816078596 0.300285557839147
-0.280393708514192 -0.794271091009559 0.538992395319399
-0.130730916022714 0.348919736823517 -0.927989463760699
0.472699540118068 0.870054363402269 -0.139859034376898
-0.0415635359768854 0.814828196456575 -0.578210586842219
-0.806666143270118 -0.583506069133508 -0.0938637341366534
-0.912185116908345 -0.409335351191231 -0.019049481779338
0.308233254060962 0.923056086403418 0.230129794778068
0.137043874885657 -0.707346922559695 -0.693454618199096
-0.132526236069955 -0.0354359396873047 -0.990545855037316
0.820402774092879 0.263639856909914 -0.507378866439301
-0.206946787953871 0.846030717258516 -0.491329881455033
0.957594393753792 0.238152126830927 0.162162084154139
0.475974516297508 -0.377753739358469 0.794197942729674
0.339439499896443 -0.494613683071606 0.800086326860042
-0.730981476149902 -0.42995149432446 0.529913006118811
0.370269134063958 0.861637767473599 -0.347103912427733
-0.548722474721235 0.40791894427831 -0.729729936781186
0.677514008647876 -0.318332183918752 -0.663053081410081
-0.790729170573288 0.342117625756306 0.507644471014261
-0.331890498359301 -0.230760012175173 -0.914657593791102
-0.792878600550154 0.607344663453185 0.0497592661176482
0.077393717144053 -0.486403825620796 -0.870299678827977
0.631763618357401 0.343217891143151 -0.695036840548191
0.343593692443032 0.435577873409042 -0.831994766035111
-0.894732340550648 0.443318241160599 0.0540645524075898
-0.772788336551106 -0.217610617251975 0.596191081910648
-0.732848092733463 0.68038394823541 -0.00336986060856863
0.282232935448769 0.822790169595218 0.493316234240719
0.295525183118837 -0.581868006947481 0.757690232637022
-0.551981448325587 -0.0560165601515775 -0.831972731339899
-0.904827360941405 0.0860828210972722 0.416985844848177
-0.439476234152538 -0.729804363776598 -0.523685239650441
-0.860475463854032 0.430285052782829 0.27283099064598
0.142071146085953 0.965917615123837 -0.216376870860318
-0.0528921017343729 0.911304557917407 -0.408321476649318
0.174963837144967 0.839074924311978 0.515112538269414
-0.317631951121915 0.910655162564243 0.264229291566202
0.931356597390083 -0.348352150174913 0.105951252783922
-0.79399198720729 -0.329072220414779 -0.511163572647647
0.62928811560647 0.770243285014058 -0.103545880879981
-0.0896878978847717 -0.959609786025916 -0.266655469728836
0.0759766969369737 0.726826925387327 0.682605421934628
0.234580629404369 0.777667472257692 0.583271146981044
0.135952490704659 0.451634407401663 -0.881784147239078
-0.934812055085807 0.355139714566004 0.00148485831910978
0.189814477073423 -0.762820375645053 -0.618122592043102
0.0448432811935569 0.931339580445263 0.361380223625806
0.473448353171319 0.840850438798238 0.262330319353627
0.208620980900379 -0.205609289634271 -0.956139166828895
0.827015170027691 -0.400057873348092 -0.394967855041738
0.343468085342495 -0.838541025226583 -0.422940448956011
0.137793887281398 -0.987477308423351 -0.076820635097969
-0.540864795016206 0.293695977742585 0.788167460740359
0.959623506132443 -0.152827288286727 -0.236149415483087
-0.982246944022676 -0.140799653918592 -0.123961277883533
0.558933632889494 -0.764185706955547 0.321890352930627
-0.580337190496581 -0.7174843343666 -0.385259620600255
0.236059028607839 -0.964173418353732 0.121019644491307
-0.0761137479905527 -0.690506957548839 0.719309974172107
0.603605736388983 -0.449280633963998 0.658640286456288
0.94738416059105 -0.056588056754234 -0.315057207652786
0.0158552378181319 0.999578591805494 -0.0243156377229929
-0.908093901586714 -0.238794135189899 0.344009922676553
0.905005178659785 -0.122935210531738 0.407249997680157
-0.185072026016701 -0.175880514251382 0.966857998825444
0.622267707145171 0.730207946141426 0.282097954682787
0.731342638979685 -0.672745530321065 0.112033012292179
0.41915913719109 -0.155278201561587 -0.894535800194168
0.725953257786562 -0.679561377035786 -0.105774299100976
0.799723612144801 0.0626684119977153 0.597088615128237
0.539236927324609 0.391327475934984 -0.745711970393307
0.134979694365227 0.497406412962908 0.856952357166046
0.523388638048527 -0.632240047771835 0.571259009167624
-0.114451527471781 0.884142717761738 0.452981790459909
0.279560822943852 0.958494290163481 0.0559860875482581
0.820164242348063 0.505783406762836 0.26742056954731
0.567341254859506 0.793709283020603 0.21942988534236
0.922224212120627 0.331381317826382 0.19922079403049
-0.108718958123252 -0.890461975367164 -0.441879687890045
-0.967211596071042 0.0438147054202423 -0.250163946272531
-0.45274516655371 0.491564313782403 0.743899414960039
0.394653157430443 0.914435686634041 -0.0897566729570141
-0.075415478038299 0.445674876584562 -0.892012561600783
0.157332781248672 0.318817322144748 0.934666737957979
-0.581638487072728 0.784768101452313 -0.214092730606812
-0.670295119637179 -0.658691616977842 -0.341803754095383
0.932257453298874 0.241531429411901 0.269367053246942
-0.335530282735878 0.791354375939939 0.511055457898546
-0.294075497523318 0.452181965831563 0.842051703598488
-0.883228060097817 0.439677067878375 0.163071364248055
-0.66482698722595 -0.494011221568882 -0.560319542779019
-0.209217402072426 -0.93232144102269 0.294965776454556
0.240120522788587 0.043434478054845 0.969770890804544
-0.35382514382325 0.0779993915154809 0.932053572774479
0.114982024091619 0.225803709144932 0.967363333537191
-0.592029312425803 -0.147067732510744 -0.792383982222495
0.0904422161377708 -0.751021115159645 0.654054653774783
0.44827044137975 -0.640622084088369 -0.623423577324021
0.466085469266344 0.884492211748961 -0.0209251689169498
0.888378492103704 -0.0304018365972164 0.458104118186102
0.977947757387984 -0.172345311146856 -0.117963034657073
0.752440716717698 -0.433403661072449 -0.495978058379959
0.578807205290769 0.417480762091661 0.700494134441435
0.717128388697943 -0.379699930352936 -0.584426930431399
0.980589663987589 0.0484729958308079 0.189984945603313
-0.710114718056715 0.67100474666376 0.213283185352095
-0.12130932320777 -0.992280104756639 0.0257728889926252
-0.999349702388102 -0.0299004242774855 0.0201528401184408
-0.950092313486566 -0.063502486801646 0.305437440441987
0.737048037442918 0.662118961169594 0.135494176115586
0.363360099722806 0.931620844028827 0.0072139379293309
-0.13268405675161 0.983598972203075 -0.122180206928086
-0.587045580075393 0.802250756480029 -0.108495210222238
0.130653763796953 0.656422019131098 0.742993759600673
-0.452097768801045 0.807386762839124 0.379122965061835
-0.810212031950542 0.241851889199746 -0.533913969636578
-0.690478855370243 0.0318274629771337 -0.722652034444682
-0.847952978987221 0.304923897144252 0.43358639551658
-0.186356796247603 -0.359946431748916 0.914171598094992
0.602400676341904 0.574939682062186 -0.553676608800705
-0.141363145056479 0.116649412225192 0.983061226906676
-0.99559712635623 -0.0395387344143376 -0.0849885314152989
0.438455124289195 -0.299352834592475 0.847434354039295
-0.441642267210099 0.0444723024740324 0.896088345045388
-0.241583703324845 0.145768255907108 -0.959369026943049
0.936820100792832 -0.237454348063286 0.256872597480441
0.317135257669903 0.907060784508648 -0.276886188801827
0.326306979374118 0.833056804192919 -0.446699133869341
-0.539877991864455 0.611082567806012 0.578886732637754
-0.12977856070434 -0.97692481353117 -0.169633233443796
0.647857936469299 0.485801328883752 -0.586751363874446
0.488033940670298 -0.6941212841187 -0.529167757603605
0.489180199387582 0.758615783562633 0.430354302240349
-0.314443174803077 0.898625678528123 -0.305936888442096
-0.775432043274204 0.458311403167755 -0.434345258970323
0.389317613727607 0.340792334887191 -0.855740837008249
0.78092307541548 0.241932606713377 0.575871308620684
0.630259293240584 -0.254061629558446 -0.73363881554208
0.0849424742373873 -0.980787267518776 -0.175616377207491
0.951676721684766 -0.258715879875287 -0.165461508828165
0.691878927744806 0.524411751704357 -0.496282040796426
0.906814037713518 0.3708299444381 -0.200433164206282
-0.567063240400496 0.794006767894512 0.219071983430561
-0.774311256675289 0.482063959606701 0.409946846108424
-0.974123204015521 -0.219312769244312 0.0546433220524362
0.142604724796084 -0.831207447799863 -0.53736214156551
-0.711938547900189 -0.578842584757059 -0.397598750105603
0.173624974997013 0.982259159516015 0.0708612136798273
-0.467041988102946 0.594970841178269 -0.65412650114215
0.227447667663823 -0.863762880758561 -0.4496456875118
-0.0253488217593058 -0.0742510053353682 0.996917361390653
0.755975440921772 -0.325025323425247 0.568207419746914
0.948584177909375 0.316015816776166 -0.01794605715158
0.120296196110657 -0.95453452313911 -0.272750195851255
-0.467092050253932 0.804802102304142 -0.366222053836757
-0.843719155300096 0.526620028152708 0.103967941828882
-0.066249330551064 -0.816911560623575 0.572945484597873
0.602132506054172 -0.0321953271637975 0.797746768129924
0.914645035975674 0.393928030088233 -0.0908028924421606
0.974969463502031 0.098281023330257 -0.199437673702138
0.307977209955482 -0.713417008319339 0.629433245379303
0.66421332816461 -0.745425746352162 0.0562237615587394
0.0332396136878334 0.974836573542001 -0.220428634634377
0.179143169838973 0.133698981861455 0.974696007455276
-0.341705074871199 -0.253443395723167 0.904988445766894
-0.573247441197839 0.664362243602199 -0.479593766052043
0.76263536142097 -0.590526346494071 -0.263943061296697
0.718792219359858 -0.658914557990608 0.221741630407491
0.00648704882953537 0.869030252624024 -0.494716422025495
-0.79544905603411 0.130832965314412 -0.591729274619299
0.444568774039461 0.415045321252832 -0.793785856799669
-0.535035131229586 -0.843425217104893 -0.0486961138254741
0.0665681869479912 0.845826555380918 0.529288309618593
0.773478659111495 0.108780738907618 -0.624417740572604
-0.88829316476634 -0.340977440180684 0.307684316657884
0.764702276004395 0.639337102963862 -0.0804891163293221
0.849947331022694 -0.526853024279497 0.00392750492644557
0.349543523827694 -0.665288772727091 -0.659704611044518
0.864961123112289 0.498701127641288 0.0560307129495481
-0.674840737786259 0.478960626717729 0.561414905999349
0.80825356320545 -0.0594789192384747 -0.585822870611857
0.932423807997607 0.272120936172821 -0.237773081688548
0.702835490398458 -0.533051805783973 -0.471039325095904
0.398421291223702 0.50709554230123 -0.764273894410806
0.420641339876694 -0.781067880064677 0.461512545786147
-0.886868418136394 0.432071236008546 -0.163642463701504
-0.752519314938778 -0.586045211757896 -0.300442491035664
-0.262185132088262 0.877258947892052 -0.402089162817392
0.236949895721735 0.649382854406735 0.722604079230127
0.735179604398431 0.491685289584858 0.466643895580368
0.293940017435952 0.162776238115584 -0.941861541021126
0.356749383864603 -0.637815800810229 0.682583973844268
-0.0918631989451989 -0.409026303384278 -0.907886906954466
-0.50287907019657 -0.502152737747766 -0.703530574126424
-0.290669424756963 -0.671436114151907 0.68167795191281
-0.188556570195273 0.0561040561053058 -0.980458441100248
0.184952393739132 0.975214066508211 -0.121450140118012
-0.459034778509896 -0.0545297958604317 0.886743239885025
-0.0585003423834803 0.311574543884572 0.948419218249049
0.0164596602009089 -0.962324541996227 -0.27140478156772
-0.133650393215066 -0.615786730703784 0.776494864556491
0.408469577303826 -0.86311577184208 0.296957520219114
0.405863125344395 0.411198432503443 0.816205227006292
-0.232925963400088 0.379372016936854 0.895445346372075
0.125329510477189 0.755199239711541 -0.643402379652623
0.264780059916743 0.906563473988839 0.328685545011905
-0.971489316734647 -0.230815135547349 -0.0541560769693214
0.814953715746327 0.531858090993374 -0.230168225948194
-0.0239975979827615 -0.654260901990703 -0.755888078631598
0.301904328079965 -0.953026230790285 0.0243881141593211
-0.956031691551186 0.249630093332767 -0.15390978283544
-0.554559926994616 0.125561512813131 -0.822616310239351
0.529866825180451 0.783164517134597 0.3254143307762
-0.837085540158772 0.397689267859546 -0.375674120330952
0.942829285920356 -0.134355691616227 0.304994238865649
-0.857137120117247 -0.438939835701753 0.269532517428289
0.526147408214936 0.57303483122179 0.628331112579442
0.499211831181147 -0.395166766837109 -0.7711230602156
0.255127942664599 0.946755516731956 -0.196376486396246
-0.945817053782806 -0.298338638123413 0.128156770309961
-0.725786983072735 -0.326717000737659 -0.605383561579901
-0.831672714159938 0.0293545879408784 -0.554489679515015
-0.85617374298294 0.302681434079295 -0.418748697060999
0.991126806999615 0.131821565577564 0.0170507271231699
0.346934044437673 0.592447135258057 -0.727078510708878
-0.295763694608343 0.0459123949941623 -0.954157161550194
0.767989174768687 -0.577627857991366 0.276656258035884
-0.522721780948157 0.738598080521163 -0.425716825099549
-0.0714052271232474 -0.128812973048478 -0.989094793997972
-0.179448157116337 0.434612897673253 -0.88255877316109
-0.298772261394711 0.60690555627046 0.736478636206872
-0.740511717767346 0.552274092364726 -0.38293044114039
-0.340065821936474 0.35719413303006 0.869923897866689
0.219605180911848 0.878492395348332 0.424293148462032
0.403709416495504 -0.0410453449151464 0.913966075242214
0.636375125056378 -0.421557316973824 -0.646000099624846
-0.528839908071947 -0.761454718315618 0.374853389454246
0.0809165790301113 -0.259700680204689 0.9622931278666
-0.264422422394288 -0.317444206442262 -0.910664569603638
-0.533591369647473 -0.236596975538426 -0.811974212277584
-0.749384758930688 -0.592265405136249 0.296047585636482
0.188987742997308 0.533948600153702 -0.824125309276863
0.123657822391935 -0.395639178391709 -0.910043066828608
0.881055532519182 -0.345120818401879 -0.3234698893606
0.859231817132454 0.305078013729526 -0.410667858452679
-0.402248789114483 0.891131169915159 0.209955113444691
0.135545140246075 -0.158102133417667 0.978075268251096
0.9293928034751 0.150500726066373 0.337014166322707
-0.972567683009323 0.00632781264512425 0.232533999133472
0.313463979741867 -0.8175425123167 0.483078227577365
-0.619488648138162 -0.784987443740522 -0.00534116070475926
-0.112313945093246 0.942419685501192 -0.315009069897084
-0.438470438288245 -0.894965479780589 -0.0823435774569856
0.822530655395439 0.555417090823018 -0.122291357652311
0.543235743912288 -0.773907262313576 -0.32551877960322
-0.195017880245925 0.980521691505707 -0.0233503505578326
-0.00752470941238469 0.948863395338689 -0.315597268262247
0.551772113886325 0.816545068700027 -0.169710592241864
0.028109566432446 -0.991975217945435 0.123268078824518
0.241159532554304 0.0822043092677197 -0.966997689447088
0.623939991022667 0.644777648159759 0.44154351092073
0.239436845197941 0.263662446762349 -0.934426086605542
0.154684402331623 0.923854506162258 0.350093683346329
0.700976905412297 0.697986950373277 -0.14644314660377
0.436354399421778 0.596962450283748 0.673224086806528
0.486954844265667 0.314983691896044 -0.814653456069351
-0.76645081268229 0.0345665913926748 -0.641372202779439
-0.873548819145105 -0.198860430672142 0.444260047363121
0.186974894598293 0.578799408383767 0.793745320392227
-0.848444439727573 0.123326835611879 0.514715964696381
-0.017549761203538 -0.757220944065714 0.652923002926017
0.843911614011495 0.242762952568198 0.478413353280283
0.512196666864856 -0.118494889187554 -0.850654768803985
-0.819615424377524 -0.572752913220539 0.0135888380605736
-0.662591651192674 -0.565590374179274 -0.49099881100214
0.18367522697456 0.685170574087871 -0.704843738285261
-0.585119870800712 -0.597648557615577 -0.548134051463854
0.077488857154979 0.989290078529984 -0.123695664996614
0.0825866498420869 0.537726961499478 -0.839064455297923
0.429387587265275 -0.897491356318065 0.100675544383264
-0.539319874243652 -0.684087109014191 -0.491079322030992
0.294351722707555 0.524647369267309 -0.798812995174707
-0.662087602225938 0.612095734981915 -0.432410474197442
-0.294292281801292 -0.568832460272873 -0.76799849284494
0.987769347910326 -0.054287813111826 0.146166168029213
0.399187543592284 -0.426394444499857 -0.81168779881209
-0.433338352137631 -0.823128212012331 -0.366984766926402
0.338062447984884 -0.938391563221528 -0.0716593004230758
-0.114067067626707 -0.866555774502378 0.485870140839739
-0.733595265487293 0.571673566359267 0.367460637321475
-0.892356929300727 0.322535799404059 -0.31570519291225
0.347374121799002 0.929139578779489 0.126613042968906
0.618059628720366 -0.582191709225129 0.528256669674474
-0.0894512041837777 0.9957201360309 -0.0232355927980714
0.126950861350544 0.788823570220258 0.601365823660873
-0.215055335809828 0.925449829310134 -0.311919566506442
0.452837423452183 0.0523007446305642 0.890057807129558
-0.337479058226461 0.933999385202497 -0.117273329022156
-0.31732106744771 0.183106154336214 0.930472716632814
0.870073676516742 0.465546640067522 -0.161981861189708
-0.441449626335141 0.469378126028946 -0.76472635773466
0.0691229244262208 0.994815924769034 0.0745875133296324
0.757787712274001 0.153445790149682 0.634201996694961
-0.0263261187971313 -0.0280621301337514 -0.999259451955014
-0.182939193439952 -0.723157070483194 -0.666015842839872
0.286087895543311 -0.0074595436828889 -0.958174342816402
0.0253525084287817 0.267586797147156 -0.963200164196879
0.247409221061599 -0.107388592660986 -0.962941518213845
0.630261323744858 -0.727833421627666 -0.270239105521655
-0.0787059238085754 0.0214279915530103 0.99666755677881
-0.0803387851848557 -0.362844664150675 0.928380002634916
0.482721975972379 -0.226111310978461 -0.846081065241933
0.276601140010828 -0.283010628585694 -0.918366372126201
0.198131041490171 0.946652534856077 0.2541516646583
-0.388644633309169 -0.148481215551846 0.909345191678181
0.895823355981229 -0.440936245409376 0.055459375788154
0.4114724499593 -0.911419234240732 0.00232430215962396
-0.55294794816125 -0.533525583372304 0.639999233211655
-0.693029547033899 -0.674440422973964 0.254637316190476
-0.462467560002282 -0.825231040216056 0.324218269394959
-0.846075164736508 0.520976544197551 -0.112872742555803
0.826632335290582 0.153794625936381 0.541318940445583
-0.419402916532902 0.676495615722446 -0.605355164768588
0.288272301137509 0.138196178018624 0.947523560012061
-0.495866033951696 0.82883529631318 -0.259131101874051
0.240806670309451 0.446017145282782 -0.862021376561088
-0.644161465086328 -0.610993232925595 0.460155708664974
-0.878997396086519 -0.0869790967385681 0.468826422467487
-0.768539915185239 -0.468823959992207 0.435373969484041
