# command_history: dirgen -cart 0300 dir0300.txt -force  (version=3.0_RC3-1000-g3151ed7a-dirty)
0.107887455590444 -0.781844578746031 -0.614067872153935
-0.00317265868776337 -0.0333954877733766 0.999437179433119
-0.104890299212039 -0.0858502965550814 -0.990771291324397
-0.707158099269516 0.399587903339613 -0.583315463657683
0.981797643989666 -0.0703657900118754 -0.176414403755325
-0.896220738412898 0.399664973802127 0.192500121439923
-0.363413969537363 -0.537974683958448 -0.760600766608149
-0.856864009602956 -0.347196776681581 0.381101649575367
0.0442300297849911 -0.117553657714608 -0.992081066255745
-0.390986085542043 0.849184945899758 0.354985645582655
-0.442966891699666 0.562356491542183 0.698237430447769
-0.358866951969486 0.583531664381522 -0.728495235020972
0.196759555574603 0.965372357494329 -0.171294742114071
-0.996019241520804 -0.031624567853502 -0.0833400097696333
0.437043355439537 0.882488966119917 0.173799683954692
-0.820285333484554 0.529995250810608 0.215027918625315
-0.992293270977397 -0.0703012528019066 0.102038219444783
0.758742949097606 0.608348124908697 0.232855526270559
-0.328293466956978 0.915182441684728 0.233804401124845
0.348838401186823 0.838912596692892 -0.417776764513551
0.306373087787993 -0.475442181369881 0.824675853443945
0.664333516931299 -0.730160711212361 0.159769565573522
-0.894223417286909 0.276035311477247 -0.352376200662561
0.282552978591328 -0.423584018197651 -0.860662764279193
-0.749006912675642 -0.351645686584558 -0.56154604073983
0.875257855137574 0.464467223499058 -0.134884711198299
0.659352139196019 -0.609619666056454 0.440021157780909
0.315184147476932 -0.851914549383598 0.418211135346467
0.618058136405184 -0.785757906868394 0.0242621478264254
-0.98067598877551 -0.192461358211271 0.0351173836532356
0.633723303719368 0.42302478687691 0.647645585185875
-0.0395132118855331 0.998623829876633 -0.0344840903753312
0.845726072075745 -0.493097284659155 0.203966857290835
-0.387477852065695 0.314077429849141 0.866727340181393
0.926784314469569 -0.119993596137155 0.355910622683904
0.87642541120969 -0.034709816700979 0.480285047873147
0.0769765154734093 -0.617144839906348 -0.783075259884093
0.664557504343607 -0.5702946133269 -0.482832659863558
0.817597887914719 -0.189527426996388 -0.543703088177288
0.936137414316657 -0.348509697186401 -0.046773202622514
-0.895855009955157 -0.444001667373457 -0.0175020143936608
-0.28161581472479 0.0914749444382692 -0.955156985755173
-0.125739726881661 -0.945300386658395 0.300992857169759
-0.556563083535695 0.7224809613278 -0.410193606196022
-0.580446496266182 -0.567214901791371 0.584250905141035
-0.322163625737386 0.660707262101801 0.677994477896157
-0.571619785571992 0.0712183745132354 0.817422023115552
0.907762870187783 0.345544897633602 -0.237834596364409
0.562144880964071 0.785925333620338 -0.257516024316257
0.834007191834015 -0.436288656544385 -0.337763544717065
-0.753164726365524 -0.652488276100828 -0.0836776225147143
0.489648138192327 0.777709155049964 -0.394224772073317
-0.901625485828046 0.425279354393702 -0.0787969163851948
0.127553931861125 0.962004118946061 0.24140851185818
-0.676473579491571 0.670477321775603 -0.304702571755599
-0.334457081310289 -0.937601809421093 -0.0950857914290833
-0.01011551871697 0.714167584700503 0.699901662552774
0.737101051254485 0.082389721763183 -0.670741361470514
-0.738093835282859 -0.555653327866339 -0.382709902600524
-0.0953147623724925 0.333946645548539 -0.937760488611433
-0.388889803709098 -0.0867090743157516 0.917194775934973
0.399921772823191 -0.354128890502243 0.845372878991044
-0.0518514330613248 -0.903469856260991 0.425503992598461
0.551141719848319 -0.454449193591877 -0.699799067651801
0.680191920573889 -0.725832976707924 -0.102496054115849
-0.0561022050666699 -0.658166102715009 0.750779544089737
0.106109226567797 0.540250103995817 -0.834787791699
0.419393162015576 0.402126892477854 0.813881648644741
-0.8336574378354 0.319398176261766 0.450555303311784
-0.608088180829308 0.152929648879901 -0.77900018410086
0.146323587074902 0.699646531172282 0.699345507802922
-0.278086689637471 -0.91318760104765 0.297919785075296
0.538834530039923 -0.82884233898125 0.150591255884083
-0.219138432061948 -0.776469697322042 -0.590824133506789
-0.176369225235106 0.955774080629817 0.235350383866688
0.783621045558464 0.343476304731149 -0.517650543365015
-0.696839819962741 -0.46266479878523 0.54804703199572
-0.182157214042416 0.679225167212504 0.710965485517723
-0.603874261731602 -0.440388534581368 0.664374754658384
-0.966743269690447 -0.102537826779127 -0.234293500950492
0.414676536791835 -0.894505162642658 0.167044556451148
-0.250998911273113 -0.0574454845356495 -0.966281306269648
0.352778504525867 0.581227471740881 -0.733295269886692
0.588213402806769 -0.443019074173748 0.676564182230124
0.558842609074873 -0.574187862701898 -0.598333716756974
-0.531966881485227 0.0468610219981312 -0.845467492941138
-0.559166195900777 -0.81607740754288 -0.146119233025453
-0.499860816055749 -0.679874574868787 -0.536572201124012
0.523028100469017 -0.33121257568868 -0.785327852444724
0.489734377785388 0.859893026025771 -0.144028549278963
-0.193531871758804 0.149106533466421 0.969697198248588
-0.49998323288258 -0.110938870907734 -0.858900072044473
0.101530519159371 -0.677685422889045 0.728309014967496
0.048572961817998 -0.568932455115753 0.820948554354162
-0.0133279257373329 0.866281192769824 0.499378875653378
-0.158522939213272 0.854053370451217 0.495442547793487
-0.193656450519047 0.931755428458449 -0.307130266679428
0.499709260160107 -0.566016937372507 0.655679404829591
-0.195109136134107 0.84814227424443 -0.492531326553437
-0.998089626988345 0.053207066314511 0.0314023023434504
-0.478037965330574 0.846751181181737 0.233435517584488
-0.834601633066036 -0.473165753947 0.282053688816991
-0.428589984031384 -0.791308642786498 -0.4360518976445
0.907938477385449 0.0901359259871643 -0.409296025059406
-0.986512346692654 0.128007647750471 -0.102016821849852
-0.919861597261503 -0.214632954246652 0.328309818365018
0.111370566225847 0.828979532670569 -0.548078034035136
-0.489042156357785 -0.511563723247247 0.706498638613227
0.595289147393649 0.199712557962516 0.778296681984069
0.952040091115015 -0.256222686368916 -0.167241142963118
-0.0992065362628272 0.906959529434995 -0.409368385601264
0.523124708062721 0.80263116425936 0.286572423610433
0.554703742356335 -0.825139988723883 -0.106994192480839
0.554172029646279 -0.676435973599063 -0.485105900993599
-0.418740212748904 0.445973087032205 0.791052867936125
-0.132377151815898 0.400048284598964 0.906883487371193
-0.340506857217218 0.17935312635323 0.92297753832657
-0.435557884987823 0.677389449914007 0.592817730816255
0.206593549896393 -0.583166898188109 0.785643350381626
-0.898198612056909 -0.402160863151938 -0.177498995625132
0.931683994309491 0.0346678717729277 0.361611771675437
0.70880658802746 0.130022544535205 0.693316203965739
-0.873510829844887 0.047845898661867 0.484447726927205
0.0439891288463844 0.985365338659517 -0.164681832366998
-0.0874530869489176 0.262711284702581 0.960903084849364
0.956304574076935 -0.278245927858502 0.0897817644607918
-0.734402416078715 0.677743404024536 -0.0362900752132077
0.940364885757974 0.260158302118126 0.219160989850856
-0.785328825192326 -0.203616097384388 -0.584635887718153
-0.615606200946097 -0.780234042498774 0.110742242539764
0.938550617938019 -0.0379903387795619 -0.343044416552108
-0.729767965784215 -0.679685737997389 0.073932494061226
0.797981813072281 0.421996771594268 0.430283337778596
-0.293050504046351 -0.835758404670491 -0.464359011004219
-0.300596672390908 0.826165939161196 0.476541164557074
0.411495369660358 -0.905045111159961 -0.107540259965926
0.0729800533062349 0.605403965866189 0.792565423124747
0.654516073052678 0.755189647190413 0.0360181467058011
-0.541491785035649 -0.679498266783023 0.495044192146292
0.0245328184638314 -0.969870338982668 -0.242383304664052
-0.238550284509441 0.291429084015437 0.926370795497348
-0.859085494988478 0.192635072906378 -0.474198103103288
0.263161101599519 -0.759671888154097 -0.59468046626177
0.127356890055463 0.479821354225094 0.868073551368199
0.450904216085908 -0.829297700456372 0.330076827320135
0.430052455153115 -0.766617564514278 0.476814844142856
-0.539361594475036 0.335293358351614 -0.772442511939007
0.525180833985033 -0.769837834223966 -0.362677267845862
-0.0284632533829865 0.956273165462937 -0.291086715984
-0.303373199347919 0.555945254407983 0.773879561701077
-0.0411776422749572 0.842326515054243 -0.537392262517102
-0.15238057343687 -0.407927327117436 0.900208562850785
0.553467287106697 0.72829400300232 0.404056688217891
0.668381971632152 0.585332466494998 -0.458967802426269
-0.980055247096884 -0.169445569552332 -0.10382635309473
-0.570095612532246 0.77394030533865 -0.275694389394852
-0.66050654827627 -0.7258318673033 -0.192091645032191
-0.630720844838177 -0.615469683520104 -0.472639698453568
0.533744622763177 -0.653409065146017 0.536817726287426
-0.44221566020955 -0.316725369100908 0.839124752604358
-0.827655510606018 0.55823835177383 -0.0579335686138006
0.205153311211711 0.263503935782168 -0.942591000766599
-0.298379070989029 -0.365801676118584 0.881566256015144
-0.423874706178584 -0.860270857876723 0.283309520754363
-0.710157666067658 0.0285062436178381 -0.703465339160458
-0.89953091638285 0.304870687328831 0.312886552090491
0.679489679043414 0.280363053112258 0.678004671461083
-0.786299714334879 0.611305476311812 0.0896569789145014
-0.947586605594076 -0.312705308093329 -0.0655363653932151
0.364163509125868 0.737549620861424 0.568687519986419
-0.840432584382837 0.42148189056885 -0.340626022244476
-0.101089245260718 -0.15338478530279 0.982982233883317
0.766177713936498 -0.552422154439871 0.328331347804399
0.946919069061716 -0.165270414960408 -0.275735319801631
0.207520303309448 0.627346592313562 -0.750580826311808
-0.868194308540978 -0.120428368688545 -0.481389292186759
-0.41212860865135 -0.910913236475471 0.0196744896982054
-0.951690168705982 0.203817090647346 -0.229661525616355
-0.320655334581462 -0.311449740837347 -0.89452736980866
-0.0624272280060682 -0.795274239766666 -0.603027134353862
-0.572765108036374 -0.55693020711682 -0.601472256564587
-0.81314339255226 0.346529908636723 -0.467669590168983
-0.614116651810883 0.204625364409112 0.762226474355902
-0.871280537685899 0.485980546489581 0.0685064455614099
-0.0548652999832799 -0.301684085176208 0.951827984254056
0.960333508125978 0.209073548847155 -0.184520471338302
0.832832314326454 0.083660248706785 -0.547166609909597
0.404386474928111 -0.678842665453014 0.612898208886161
-0.464559219631915 -0.259880211281153 -0.846550061862528
-0.915363799651431 -0.191001743244167 -0.354439625839698
0.1418388755851 0.861519384101538 0.487510086244439
0.646192806318537 -0.672126268909681 -0.361498458784716
-0.302004565882863 0.770802531919943 -0.560942687778091
0.684712916410336 0.694437394629677 -0.221189798681581
0.141119687147592 -0.0645898903892784 0.987883282558657
0.150550064934685 -0.770752055120899 0.619092842371055
0.738570653758252 0.59129589863897 -0.323855754402853
0.260819525579837 0.797891265320474 -0.543454417409227
0.263131163794234 -0.951275836416325 0.160736659448659
-0.622309477515225 -0.693612404368839 0.362812274737785
0.450762778073155 0.638657456686335 -0.623642181801964
-0.482964634113489 0.875406117978251 -0.0202309367522167
0.359738248158932 0.169839678389109 0.917465463358827
0.828434752388395 0.482467129161217 0.284466747290632
0.0023650980589636 0.442610339548917 -0.896710930922315
-0.790706868444303 -0.585045760242721 0.180288953119764
-0.631597614711683 -0.0756730309946307 0.771594482529909
0.767691966766337 0.210266293684068 -0.605340507402899
-0.294446003004043 0.0324444798437673 0.955117221623928
0.853991084425989 0.218737443906589 -0.472073255283685
0.436136362273431 0.616523531146344 0.655502714750855
0.764028630228357 -0.618308727768975 0.184267656836713
0.688128819271203 -0.0620682784341578 -0.72292894318919
0.493739255379952 -0.222464858228904 0.840672905802277
0.662707721889034 -0.457989327222331 -0.592506752281426
-0.336311501528561 0.238703953715175 -0.910996704944836
0.0648686163254157 0.231560271445852 0.970655398843456
0.343594478085601 -0.938589013383073 0.031519812589439
0.659257186476352 0.677896366454875 0.325325188736688
0.274369015772116 0.448583225703334 0.850584935677697
-0.150278626530063 0.468323974187651 -0.870683059218061
-0.910089327491686 0.352707865710071 -0.217565110833462
-0.744526526392819 0.482574926161787 -0.461304337869685
-0.938808284986475 -0.332906495549594 0.0883870423854175
-0.696522108365664 -0.489968949291214 -0.524201660898088
-0.357801125014555 -0.222645937845481 0.906866661256894
-0.513443435886494 -0.0629718468400129 0.855809782983713
-0.294955149849691 -0.666885931021661 -0.684298629680434
0.434962987933293 -0.0636676369096393 -0.898194651029767
-0.758110084641196 0.450221633223486 0.471772806065479
-0.979851074723417 0.195097557171693 0.0427646413407405
0.749338765307451 -0.559590815556908 -0.354047361170592
0.160946499181228 0.736723740080512 -0.656760500641663
0.214051752747709 0.203475804098962 0.955394915357997
0.802247038412013 -0.10349174768528 0.587953354884723
-0.964569400903837 -0.0741973337451416 0.253181015293652
0.822220607238925 0.568506445312685 -0.0274535001336616
-0.403624385469393 -0.447547102147057 0.7979905681236
0.380981382508562 0.867272515044582 0.320455255581976
-0.891904365989287 0.180535337067702 0.414624642296017
-0.0228825132554396 0.499823133018423 0.865825170739892
-0.77027103188071 0.262156338052905 -0.581340340819487
0.648897684222032 0.215964961438381 -0.729582710076248
-0.6095883974725 0.756932215587946 0.235490141347855
0.25645194676259 0.501812251956612 -0.826085263630766
-0.52500180809544 -0.200348943726472 0.827184019577389
0.0389015964272865 0.993641148101147 0.105659522030162
-0.1144212321784 -0.992939696358479 0.0312816403391595
0.309330312973346 0.697857455443217 -0.645995146543788
-0.653766544156186 0.301473569871811 -0.694048263747431
0.0221097969802673 0.37036354237302 0.928623714622021
0.172806670088395 0.344810542408034 0.922628606004192
0.646052302802987 -0.333327729610764 -0.686665163464327
0.0617514751659819 0.92573652902644 0.37309333167574
0.0454320600022669 -0.187319350933684 0.981247873215394
0.531912886940398 0.84674643423549 0.00944228871690298
0.111015570796742 -0.988365793042374 -0.103964427495139
-0.556916907044708 -0.343214250095644 0.756338242573414
-0.201890363237963 -0.881209560538357 0.427445893239647
-0.393765742684411 -0.0256148384491899 -0.918853862123578
-0.257552532078064 0.68432054687345 -0.682181854307926
0.788929975420532 -0.0538275968870289 -0.612120971456072
0.0071903725479532 0.758749454411156 -0.651342892778753
0.1160247271456 -0.978365055609332 0.171289464513546
-0.972939499847252 0.0457812316241791 -0.226479156806874
0.555918262363796 0.34606793573373 0.755772366144339
0.485458482028413 -0.198510965456301 -0.851424370581602
0.630020023939716 -0.533707131023936 0.564120082721045
0.0900018682073575 -0.9238557233579 -0.372008422133205
0.34836852560358 0.923237709860393 -0.162084858825634
-0.238942100036361 0.901496624371671 0.360846933029361
-0.74892905159535 0.328614479499238 0.575428361779236
-0.281959105258409 -0.931145623513337 -0.231229087214036
-0.218765182705673 -0.906931309480705 -0.360024158521852
0.724480142839703 -0.650074841343483 -0.229196909410247
-0.691271696551244 -0.327476446408017 0.64412934927322
-0.176795050207047 0.529050107736258 0.829969573976385
0.263353287296247 0.963962871736471 -0.0376912189221507
-0.710012732229809 0.170560189951592 -0.683221151366992
-0.426940698258993 0.763837463674451 0.484018562926573
0.405543827291971 0.74699477387935 -0.526814020259824
0.264296108018001 -0.959050274348789 -0.101833877261199
-0.879746946145894 -0.344055781377732 -0.328132488558404
-0.14914184083648 -0.000199159039415457 0.988815792575939
0.725079348170858 -0.197077552962766 -0.65986390791915
0.503157531479396 0.485178256604029 0.715146528925531
0.245369571887427 -0.357322051296426 0.901174081323412
-0.418121311041449 0.116830936988868 -0.900846880116306
0.799827171229907 0.0479708565074933 0.598310365185413
-0.188652542728698 -0.976469477490507 -0.104487212860772
0.24697055619108 0.118188231763722 -0.961788483112183
-0.219830755623113 -0.580139595735154 -0.784291073736291
0.842976396222741 0.275343696517137 0.462143532032635
0.190605696038961 -0.981197914270474 0.0303335073602513
-0.331740036444164 0.899434528122827 -0.284545388014799
0.191338646765609 -0.216818055576832 0.957277103575442
0.774994581999002 0.472324605238628 -0.41987243915071
-0.619360891081068 -0.0442974971201155 -0.783855738224935
0.837264458642969 0.531640093972133 0.127855530872148
-0.452988266755786 0.466141883100215 -0.759943007732405
