# command_history: dirgen -cart 0239 dir0239.txt -force  (version=3.0_RC3-1000-g3151ed7a-dirty)
0.839178682917256 0.171231725498304 -0.516196507466036
0.377475939374129 -0.52971514024584 0.75954840885091
0.556656722034658 -0.406210812942121 -0.72465582814363
0.581947374717989 -0.317104477585144 0.748853793042603
0.144289303716024 -0.630656212251462 -0.76253087726451
0.983354575591207 -0.171196550066381 -0.0608729817670082
-0.303714595823764 -0.224740285389998 0.925877555839016
0.75693472546742 0.295921526595072 -0.582649355512562
0.0746479813520277 0.725425959829918 -0.684240349354603
-0.784769307297246 0.254345629325319 0.565195041704461
-0.0678863947155973 -0.0888599226721044 -0.993728006828441
0.169576557625678 -0.974882486122292 -0.144388120549592
-0.454005107301109 0.861701126303142 -0.226606556552113
0.89837014061667 0.0427081697348008 -0.437157983669849
-0.148345794411938 0.927479655478278 -0.343183644648438
-0.311484441660684 0.923812328399275 0.222594304735865
0.474413203245254 -0.217096083236701 0.853112772867609
-0.727643181699387 -0.288167233128967 -0.622491000639518
-0.13698404776418 -0.98146528469802 -0.13401964628656
-0.67868636563906 -0.0199217545315437 0.734157980813414
0.58836540916562 -0.793557725109661 0.155216887664172
0.14379137315984 -0.0657869740250149 -0.987418915685455
-0.823803584447499 -0.330851568347701 -0.46030956319994
0.308613700915193 -0.942666155186239 0.127035835392308
-0.803338626048168 -0.0228238052470141 0.595084973607205
-0.882891748302607 0.430111255185694 -0.188431602821166
0.57863978486308 -0.75028989863575 0.319751571346827
-0.00463721709993167 -0.993715694560069 0.111837447228413
-0.72784093610384 -0.159093114085005 0.667035945644776
-0.674350778510898 -0.646088206360358 0.357520708664268
-0.387888119094202 0.740671237554736 -0.548588119562116
-0.983833721677029 0.144485563231834 -0.105807041867292
-0.028327730787179 0.91478518294736 0.402946161079138
-0.785938695129962 0.539125682243067 -0.302727379408206
-0.36155545986653 0.109349623412496 -0.92591592993114
0.999799667664015 -0.00518435757109379 -0.0193325367063167
0.765645651059529 0.590059673559314 0.256156824333662
-0.509808401832419 -0.142920196168216 -0.848333195712813
-0.613448824997452 -0.382237004069766 -0.691068311984434
-0.854565512216403 0.110792952478603 0.507388122655025
-0.279978358245417 -0.838441903337181 0.467575976331683
-0.870924949474687 0.466293910499095 0.155111964122615
-0.883368495326194 0.238833898664378 0.403259804981738
-0.953011558557957 -0.0454991274032649 -0.299497577052761
-0.709030076994821 0.701000058344958 -0.0766502975668325
0.481034362715599 0.469979152091988 0.74008481844022
-0.390496269641171 -0.739512823329257 0.548300508414793
0.866068573943267 0.399953836951425 -0.299936915926848
-0.740200459838766 0.482989418812431 -0.467786811025822
-0.1152627730127 -0.872728264137051 -0.474404753489837
-0.311181259227526 0.085293822043353 0.94651528663134
-0.796287410166597 -0.599525239109833 -0.0805968242579716
0.00902874170832945 0.960804215223562 -0.277080749659372
-0.806387309093856 -0.465795273515539 -0.364382039764523
-0.0239659553271724 -0.576176044849927 -0.816974172374103
0.587808126636811 0.799062433598625 -0.126415321346608
-0.441997146876238 0.889984508570809 0.112098602387549
-0.931498569844617 0.278787223648616 -0.233640960252543
0.511369919541667 0.353422036742439 -0.783322200204217
-0.102952892557265 -0.505972150135476 0.856383608671591
0.708272410138824 -0.246616290328644 0.661460957563392
0.440530107981818 -0.847636633117957 -0.295711619923841
0.891335169348859 -0.45296796441534 0.0184834816867705
0.721537169792744 0.435770687849855 0.538040909428216
-0.1624056165349 -0.642852795359252 -0.748575112608425
0.559865445119214 -0.74592393812255 -0.360760532621308
0.436956978484172 -0.769547878280474 -0.465687300651417
-0.814796708735394 0.17112538482095 -0.553915540587058
-0.0280960102180112 0.973166150896706 0.228381822741477
0.582584576403997 -0.812691460759742 -0.0113049079772137
0.937901082774119 0.328175058384129 0.112439717118589
-0.846478950716176 0.396572840695903 -0.355251133730525
-0.701182551328574 0.509186064971754 0.499071719245774
-0.193908243420001 -0.50257579279257 -0.842506478095385
-0.807158888754526 0.589377408170985 0.0335976047094287
-0.34080616709007 -0.633120685252062 0.694988744066647
0.373531345482939 -0.250301155576979 -0.893209754457784
-0.500710916916656 0.0378132186436485 -0.864788262048167
0.607600928745276 -0.119961409130077 -0.785130799107642
-0.576026826313829 0.648167097889625 0.498068778965474
0.806481417987097 0.584658769828058 -0.0881013354306514
-0.904322437551184 -0.212037009815495 -0.370460841938779
-0.431517464583442 -0.502872031027973 0.748940850914997
-0.0360784745594712 0.225450506419502 -0.973586366394195
-0.452998223236271 0.889464223923212 -0.0603821505534598
-0.572105629809528 -0.765459124122878 0.294563198036142
0.15159699116565 -0.970346232946797 0.188272516516569
0.161933259531606 0.9653779586354 -0.204506763796255
0.902319645811985 0.22284592618333 -0.368997222164651
-0.195581763454451 0.580451750845902 -0.790457803265914
0.694498281468647 -0.612642627876692 -0.377281257877245
-0.703932361219459 -0.709846567671902 0.0244352448814703
-0.0553163248548994 -0.431370511172514 -0.900477421313445
0.607558704629599 -0.147906171655489 0.780382076174883
0.886515087790774 0.462396510825958 0.0167471160292239
0.697963028368699 0.567631283536447 0.436626083715988
0.266814727344454 -0.44355970575073 0.855607789063676
0.366623155306514 0.243905877247487 0.897829262742772
-0.939000532200545 -0.268624393660783 0.214753197083234
0.804487422301934 -0.489965487355006 -0.33575855694079
-0.248844255390566 -0.896391097286717 -0.366823577846667
-0.524119737155431 -0.762316272548382 -0.379700410497623
0.884418368739207 -0.24577333753707 0.396736204035591
-0.954994730500652 -0.0896833085717738 0.282740108367395
-0.0877063881139844 0.350690056718392 0.932375500323153
0.152378884036334 -0.342498418255381 0.92707901992894
0.780272455547643 -0.591367619383954 -0.203615406729958
0.669339210877045 -0.623281461763128 0.404357812098286
-0.235347353718138 -0.0778807083686602 0.968785950745502
-0.0623745086493987 -0.0706782796030018 0.995547086512289
-0.652888259426645 -0.68547945505438 -0.322265166285772
0.951261187139683 0.303718052622271 -0.0534555736377113
-0.424951863426003 -0.722818009921804 -0.544931223461686
-0.440952473590303 -0.89063996112824 -0.111001692221702
-0.819785622057738 -0.18275534836017 -0.542726465646518
0.809743383466846 -0.571152234387581 0.134539132172535
-0.742912537399292 0.120855573370589 0.658388101472234
0.68804307274369 0.710256730910339 0.148768633273209
0.939332695170787 -0.326636692778182 -0.104702238343394
0.88995214688135 -0.356611881801467 -0.284276523862404
0.671946835775587 -0.407263116988955 0.618566248215676
0.00844918583608645 -0.998283577364242 -0.0579526567428942
-0.950295706562325 0.209286318752132 0.230515307240955
0.434961856499043 -0.541521547545257 -0.719418235058784
-0.626258491950855 -0.586853747948672 0.513227999799346
0.701677349866771 -0.671219679809611 0.238983342767291
0.0293908980470164 0.371198975003423 -0.928088086373485
0.427696391423932 0.81739481248335 -0.385929420086439
0.894945521737362 0.346274213747031 0.281365744212256
-0.436957510361107 0.383101652842675 -0.813818934240432
-0.410517827779076 0.403800225388028 0.817569869217382
0.395292425728413 0.0612732918900271 -0.916509400858882
-0.0825559725285577 0.486044066952061 -0.870026250397403
0.822783076975325 0.352105959457958 -0.446149528249449
0.899576218249086 -0.0897328135464663 0.427446663027924
0.0866993101716455 0.272476556286855 0.958248274660496
-0.17237018338457 0.931444251452482 0.320468604259599
0.732479487523536 0.109273326881191 0.67196215696241
-0.452520653950125 -0.864355557911013 0.21935023878923
-0.48915299016499 -0.62086688758296 0.61257951330068
0.817185379907425 -0.00332640860676946 0.576365326742803
-0.497531427271762 -0.311727193692069 -0.80949900283434
0.659843575680452 -0.261288499178731 -0.704510309243351
-0.223576000082547 -0.34623080172204 -0.911119094370216
0.22363925667026 0.170908512885876 0.95957061392016
0.627237473088549 0.215637246582957 0.7483807388219
0.283146521394364 -0.528640685085713 -0.800229388047189
-0.307961300390271 0.863665800936407 0.399050400018354
0.311039266473591 0.941486202692929 -0.129839535005405
0.442828782979468 -0.808262808555862 0.388090068502548
0.794011377031816 0.55342454592989 -0.251529730064529
0.0105048533453733 0.899457901085987 -0.436881141994231
-0.298795841681753 0.659091010238009 0.690159463614847
-0.379619662926945 -0.821911234857311 -0.424677328726838
-0.0333022330254541 0.802472945613085 -0.595758451752535
0.154829539331588 0.987309098097813 -0.0353349481908725
-0.804789516889687 0.378371079307303 0.457328284548737
-0.325482682787576 0.288844793638035 -0.900349770030294
-0.112416831172723 -0.946732473508566 -0.301761627238184
-0.155876406457251 0.987437879362687 -0.0258646536743456
-0.890654910981673 -0.0701715159631905 -0.449232443053321
-0.237996310986198 -0.743872222393006 0.6245093055424
-0.0964459268181229 0.069126868530165 -0.992934871604078
0.789033343739263 -0.331408406481574 0.517295709030128
-0.129608692566562 -0.766090013943538 -0.629529727135404
0.535074609207332 -0.474721935509027 0.698809163168447
0.534822935131338 0.710910127377667 -0.456695980767698
0.582496866081549 0.811657592686407 0.0436961467372125
0.53610402552745 -0.691681155857497 0.483910789758712
-0.301163345434313 -0.952822240092515 -0.0378208692641275
0.520393008281503 -0.264285907965452 -0.812000046664164
0.561779958463919 -0.807267406876424 -0.180893924893267
-0.601416650716435 -0.18719699318562 0.776695112629974
-0.543235142090999 -0.0419626705180127 0.838531284258595
-0.118883516267806 0.496356756740017 0.859939927900975
0.00487970567453736 -0.613564959160366 0.789629172056775
0.116079995618502 -0.700013356323736 0.7046323407179
0.3067910648263 -0.906931180329717 0.288712792734392
0.989554018905558 0.0216394492956083 0.142529217713564
0.275799006434119 0.50660364096815 -0.816876771005129
-0.126987621226685 -0.832857863546161 0.538722491812354
0.327450396631377 0.562152154489833 0.75944795275805
-0.465042113565453 0.104737061416971 0.879071089603289
-0.599729820154113 -0.526151539246103 -0.602900240974303
0.570927211613861 0.652306368820433 0.498536378045898
-0.00345047901298098 0.706731189015699 0.707473759702109
-0.454212481657275 -0.889289741885667 0.0534301084002649
0.307119953510778 0.90399690076465 -0.29743392133959
-0.16555141338054 0.856530926180415 0.488822567016118
0.985350471292651 0.165226377534564 0.0422456256925788
0.415517622708956 0.868237873052922 0.271123774344552
-0.0530509400386167 0.194443390985544 0.979478108720691
0.700485116570437 0.686824738034602 -0.193887546497967
0.365012697433991 0.367093601142103 -0.855574671616969
0.355714516529421 0.411876496177231 0.838942748122306
-0.279262265011507 -0.938341137956166 -0.203785416945793
0.257347513948324 0.805120715682675 0.534371490859341
0.887608116549821 0.437222780924874 -0.144872603604681
0.689919165505197 -0.391563783621833 -0.608842630262013
0.307749958946838 -0.950556415758104 -0.0416228690664992
0.0187151892173111 -0.824129977246302 -0.566091443405189
-0.134764655079814 -0.226038398208845 0.964751330797941
0.457773150796789 0.605870732962137 0.650664581293237
-0.5727167950567 -0.484053519056829 0.66157967271424
0.296263681867643 -0.845277420611166 0.444672815687176
0.860913369738989 0.474366403903726 0.183860503241198
0.613192441562587 -0.556737497840678 0.560391281256779
-0.641959601575274 -0.329949223246579 0.692113704548823
0.238923948081111 0.00437265140923781 0.971028437767395
0.575157636159969 -0.534383620041157 -0.619376977452815
-0.44326878212604 0.66414315651283 0.602018815694055
0.459881139930755 0.208626591397534 -0.863124720129041
-0.935238745562626 0.0861897405168993 0.3433654284113
-0.155520852714656 0.753318014159538 0.63900331291288
0.9594659781943 0.19041236988047 0.20776950229559
0.159919208143021 0.914619263652958 -0.371345458329344
-0.468108788211325 0.616540227149882 -0.633050006480765
-0.697517480794539 0.711539907776849 0.0847367902799801
-0.225210096937859 0.76891833725418 -0.59836861788659
0.561286026185937 0.799680106088268 0.213236311952388
0.700480434040935 0.447951181905321 -0.555577987464811
0.305236190276394 -0.658533651008214 0.687869390680633
0.625721962376174 0.0345156405448493 0.779282167355245
0.983539168316975 0.13258996763564 -0.122762391915167
-0.212845378627824 0.183209611580904 -0.959755741332738
-0.17985223739015 -0.627561007065253 0.757509310251038
-0.254516712415406 0.385051407508843 0.8871057753598
-0.140760793746054 0.859992383143747 -0.490509428939668
0.217717808426653 -0.228745893142657 -0.948827841214761
0.95044774837472 -0.303710613710784 0.0663998548857097
-0.296032105000261 -0.692931141615887 -0.657427886378437
0.75862896548683 0.508028219387881 -0.407908593964335
-0.982279347745422 0.043090703894667 0.182401957858709
0.668135028403523 -0.702449669113368 -0.245275449612764
0.301070083891105 -0.772866880739072 -0.558599668136726
-0.378681457639147 -0.0738837808748273 -0.922573325304787
-0.20163587179841 -0.37198403383743 0.906074419556214
0.722456391838131 -0.076497014999679 0.687171716958991
0.9556751921318 -0.119696444433705 0.268993844416143
