# command_history: dirgen -cart 0174 dir0174.txt -force  (version=3.0_RC3-1000-g3151ed7a-dirty)
-0.155927819837772 0.392600541293107 0.906394687747561
0.483653179847109 0.858559901515512 0.170160210194553
-0.270347454725111 0.218649624160512 0.937605778340834
-0.364914373603798 -0.870998653229249 0.328935929947129
0.92520512118129 -0.231665057885248 -0.300544147663766
0.113250847481316 -0.631225666672966 0.767286389347571
-0.371685006156845 0.412382387357167 -0.831739756652157
0.94251018886591 -0.310945903235766 -0.122422175870387
-0.43509175762407 -0.360528050305457 -0.825054354203736
-0.0443037120337796 0.824733511474057 0.563783483397393
0.757736093710646 -0.450471596727625 -0.472134888384447
-0.595629844765646 -0.468085030518168 0.652779819103852
-0.838636767496724 0.14819834361787 -0.524142750738352
-0.503867399573102 0.858745038451192 -0.0931375465797765
0.327128206989978 0.204843728747228 0.922510803722349
0.531123118259 0.69564137184249 0.483726487833708
0.181257777417042 -0.0463850078174998 -0.982341106324888
0.862489343663803 -0.445130946197628 0.240770788933348
-0.850399541363702 -0.241257439928763 -0.467563330178302
0.446959784410944 0.757442178505129 -0.475928878447953
0.858900087157752 -0.409419679512739 -0.307678673794744
-0.465143063765028 -0.608965897137693 0.642497055522099
-0.0424564886783068 -0.40547014762039 -0.913121791415476
0.554638015696658 -0.331140871668637 0.763362557802391
-0.684688444270033 0.724977518328327 -0.0748954751742868
-0.858532330969501 -0.456336336981786 -0.233836233783648
0.705690410996297 0.309603967845215 -0.63729618461307
-0.920966824756844 -0.271312631223298 0.279659728663222
0.765665883533444 0.613507901498852 0.193297205337858
0.622428817455267 -0.193697471969814 -0.758329517132058
-0.223661730365822 -0.0563912576388894 -0.973034149673932
0.634954379109853 0.0715099262812234 0.76923290809252
0.355086250967834 -0.382443418830649 -0.853024493063788
-0.260678532233642 -0.684008250455341 -0.681307137891229
0.983918539930974 -0.0415012628325912 0.173729536819162
0.0383306123154666 0.915242375319582 0.401076250330148
0.35501292485723 -0.840176992579316 -0.409961515662984
0.585241806601851 -0.536130055263108 -0.608322769300129
-0.0472254074827319 -0.87608659150164 0.479835435414193
0.467784429742908 0.149541900020408 -0.871099849287319
-0.540620469304933 -0.318208033550812 0.778763863794565
-0.144092862407835 0.867855928255331 -0.475461181165396
-0.586205042797571 0.112886872493189 -0.802259435480446
-0.999398395094533 -0.0299592163784446 0.0174726425151208
0.112797988702014 0.968658923400478 0.22130635748077
0.242386777848065 -0.740950005475841 0.626292055921024
0.585461346980557 -0.807069832463028 -0.0766374368035071
-0.929009294851492 0.103330933445343 -0.355337091045739
0.271358525287084 0.606818768939824 -0.747084688918449
0.715802886436836 -0.015941336267045 -0.698120406209928
0.898121535371419 0.12849419661082 -0.420555524442879
-0.281185991990533 0.929158142308325 0.239999134353527
0.765593579775298 -0.487034867873611 0.420313583033166
-0.778496985687831 0.330645518487506 -0.533494127783137
-0.715109357621628 -0.610245261580338 0.340909558916624
-0.0693876100561537 -0.70679677335292 -0.704005455055993
0.758706601526539 -0.611287897833391 0.225147504455376
0.646249627683953 0.751157225378152 0.134626303078367
0.353335604227109 0.312512892872676 -0.881753731250294
-0.468757671739308 0.851578937938702 0.234690344165957
-0.863245804582767 -0.0462873827534148 -0.502657098893559
0.153376837304354 0.303426192496265 -0.94042973766557
-0.457739560191499 0.688964945754258 0.561962452978423
-0.827948933604858 -0.303571208404075 0.471534818195505
0.39552435774199 -0.916120362374312 -0.0654519982578409
0.119929489869467 -0.984717117742415 0.126289807525072
-0.438671783042296 0.222424588982086 -0.870686148378762
0.652929166442941 -0.431585227301585 0.62242886756895
0.202666011684203 -0.977495428673341 -0.0585591549694811
-0.240206329008583 -0.847257293460496 0.473767873733769
-0.122259541193656 0.699798167872001 0.703800489364782
0.485421970430572 -0.516859508499806 0.705139531650751
0.684925583115218 -0.369758536217452 -0.627818103027147
0.86225332056107 -0.490950123120098 -0.124447530267858
-0.500001303928249 -0.178925521071639 -0.847339574184573
-0.311844260125831 0.666761876229044 0.676891245204204
-0.640441421324687 -0.539548882278855 -0.546554470737596
-0.978391173465758 -0.157151563281372 -0.134365538150667
0.114091809153848 -0.127588457505186 0.98524324133457
0.0433940490992145 -0.309881056153928 0.949784547957957
-0.981558217190138 0.102342597915581 0.161460394271805
-0.0221973408695397 -0.0535843255968914 -0.998316582106422
0.417977208876204 -0.864912823822885 0.277886415729126
0.314948905247104 -0.942007750784876 0.115881769683026
-0.940308865525317 -0.0938531890440142 -0.327125077486823
0.232988772124032 0.892876564406204 0.385340982505508
0.834857522160717 0.444077381183304 -0.325281719764647
0.983874928652338 -0.177414960507699 0.022672815383365
-0.278506165236669 -0.137340639854227 0.950563971844924
0.757426022220252 0.167754302829081 0.631002626576099
0.197408454941923 0.979771485313089 0.032828927561324
0.54856659198494 0.4606989920344 0.697732852097789
-0.828048374168014 0.557778915091228 -0.0567324591161193
-0.563820017829885 -0.756837126504841 0.330612388512897
0.759118723353444 -0.194967457976465 -0.621068799880039
0.845760673735457 -0.0470021288568597 -0.531488177333672
0.915699257499332 0.282699217097046 0.28561516498234
-0.0788082964308597 -0.630518133347835 0.772163283207139
0.175793632257398 -0.4702417563321 0.864852177808123
-0.242458388157729 -0.387994803539083 -0.889198494397412
0.216304299474124 0.464632964808835 -0.858678436926164
-0.664861097234909 -0.726031563027791 0.175607206204689
0.908247192861612 0.398688187927836 -0.127022696656226
0.930045812735395 -0.0559876416427867 -0.363153094708881
0.416508957138365 0.470167645069504 -0.7781148206745
-0.922104381869113 0.38239590236508 -0.0591344467478688
-0.0804985413443981 -0.987576073301298 0.134957342461292
0.0842747185274753 -0.969218097981022 -0.231331040639091
0.536934328145164 -0.369953932582478 -0.758179144415132
-0.129994493233588 -0.761058133504129 0.635524939838048
0.00299479669841096 -0.998815393155261 -0.0485679069843026
-0.158651298487019 0.900668316177358 0.404507539759922
0.523949911621613 -0.751727565089508 -0.400477412591902
0.346630117981613 0.775232905350535 0.528073388621147
0.595586815465698 0.739230050582683 0.314348974165581
-0.750449113352783 0.0349601540512341 -0.660002966581769
0.503619972995494 -0.750596771300332 0.427751574764529
0.433578656312957 -0.529283515436165 -0.729293157157933
-0.711429731718309 -0.593045582262861 -0.377047310275142
0.390674308957934 0.920503414227434 0.00685920665071164
-0.162228811732094 -0.936156726155784 0.311917291468873
-0.791796204877845 -0.13807947822746 0.594972963783628
-0.697922312535055 0.222300562201912 -0.68079872628438
-0.420263200044722 -0.834421690116772 -0.356537916287789
0.727279542753994 0.471476943245309 -0.498772451805031
-0.764003328872633 0.576672004018981 0.289393008298866
0.842830564958373 -0.263057598855179 -0.46950754888127
0.282533415383689 0.946823632202627 -0.153947649200151
-0.877477292834189 0.301797530623118 -0.372762459309103
0.594462852640428 -0.766930253646808 0.241726917971183
0.329152496370514 -0.824280361554619 0.460673984167161
0.972840281338565 0.219196906043149 -0.0743942429641782
-0.244709549526451 0.795000889433527 0.555059296085078
0.600016091212742 0.625128274304599 -0.499194682414322
0.556084784244655 -0.0205585628016638 -0.830871264533264
0.801465903234555 0.42714512019309 0.418568336413123
0.722896547753158 0.365544133116915 0.586342961064912
0.056052475079319 -0.770130191074721 0.635419238639102
0.239758330470142 -0.294236334755458 0.925170753039591
0.746308954643155 -0.658253364899262 -0.0986177053993819
0.446315419695096 0.00527987313852847 0.894860139397231
-0.152917881729309 -0.818272944275905 -0.554116874055883
-0.0199461676766402 -0.478925901572022 0.877628697797902
-0.236002386720267 0.540953597182223 0.807262088269944
0.0360704168271719 -0.950773482304648 0.307780295626943
0.422928337599336 -0.680443184520554 0.598438546464873
-0.0405747540227136 0.562971185174971 0.825479941608931
0.451454813723027 0.623031773495609 0.638764401310236
0.0803681203084147 0.127584468792042 -0.988566218602044
0.47626019191707 0.860923273808018 -0.178850066286819
-0.594317466952343 0.590889159402689 -0.545560949643332
0.230509090264171 -0.925880234075522 0.29935155161422
0.348829692661638 0.52656334889741 0.775273426034668
0.936766564375338 0.340582751376053 0.0804474569737472
0.304524571988911 -0.588772167652632 0.748740355298546
0.94801753411579 -0.245544163985466 0.202412496011721
-0.155846842632411 -0.557473171701985 -0.815435726758423
0.650521991762375 -0.614104482063406 -0.446874505138912
-0.305925006807311 0.110062602911944 -0.945672307752635
-0.640597213648194 0.726054239723435 0.249960898633757
-0.807185897989909 -0.565569898004812 0.169060984727559
0.744447583032175 0.667597401980773 -0.010559592135823
0.663603997239538 -0.643892793207345 0.380830415937791
0.315706982001271 0.727835473954255 -0.608756621622659
0.571207053536036 0.820446557019283 -0.0242888671181844
-0.376280905738109 0.0338600309077707 0.925886698405282
-0.621685575762004 -0.28117445433752 -0.731059485348124
0.0716929116701632 -0.227200884819623 -0.97120537702045
0.456546815419603 -0.206106314095382 -0.86549707834298
0.127089546604279 0.233448501725386 0.964028030809318
0.304137278799813 0.931253040797669 0.20066960320223
-0.858029676719423 -0.512628162092672 -0.0315822940625374
-0.97066810336245 -0.0877121543230207 0.223852654884321
-0.641200239625326 -0.154441114506276 0.751671600404381
