# command_history: dirgen -cart 0151 dir0151.txt -force  (version=3.0_RC3-1000-g3151ed7a-dirty)
0.846442806061266 -0.261415110992879 0.463893000390943
-0.918027239961703 0.273121161481978 0.287455766752092
0.732954670899061 -0.673864631058691 0.0931874960248642
0.665758208853239 -0.400045134306744 -0.629864983835445
0.0171568210058566 0.989432596780944 0.143974928096148
0.262387702976187 -0.905676116751825 0.333021718319113
-0.596242148287339 -0.641303446870635 -0.482933939206536
-0.33482386140404 -0.308422921385031 0.890375360956721
-0.818941345299429 0.34236411372975 0.460566918687398
0.188103499201749 -0.522771301694664 0.831460906905745
0.0810743856042712 0.930812544468642 0.356391569847971
0.458204077890783 -0.812773379723184 -0.359789460959613
0.266752714151079 0.494719274095271 -0.827100858016531
0.888429558374644 -0.125792175833181 -0.441439971349886
0.760363269019822 -0.583321143744397 0.285629379417135
-0.0860850701084925 0.887550287388995 -0.452596783086368
0.0400233149632714 -0.654451640055032 0.755043829912297
0.0575886763106152 -0.860763087713544 -0.505737531918126
0.906029075704426 0.389608698081986 -0.165276666099736
0.826515034172384 -0.481983280510527 -0.290800645795936
-0.80969066832101 -0.014873662005439 0.586668386580038
0.392635460183346 0.919451444802392 0.0211290335180457
0.225247688305582 0.197375508929288 0.954099778528376
-0.416225002542774 -0.150085896135742 -0.89678925675958
0.242458986142319 0.690413869659519 0.681573421298548
-0.444466619868027 0.196145048979789 -0.874057517320117
0.711486163994043 -0.525920709418818 -0.466041678232161
0.262263519246467 -0.857280617661566 -0.443043777807863
-0.520221069285017 0.836443068236456 0.172432690262426
0.0992946935073366 0.580575765477316 0.808128915694589
-0.27496935307099 -0.781225356494059 0.560427334489006
0.22301176407112 -0.202425849380186 0.953566740500421
0.464505165636723 -0.667480380574462 0.581983584515037
-0.653384918619876 -0.376198070180242 0.656934669592616
-0.533583009332628 -0.419380476033232 -0.734444816493163
0.183289250662713 -0.97980140421236 -0.0799641100431274
-0.558573363640376 -0.825041716437443 0.0854515276015234
0.465769185335378 0.46499031089746 -0.752889817146906
-0.422831158558119 0.883996475019071 -0.199409236261153
-0.7660495599588 0.208652420859161 0.607973880159782
-0.377168916380371 -0.34858176985901 -0.85804100032482
-0.812712938143861 -0.33816299987756 -0.474492851039277
0.804402943223462 0.25156560328649 -0.538192021658196
0.286790953987655 0.873106623789476 0.394253436517417
-0.164834346272229 -0.959977363937024 0.226435639901342
-0.998335793952078 -0.0373356980107014 0.0439509745981557
0.333624626912298 -0.604554235513438 -0.723331725172063
-0.673617296285893 0.732412609360643 0.0990530554501893
-0.93880674690533 0.195078823467399 -0.283876988499608
0.468198917262297 -0.792661315406488 0.390484075132993
-0.256218378900267 0.453129949601938 0.85382983731389
-0.526939604199218 -0.797163819357071 0.294727838241349
-0.713867785032216 0.318461586128305 -0.623678606057513
-0.643321732329869 0.161836022518355 -0.748295563616099
0.193386643753076 0.127891250390329 -0.972751476016109
0.972196399571838 0.0248180577336704 0.232848072076803
0.369359191297064 0.911607651733312 -0.180403096164271
-0.96516505985911 -0.208862703704701 -0.15758419409421
0.125450663404263 0.898648628080917 -0.42034839633299
-0.484831862657541 0.105271316215854 0.868248820865425
-0.625600399101069 0.64137518636901 -0.444141881558924
0.965620296295853 -0.0451912615420316 -0.255998424334502
-0.332103448405872 -0.865052686336648 0.376020144963906
0.699706770362961 0.0557226055609565 0.712253765688699
-0.124346450788702 -0.0149546604395024 -0.992126160479297
-0.575098745498471 -0.218401968189369 -0.788392042842325
0.873907681538645 0.325827324513911 -0.360724158808164
0.810681980203804 -0.576190021843003 -0.103922017404396
0.468676538503887 -0.437773670857795 -0.767265609394625
0.178208665998702 -0.266214196085933 -0.947297035340702
0.176259403601151 0.658692069387005 -0.731476165277333
-0.70209628856392 -0.166664095743281 0.69230331558851
-0.911567300556004 -0.18056346349813 -0.369380416652804
-0.381605526392245 0.282095141016613 0.880226989839391
0.759295879389756 0.526285513920758 0.3827444648573
-0.870132629869902 0.398629127322979 -0.289765465998638
-0.120184965303713 0.607503904293184 0.78517168847551
-0.797792951962324 -0.529418439582167 0.288517801235251
-0.52622147165044 -0.277651261945701 0.803741711941097
0.744219657448658 0.460908161044364 -0.483426073510424
-0.824972635252285 -0.118156895312859 -0.552683543426911
-0.193669608323837 -0.980810657307232 0.0224173442728488
-0.403386318443476 -0.887272783100604 -0.223666015437139
-0.0130118479273485 0.164074478931835 -0.98636213287857
0.38460843268888 0.750241334071135 0.537786476360058
-0.567392020962025 -0.077817809366609 0.819762577271012
0.883524266245818 0.380049895013476 0.273764402826656
-0.858391294237076 0.503988788959325 -0.0957062515267966
-0.473581213302946 -0.730543836572138 0.491961926629461
-0.957636551733772 -0.167736348889126 0.234087060823096
0.0131142884368865 -0.997697759128439 0.0665371841069807
-0.327135223149825 0.0276113080065618 -0.944574063504223
-0.80915103282908 -0.563285328928473 -0.167284919480434
0.754090023692685 -0.46254616619991 0.466260957298519
-0.612476314015216 0.749721568222502 -0.25057999703154
-0.191845790608735 0.750066583769963 0.632925992938642
-0.913667175059184 0.392894746458472 0.104144185746033
-0.902358260171583 -0.0974364885928033 0.419828180320019
0.506287008495209 0.781284184930392 0.365059566929324
-0.0537246841533855 -0.507522361459521 0.859962040401302
0.225452038565491 -0.965485443751218 0.130419462547499
0.98976736312793 -0.110593077745313 0.0901650599822575
0.601909745579978 -0.505034141206171 0.618583199248081
-0.2877648118771 0.0828901343405409 0.954107246945722
-0.792269673865684 0.104606552725256 -0.601137449340583
-0.694154103122569 -0.694247728111376 0.190184576478471
-0.0260960857612512 -0.238215277577816 -0.970861718184658
-0.710476828352222 -0.276135866439701 -0.647280201798388
-0.674082483215238 -0.687593466304334 -0.269866691012375
-0.677660268293581 0.0712866059490284 0.731911730052566
0.665091263703564 0.472623167148542 0.578170349308642
0.688409299585684 -0.666349794940288 -0.286479645048274
-0.570106536529958 -0.811058481485569 -0.131006399141944
-0.41992874410924 0.516299329574466 -0.746387869778035
-0.561693753856032 0.82553795372413 -0.0546554099801203
-0.318366272199558 -0.530187706521085 -0.785839622683705
-0.0912675635618941 0.363131979126501 -0.927256921018736
0.711614381196054 0.701829391152756 0.03225644414857
-0.129601680065846 -0.32872618744369 0.935490512091302
0.971041067408255 0.235659831901728 -0.0392898082800921
-0.280858344970928 0.658148130082594 -0.698541071755252
-0.539703432238903 0.00829834555739823 -0.841814316040395
0.124365615733139 -0.945029313303757 -0.302411624478867
0.153871646171326 0.8249947808218 0.543789599129402
-0.381617045648966 -0.634866336018389 0.67179845628041
0.081498630728062 -0.0548733105426832 -0.995161742120113
-0.326091217442409 0.370493736162358 -0.869711969200945
0.535515245407163 -0.569854610329213 -0.623288973930268
-0.902373505261933 0.0404179685220363 -0.429055293431796
-0.384264226898762 0.923051371893872 0.0178092327385937
0.0480503928440301 -0.962779283117956 0.265983480213359
0.651212788663592 0.645330785151166 -0.39933705264747
-0.391991372558817 0.729755997694865 0.56017760368282
-0.577258972259313 -0.565794304123919 0.588768956694434
0.169610368531193 0.40100925836953 0.900235467857512
0.214976930085822 0.958555262164267 0.186967186714862
-0.824500938871076 -0.561650880050883 0.0688947801998295
0.909028950848098 0.411962213173255 0.0628768752197438
0.322474322415808 -0.918149503312977 -0.230242917260443
-0.0434969367642504 0.436426420997481 0.898687930011
0.468734972359042 0.597783372248468 0.650340345934971
0.30633742320447 -0.801400532093832 0.513726162760053
0.976974236014351 -0.187005469265743 -0.102714636877492
0.0191606554929579 0.734019023076262 0.678858558937906
0.0734309767581072 0.795461168238591 -0.601539210257192
-0.944350771426862 0.315159516845452 -0.0942130534864013
0.131925250279211 -0.774875348201736 0.618194082055147
0.575128524426337 -0.682521278782111 -0.450989893900979
-0.588812594962463 0.26214137943721 0.764579377959102
-0.541760480521986 0.349314676956729 -0.76450954095237
0.388408878499871 0.105390358836326 -0.915440558073993
