# command_history: dirgen -cart 0088 dir0088.txt -force  (version=3.0_RC3-1000-g3151ed7a-dirty)
-0.23595522807363 0.398572825055514 0.886264539216135
-0.520774283048092 -0.443527004872098 -0.729436729308946
-0.405729460127829 0.132065070939466 0.904401692956252
-0.162595552250706 -0.792260795289783 0.588120326663761
0.122992520859835 -0.973129780828416 0.19465679920666
-0.346314117298684 0.876259742265591 -0.335015516423155
-0.278842116081244 0.769903569337783 -0.574017045234961
0.149756824399535 0.729028127715831 0.667900353754149
-0.028544238372653 -0.0758286609216307 0.996712215556004
0.732850045936786 0.314479304219053 0.603351951507866
0.96771525418859 -0.0537142248322928 -0.246255901170669
-0.773137045751116 -0.402154955747192 0.490439089036765
-0.0305547868203557 -0.878325792169109 -0.477085115899531
0.794500874439622 -0.240319858279737 0.557686942855114
-0.39917487649141 0.914040437908272 -0.0720381554908329
0.384579569056256 0.820665184890202 -0.422619461659819
-0.497579109156464 0.364839520648536 0.786960706963192
0.6137335310528 -0.426920572624835 0.66413099425576
-0.419162191091505 0.320295858057039 -0.849537298104606
-0.148325991889141 0.470824195801986 -0.869668889162718
-0.52320108512013 0.678866630501997 -0.515170576139576
-0.430586226507997 0.87981972156019 0.201277815705937
0.971201349428832 0.159331517187498 0.17714797909755
-0.575456588473888 -0.787389157639159 0.221061143610294
-0.0719074770239937 -0.971123644938661 -0.227482265218837
-0.293046151386517 -0.856758413649521 -0.424368912384386
0.206677490113125 -0.912980505852422 -0.351782618976543
-0.877313046733227 0.349627443199236 -0.328758983137538
0.533910191627866 0.773965290878694 0.340466791025137
0.365076259852762 0.92270691038507 -0.123819554269742
0.777948379295235 0.0183189098358005 0.628061093122593
0.927982545943416 -0.364087602439208 0.079300770326939
-0.583447297021741 0.572083806510446 0.576462808797361
-0.163285829085861 0.764697161693236 0.623358635873485
-0.589789962184825 0.766022972743399 -0.255649380471356
-0.929712850511327 0.324760554434398 0.173679583939981
0.410180682149194 -0.0196567763617516 0.911792421077674
-0.785934575234107 0.597277360330136 -0.15989558558212
0.158098589615002 0.936516924999013 -0.312955084879828
0.0640196634299896 -0.886744683052246 0.457804925457211
-0.575534293136153 -0.425025735479915 0.698651130110033
-0.107649987146924 -0.993420924300962 0.0390684966218354
-0.617185801598802 0.149315934522488 -0.772519538913107
0.847110880418553 0.40236694463996 0.347136857935898
-0.906879329560553 -0.414427492979845 -0.0762871855441213
-0.772551910893024 -0.633917994869679 0.0362149244917479
0.0842010961868031 0.336374873714648 -0.937956352787482
0.290400111892291 0.115773868581854 -0.949875879452961
0.576618175959393 0.814614625618269 0.0625658923221823
-0.0466456038047849 0.58795076153052 0.807550673122974
-0.74259044549263 -0.628400480355527 -0.231672757466215
-0.775622911004105 0.500447876211296 0.384657020111581
0.142910933308597 0.571707165821273 -0.807915454543031
0.347517684089143 -0.596574861151812 -0.723415436859772
0.994147283160685 -0.0988714644445815 0.0435386368965784
0.373223751833646 0.633084501554872 -0.678165204768157
-0.257956996746552 -0.526341057752707 -0.810199530210467
-0.709951555373969 0.323446932071845 0.625580427407534
0.591922273641909 0.156084735166545 0.79073736310774
0.579033236726505 0.6395251045189 -0.505695710339843
-0.626287502371742 0.715840530793153 0.308765766960559
0.889264666107387 0.147083892945102 0.433098928709171
-0.896071211467891 -0.393994480412354 0.204510961523009
0.171171834568591 -0.981946823514824 -0.0805024151163843
0.370943522462831 -0.565654624899065 0.736502375062814
-0.420298643237242 -0.676887346987777 -0.604295101734891
-0.982048630380366 -0.165228497178384 0.0909946772521377
-0.940599309874555 0.0945571480915892 -0.326085700404506
-0.904059966975033 -0.177085416051883 0.388993999355819
0.87215577715329 -0.247382822296148 -0.422073500247211
0.729919756857807 0.189884661671695 -0.65662848233264
0.0649233863978854 0.363054131138085 0.929503443652686
0.0723012336096369 -0.694762921183205 0.715595566620912
-0.808851547247658 0.576267097009724 0.11694189762038
-0.830120566983563 0.0317345312650518 0.556680126999586
-0.168806491614729 -0.107705178495182 -0.979746887167317
0.411469208840624 -0.772138419928203 -0.484247199937024
-0.725165233181464 0.537425073163557 -0.430476103076603
-0.745656912757361 -0.594719890713921 0.300506272890241
-0.52903151473382 -0.153810974983917 0.834546487856091
0.339392062669082 0.927585380497688 0.156199838937773
0.359614221987038 0.278179761133524 0.890670327248165
-0.13739130121408 0.167665646268068 0.976223264121591
0.63225945825932 -0.774391993277266 -0.0237701112679984
-0.353457062810476 -0.383797601200421 0.853092905879655
0.641378260716259 -0.0909264227297635 -0.761817768452636
-0.201793965990677 0.205790861348415 -0.957564262425886
0.65605673676323 0.566026968348607 0.499202393072857
