# command_history: dirgen -cart 0120 dir0120.txt -force  (version=3.0_RC3-1000-g3151ed7a-dirty)
0.545468878737628 0.000101992528930313 0.838131070851236
0.572004408183199 0.724251133557173 0.385060063574682
-0.723956088339717 -0.294977881349848 -0.623598934949548
0.0605349554401309 0.881141374126866 0.468962043209981
0.0304824431026453 -0.993976206636938 0.105271654789589
0.252381624243241 0.765393565733927 -0.592010308421608
-0.145404494084761 0.588879991593069 -0.79503326257541
0.80272911524563 0.586073336252587 0.110199873279102
-0.0928023294727868 0.235853232979131 0.967347393720434
0.934310207508569 -0.103279129627682 -0.341171302322813
0.215112092528146 -0.8773801216752 0.428871670476582
-0.762050060327361 0.516596047034322 -0.390394966339959
-0.792509766307663 -0.554816439033701 0.253193580655073
0.677748255909959 -0.180016116898583 0.712917596407722
0.188648663925046 0.96954350170293 -0.156195646241873
-0.747264968388139 0.488470011445227 0.450546462574698
0.112043634566939 -0.00274398890189409 -0.993699499083066
-0.522872568732696 0.835985763042078 0.16652951947876
0.099680568588876 -0.780638420790989 -0.616982528302666
0.647213911063325 0.284327053002296 -0.707299286198667
-0.526819832181033 -0.849905192840876 0.011046610469349
-0.813218490001933 0.534168592181316 0.230953680737084
-0.176036834945844 0.981903145843593 0.0698372746082307
0.00746083770503466 -0.942655584580505 0.333683659713695
0.216000658195078 -0.604288539038513 -0.766928339055216
0.344329982360644 -0.457764268191264 0.819688195605399
0.361077413905137 0.168763689057405 0.91713789498816
-0.696884194071877 0.712067087748835 0.0855153939222891
0.0687574616072773 -0.455907181652688 -0.88736748486229
0.411602355873931 -0.763869678773316 0.497078076854915
-0.270611419487668 0.272107593095996 -0.923432140128539
0.185819788037026 -0.752920232863762 0.631333611744419
-0.470610656038659 -0.667474510752527 -0.577064457334307
-0.56665035518182 -0.230802187981952 -0.790972644909456
-0.343299164076032 0.719279878765275 0.603971969505299
0.391796603821705 -0.919900738117348 0.0166749286336124
0.396133967542884 0.894681542341108 -0.206452942708184
-0.328290016596551 0.0525389701320694 -0.943114691657647
0.0788627615164124 -0.397573948975563 0.914174830074632
0.488489975354181 -0.233171102892882 0.840838141828848
-0.595652812366216 0.582895850136596 -0.552657357694397
0.649514235533354 -0.685990943851391 -0.327944633731673
-0.369266182990247 -0.385410253130559 -0.845636696744915
0.187961564268758 0.762213289040981 0.619436318249884
0.965871296524475 -0.214627935672975 0.145008578294139
-0.315339201701151 -0.0942286784351482 0.944289226895471
-0.219415641185636 -0.893991695977738 0.390686093847663
0.740896210509418 -0.359510571131285 0.567296178814596
-0.801963635768856 -0.20636722963639 0.560595124342515
0.207230897885916 0.93460362968626 0.289087201962775
-0.0261404039740932 -0.656742336956782 -0.753661848661995
0.321309920734034 0.605662447521978 0.727964926696044
-0.213881328124294 0.870110544000028 0.444029749791343
0.5929037405862 0.767657239965089 -0.243243738517715
-0.15977976440684 -0.502045860521483 -0.849953163897481
-0.886829831489622 -0.45846274788935 0.0578338895271218
-0.684635682095773 -0.0497985030504289 0.727182296192084
-0.235842536188776 0.951527655242229 -0.197416867144811
-0.641198734729811 0.410007940230342 0.648658362721828
-0.128005833865493 -0.255621516859456 0.958265175520258
0.48501364580263 0.449892473885905 -0.749905677619567
-0.316027204953695 0.152805878845337 0.936363801692194
-0.114140378244517 -0.49728466776294 0.860046471571218
0.020392138893141 0.83924278501191 -0.543374372304046
-0.078421491330669 0.150891220581866 -0.985434883312332
-0.725191786320915 -0.0602099273698968 -0.685909350934066
-0.316645331665559 -0.947370859044267 -0.0471613121969283
-0.494575055477091 -0.191631056887627 0.847745865537523
-0.861241994385747 -0.120163377956474 -0.493784355467596
-0.933345732912112 0.354634912177455 0.0556760443965007
0.088336589326234 0.991376583867829 0.0967941937554222
0.668271618152436 0.471291494812924 -0.575584373735879
0.984165929821577 -0.142090569318328 -0.105960807326222
-0.582364739956953 0.806859933959244 -0.0991380685012308
0.316204199715195 -0.918111376993714 -0.238927611458325
-0.880936441689524 0.429904850805513 -0.197820132841148
0.916265689883274 0.129927472931109 -0.378914287564436
-0.478812420457507 -0.640131978759621 0.600807553035842
-0.440300089193684 0.520458179824594 0.731614047507088
-0.686775502394228 0.183398860630241 0.703352164445867
-0.831375655717054 0.115827004503147 -0.543505863913966
-0.969989146469171 -0.242058583500516 -0.0229934313605584
-0.538062212246796 -0.459162280094163 -0.706865656465791
-0.430383010872202 0.859985371924421 -0.274218205137066
0.835176701841661 -0.549980077034829 0.00133849379843272
-0.436352409294652 -0.791433262336851 0.428053695428041
0.514391935913523 -0.0536561528894232 -0.855874963720896
-0.898585158869795 0.326177354739041 0.293518390419386
-0.561218738095461 0.621580534043852 0.546508158867092
-0.388693253191459 0.624705334339389 -0.677245007490903
0.291860189318434 0.592746465511352 -0.750645893557547
-0.560868265009249 0.419209484984899 -0.713925904421608
0.81521854709986 -0.270049157611621 -0.512339899810318
-0.923938293591985 -0.309425693959745 0.224930588297505
0.437280547003154 0.867984014666007 0.235349683443391
-0.995794608899831 -0.0126820337412315 -0.0907318185986489
0.317405726604375 0.356856235340371 -0.878582512924908
0.337463429897819 0.824733919138433 0.453797748015745
-0.142602576171666 -0.295661912301307 -0.944589084673086
0.941946614570975 -0.0578669603802647 0.330738552628249
-0.899596034405325 -0.389546185583561 -0.197435417743402
-0.832427206488692 0.0380261285638912 0.552828146392597
-0.738603358068343 0.648453591811496 -0.18431771134901
-0.601516546383384 0.715506053909539 -0.355287111004335
-0.878935694908582 0.285759948678569 -0.381855071914449
-0.0556486222586927 -0.688507221683875 0.723091305804364
-0.984615285090073 -0.0819059349202474 0.154350763496115
-0.75441710437359 -0.566972723935158 -0.33075181472233
-0.648740228134575 -0.634484833286156 0.420196516798675
0.947161968974142 0.171126230327322 0.271293232173208
-0.500699679110932 0.291028591839575 0.815231372108608
0.719287494377965 0.690733011381664 -0.0742523226511279
0.292329288171415 -0.385308244819816 -0.875260614760579
-0.819494517633191 -0.392229352887746 0.417833543773598
-0.123186059754028 -0.0770305629002762 -0.989389451662763
0.640772535685285 0.749798255543318 0.16496403697669
-0.835771962912695 -0.350238734182976 -0.422868839106133
0.058857586575528 -0.957519859343295 -0.282296835734481
-0.669509960152512 -0.518704052518632 -0.5316977705025
0.450713906424477 -0.79567952776228 -0.40466166566106
