# command_history: dirgen -cart 0213 dir0213.txt -force  (version=3.0_RC3-1000-g3151ed7a-dirty)
0.146197779429299 -0.478299731005755 -0.865942016886676
0.821424333336478 -0.528491452577234 -0.214380151029725
0.741535026147301 -0.506007100742371 0.440548089310375
-0.306674854059551 -0.938624602746104 -0.157906266523121
-0.576534296133058 -0.218254748552562 -0.787383686722437
-0.848001500844048 -0.363254473042869 -0.385926990997766
-0.929623326814832 -0.290654534252395 -0.226540089079721
-0.180562247916125 -0.429238482396193 0.88495853002143
-0.85601732451291 -0.461468102155596 -0.232983971179718
0.211989325813051 0.865038636162224 0.454718246486688
0.705153999587482 -0.252102232612273 -0.662723397185949
0.926440089395412 -0.00922727613196287 0.376329135380462
0.584550786230799 -0.801637044213377 -0.125213528269891
0.259106403565355 -0.738996739261708 -0.621890417189388
-0.330029766817849 0.707588094597035 -0.62481952706257
0.733969603526566 0.403923998625994 -0.546016505641581
0.353935011990909 -0.929217214964952 0.106232644228474
0.762193927799009 0.519862683080401 0.385750187513585
0.0897251948074787 0.719418289632959 0.688757369440319
-0.00736839344784548 0.782645231558246 -0.622424411713693
-0.170190342943923 -0.724121312960418 0.668343901958498
-0.901345383707496 0.370643314881105 0.224053637335198
-0.131834171089497 0.177829428936537 0.975190466287099
0.82574292241128 0.247178005835 -0.507002622793129
0.54823173756825 0.0318260510825125 -0.835720685633299
0.645981387416931 0.55093652997552 0.528372015770546
-0.600723290783447 -0.670864813082973 0.434824022424536
0.446255738371479 -0.802045173300478 -0.396962663176188
-0.755188514458733 0.0766649410782779 0.651009058645943
0.954424643205146 -0.197550147830126 -0.223713074126267
0.809963372927709 0.252801115724206 0.529198384733142
0.0131341231561589 0.297460699740456 -0.954643717267776
0.319135677902331 -0.475102073459379 -0.820018560085331
-0.434708491627438 0.127288779022214 -0.891530198053903
0.922694382416558 -0.280576781966808 0.264408294268689
-0.958593897907609 0.277532391206667 0.0638240607091646
-0.0316724151139026 -0.911551373152831 -0.409964574352519
0.506697787802141 0.0381854761005589 0.861277667916329
0.0410604810551155 0.514981762549116 -0.856217157698518
0.701766154266589 0.243591546883662 0.6694680149288
-0.1857898245721 0.964359516266862 0.188395500134724
0.340166206533631 -0.934344022987885 -0.106245934695564
0.34957424747777 0.87832331122093 0.326107354204488
0.511298119529925 0.782417158932956 0.355524432876905
-0.074446096533159 0.989908652126672 -0.120576279407399
0.666297890825823 0.737179709529142 -0.112308488279335
0.117546685154696 0.589965285206732 0.798826476188717
0.909388976338918 0.193323741424642 0.368290131166766
-0.133553393318321 -0.982100023688341 -0.132827085357321
-0.496623530489153 0.783006557995143 -0.374520759239175
0.183000016253881 -0.810503113882351 0.556413242507843
0.0995279419694442 0.121928299480339 -0.987536165693773
0.961977942770261 0.167049759892438 -0.216085203897389
-0.16369754176444 -0.0301764105620247 -0.986048933403344
0.968192966432389 0.0927333325883853 0.232385259381704
0.213303716916073 -0.0215143322664334 -0.976749025009453
0.370292423819222 0.919813196946724 -0.129719711627542
0.721415255736051 0.689871538701668 0.0603099401482187
0.28676964768446 -0.833658978447047 -0.47199139485965
-0.482366613447607 0.454621401587649 0.748760196224111
0.800525835649083 0.102854823094294 -0.590406022855949
-0.628753048617159 0.65504705554217 -0.419026203094941
0.958255063037999 0.277375477204741 -0.0693547316877671
-0.251320804899996 -0.935692176885334 0.247624722392582
0.0644423014614316 0.18789310431306 0.980073145807983
-0.0786298493778186 0.132952811868075 -0.987998429453809
0.844581224423576 -0.52082290996677 0.124201657818723
-0.907026654495772 -0.358254973351012 0.221260077970412
-0.524777418086249 -0.540711572337833 -0.657449356990087
0.714192345182173 0.249258506784793 -0.654063827832272
-0.340734896706923 -0.485447185666198 0.805134001328282
-0.884726301220237 -0.459391670810564 0.0788585107584269
-0.707503102701019 -0.6529570834424 0.270344977484003
-0.893101328573869 0.184974885830579 -0.410066224543737
-0.964786323305857 0.106165896845851 -0.24065775015337
0.338942394546216 0.31982202168417 -0.884777897342111
-0.736827818932528 0.662929735430928 -0.132698647802504
0.144805051970008 -0.919519882639598 -0.365396609664653
-0.738289063924083 -0.406939745782998 -0.537893392218356
0.180101880805958 -0.276526297023522 0.943979088531423
0.646165960165202 0.0570790226450711 0.76105948328476
-0.176938703756451 -0.938185034157796 -0.29749207854214
0.651302395434332 0.661438399533452 0.371893040166291
-0.24150467088151 -0.763463191427105 -0.598998705573186
0.697785560932721 -0.715724780975509 -0.0288677822384614
0.708924088528377 -0.607140649890212 -0.358896737175335
0.994184725218657 0.0857650450722244 -0.0651236453652859
-0.609358817780157 0.554416078447954 -0.566837404510289
0.659715569805084 -0.26688923081352 0.702527939254036
-0.486787655291065 0.69285229288866 -0.531971313977694
-0.590786488207648 -0.218004925141046 0.776817338867717
-0.78649989528396 -0.610070421570183 0.0960832734845128
0.75092588012293 -0.59317111601345 0.290272888311949
-0.764917309079377 0.368425156031587 0.528360118360447
-0.338752766997587 -0.6362960586817 0.693090101327102
0.264776254816287 -0.122873906600687 0.956449443495131
0.59858926537618 -0.796445266123312 0.0858244105495168
0.763626575913953 0.0794608953814084 0.640749887758958
-0.921876796214994 -0.379884024456649 -0.076362952817436
-0.453203482574253 -0.774541002866626 0.441240114065948
0.344078637471531 0.0361253900602298 0.938245622120738
-0.347009020111871 0.8082975418651 -0.475646742631374
0.850697004725221 -0.443110391313178 0.282785762127124
-0.0313513841048258 0.879971835324267 -0.473990147314006
-0.429327543718759 -0.902497103829609 -0.0343050693569573
0.626072849339779 -0.735872210300445 0.257924169916484
-0.877459837546106 0.290585178037737 0.381607766952324
0.30332643333481 -0.583541360397161 0.753307742921984
-0.116282608021624 0.843613375620625 0.524208763323987
0.622607161804339 0.398153643058057 0.673672025981147
0.0197692859311507 -0.033443929716221 -0.999245054478084
-0.250257950011642 -0.967901483833219 0.0231878427074125
0.629264617441848 -0.115179450207087 -0.768608961361861
-0.352812530700076 0.883722028187212 -0.307503975710377
-0.393551225708034 0.0051963079300017 0.919288002275457
0.996118090668081 -0.00688880536823916 0.087757015698895
0.25149151381598 0.189681929316536 0.949090503676706
0.89644861970922 -0.439908836989478 -0.0534797845919257
0.48243350039996 -0.151299264907794 -0.862766741437222
0.477620805017191 0.856150166666249 0.197193455094443
0.25977183317169 -0.437879778735558 0.860685711549297
-0.564588660427249 0.291054137413774 0.772351690366046
0.572948583991024 -0.674265837825195 -0.46593508136281
0.0177399841225288 0.661211903302162 -0.749989407855115
0.0530126184185652 -0.951464987800733 0.303156789925212
-0.824648578151051 0.203283385517908 0.527854703233596
0.616956745956581 0.542885340253891 -0.569771779711915
0.291787576445417 0.137801555902757 -0.946504485685562
0.573353554678342 -0.42822663967029 0.698489546388778
0.0548244033011847 -0.995812170118923 -0.0731601438333073
-0.0882077885995351 0.420515265679141 -0.902987429237628
0.859445236012536 -0.0308902385148759 -0.510293718812853
-0.585995785733578 -0.808976036742544 -0.0465479438730926
-0.403716065236573 -0.667410601796964 -0.625760678917199
0.0877072624037046 -0.741422825411937 -0.665281617121522
0.628176000766781 0.748483625859714 0.212525701694054
-0.422176652596799 0.440791065171404 -0.792130109809759
0.806670305783105 -0.455195891022821 -0.376934634338278
0.421155186315771 0.859369052899167 -0.29002265421604
-0.222477176283514 0.618820326993758 0.753369304479718
-0.833977339203924 -0.546830477572169 -0.0738798111295446
0.831159877107856 -0.350293610496197 0.431818995797536
-0.422077782194621 0.716719944607616 0.555124190410872
-0.0614055794536683 -0.827251180241635 -0.55846650714325
-0.198127453150635 0.896148914966035 -0.39706754401895
-0.809382680195937 0.585831110861268 0.0412502914643577
-0.456998551583118 0.861700714523981 0.220508962266375
-0.724751229494303 0.0981312949587697 -0.681986733225956
-0.216765190599139 0.952235309806425 -0.215083162758922
0.474730504243735 -0.880076918273239 -0.00977579987351686
-0.133233630452389 0.571224622976778 -0.809908161350109
0.385693140989184 -0.605624674611091 -0.696031288446222
-0.977187393940098 0.192442790708567 -0.0898363480383056
-0.0970480176531395 -0.974907355254549 0.200343033171053
-0.23265166220059 0.329885421085786 0.914903717901702
-0.52690837720398 -0.840814997494857 0.124087477289176
-0.836743432862802 0.0771372202369084 -0.542134924917309
0.0848483916826621 0.995782105673473 -0.0349105779008315
-0.818963155642646 -0.516846336945434 0.249337549691026
0.971787951085997 -0.00834445443702019 -0.235708608676537
0.0539824175193887 -0.614227823109911 -0.787280178790513
-0.450758969443553 -0.178123447177515 0.874693311413655
0.513804105006896 -0.283954507531063 0.809552456194689
-0.755054345910201 -0.61537798785591 -0.226280504649715
0.352942556297118 -0.286426421814549 0.890725242058947
-0.0491848570104146 0.326891718808862 0.943781041351782
0.589466149628338 -0.748925833613694 -0.302720587652005
-0.901288272288374 -0.2456461813422 0.356843668610546
0.214433323144625 -0.976686502331778 0.0100908913417739
-0.287293534555477 -0.862894456478754 0.41578309487142
-0.178855154128506 -0.272244221519424 0.945459633030915
0.160144349619439 -0.701774420266064 0.694166010652493
0.785980497462882 -0.241816948744163 0.568998436648172
0.00808250156865584 -0.969049073167283 -0.246735824237225
-0.191045706547271 -0.589193255884347 0.785081425859927
-0.484440437821761 0.851682170555202 -0.199887324664272
0.379754113801129 0.789088974420643 0.482830615743138
0.235614215848893 0.474904437079083 0.847910205701353
-0.920821583864883 0.11449250818062 0.372798975667958
0.391236198956208 0.510465684750518 0.765740831690777
-0.614530060696437 -0.394673362374509 0.683070817362616
-0.463104690819519 0.577944681515099 -0.671947907541476
-0.15058939752291 -0.336141729348133 -0.929694342859272
-0.268321724143852 -0.633714298640307 -0.725540929273666
0.53945652154069 -0.57493704567328 -0.615169939837521
-0.680332533880044 0.524879637314381 0.511516382608693
0.589921178954051 -0.118955980668717 0.798650409932034
-0.924832599661119 0.364210382861726 -0.109706242391991
-0.826740079505797 -0.404441336199716 0.391060157151987
0.405373468360965 -0.318668499033746 -0.856809628139519
0.338019841478542 0.34183733146512 0.876863629981097
0.683257626727191 0.0709401825883243 -0.726723128855454
-0.144986784918439 -0.83460201865929 0.531430430676352
-0.0344879537668372 -0.46499551009213 -0.884641032644957
0.574258339077214 0.767653085729174 -0.28449270635775
0.485195320731201 0.523251634898173 -0.700566361822302
0.52947848386929 0.680550890388729 0.50646127266612
-0.310529514822168 0.900740163055344 0.30370804909212
0.72537148440992 0.546451531123133 -0.41860116308741
-0.915183425023988 -0.0812826234880986 0.394756169907773
-0.992620054005383 0.0959748847570697 0.0741232074469146
0.714554800261915 -0.671203380004987 -0.197224390207032
0.631925453039713 -0.417895295370355 -0.652712604373378
0.861028968685256 0.0909810161193907 0.500351446276203
-0.317221733391707 -0.762181354502193 0.564313702397136
-0.428337132458566 -0.196073951652999 -0.882089738314844
0.709422938997547 -0.400486647216727 0.579939254599296
0.478229698851861 0.660905242360698 -0.578360281966358
0.978241538331053 0.189799127408115 0.0837841507614207
0.115859900279369 0.919565268503667 -0.375467975290882
-0.483664077520738 -0.36163067486563 0.797052266236188
0.491973390586813 0.370508012261585 0.787836274745257
-0.314392149986846 0.171357900695732 0.933699119575359
