# command_history: dirgen -cart 0102 dir0102.txt -force  (version=3.0_RC3-1000-g3151ed7a-dirty)
-0.120913160063149 -0.603362539472769 -0.788247203410526
0.606116895404564 -0.703255543525694 0.371556119052714
0.687941480939114 0.145568473487696 -0.711017818574022
-0.268077553500418 0.953790331523544 -0.135714512125411
-0.329386568279761 -0.109991582430812 -0.93776667696781
0.899166003425254 0.436558841198229 -0.0302799678981807
-0.807647199285982 -0.264537440142696 0.526997100796824
-0.522781701623143 0.810998835399523 0.262640784016169
0.262206860884341 0.686755070714173 -0.677949138913497
-0.467603832848051 0.107405707696809 -0.877388551019421
-0.0793675361368087 -0.164260281226959 -0.98321887401474
-0.640030106202113 -0.760983408791797 0.106140071125513
-0.998391059057096 -0.0311563580351844 -0.0473769411088803
-0.353772998153269 -0.80760384086288 0.471826983121113
0.228969500206794 -0.784693089020392 -0.576046633545138
0.509194195004373 0.6231330744625 -0.593655155190925
0.456936292306225 0.889474500772244 0.00665862218536183
-0.43565513232249 0.70950338777196 -0.553903916235646
-0.224549212481207 -0.285063917531232 0.931834864177026
-0.981390740905457 0.0793241734564257 0.174871064417452
0.524871292728844 0.0168603427830211 -0.85101460322981
-0.584373277221591 -0.11528915828759 -0.803253560745694
0.830709180838339 -0.434409610033352 -0.348153051949236
-0.82227780499273 0.561085751359049 0.0950893844663479
0.903564391827993 -0.186567637556497 -0.385699243500809
0.125776140626888 0.509593756386177 -0.85117246542709
0.294655268133553 0.731769238966535 0.614566557716479
-0.164534451455568 0.833386994615294 -0.527631056222342
0.299145814895849 -0.890517242919054 -0.342769341531802
0.466393064773671 0.260387604546576 -0.845385003728785
0.0832447795158582 -0.943827538127551 0.319780995300599
-0.698621647795735 0.642767265856244 0.314289731259011
0.423930989592756 -0.212350845272835 -0.880448541696117
-0.296089678035122 0.427972765722728 0.853914641144357
-0.376448053042627 -0.540384006839742 -0.752510457410554
0.885939305376995 -0.444943882399282 0.130906412003314
0.925756092695026 0.0949981558068536 -0.365993179214223
-0.168144563559063 0.976107789294601 0.137626267201939
0.418481056837462 0.875802354793082 -0.240507464347977
0.622888257911405 -0.523179848896083 0.581629662126312
0.201657575796435 -0.100624598906912 0.974273530492709
0.0129624635740461 0.701429185387165 -0.712621268574823
-0.237207949342238 0.67151249926972 -0.701999538527901
-0.0546815739736391 -0.056782772182385 0.996887978787511
0.689540387892455 0.630228330565339 0.356856140227332
-0.619194548195386 -0.377521856024104 -0.688531306266627
0.138669107004215 -0.501154652471581 0.854174978016064
-0.378747461429317 -0.486817460023199 0.787120779218418
0.721601881940068 0.513051701145633 -0.464831879212392
-0.194220208282289 -0.88059092130815 -0.432247776170621
0.0294695199915803 0.783388175233651 0.620833725159609
-0.891534925204953 -0.212148926747979 -0.400197838599211
0.0574998756140037 -0.91427692969589 -0.400988104724105
-0.855524716873162 0.0542484110199792 -0.514912195156517
0.879258012277989 0.366964919823594 -0.303713838117104
-0.176088562112893 0.196927458940494 0.964475191079716
-0.85335263575592 -0.458430368786549 -0.248255666647617
-0.0330299061709768 0.298830971458153 -0.953734279448796
0.139310111689571 -0.627583357870855 -0.765984217660247
-0.360349656984082 0.860945064105547 -0.359056710428519
-0.4751886671982 0.728007563862711 0.494166690019754
0.419944041830249 -0.507689501652134 0.752262169488458
-0.459577908679216 -0.783728486209526 -0.417801155764034
0.435161774912811 0.314534928499656 0.843624328957178
-0.553614703846135 -0.602050827718255 -0.57536558858618
-0.766944233116253 0.304632751246129 -0.564796804309247
-0.099184484175116 -0.851153977871585 0.515460322481075
0.9567717607469 -0.012129218952554 0.290586785461552
-0.575701911312 0.312560608226152 -0.755561496833321
0.592996723751425 0.718224088083029 -0.364017918401524
0.0461499798653892 -0.417163098643466 -0.907659147746887
0.770199941252081 0.633216222525466 0.0763496301619724
-0.173363319141443 -0.942530295735203 0.285625281089704
-0.299092069828719 -0.0370837143041346 0.953503398997079
0.200404621753322 0.37787384542477 0.903907818598669
0.226188307184799 0.973521089806248 -0.033098903234568
-0.398304438593973 0.599671306600303 0.69408061364414
0.955527186741376 0.25290861846609 0.151674078548992
0.590910157878912 0.784502053362484 0.188100275346863
-0.524334334993757 0.836125552661241 -0.161144547948697
-0.696385322751678 0.0912018453066703 -0.711849496500981
-0.969630317223665 -0.205630302411026 0.132413090935467
0.408814841468649 -0.910295809180042 -0.0650535562764653
0.762749496323539 -0.310181273439273 -0.567451128702532
0.765548440552526 0.167635616671539 0.62115528267153
0.740142297948478 -0.653287899180228 0.159387262892087
-0.97248246667851 0.213943486392109 -0.0922281770028554
0.617809835286471 0.399507273262762 -0.677277598945555
0.336237849965894 0.914084447584859 0.226701854720679
-0.764291803194763 -0.418758648942458 -0.490407211922078
-0.782006669436512 0.498119911363264 -0.374622640613549
0.318024153591047 -0.317274546106278 0.893418994719585
-0.900905475001707 0.266534606726984 -0.342532667827232
0.642389593052621 -0.538319055916997 -0.545479793186073
-0.933858678712314 0.331523037141313 0.134165733472788
-0.782673452981448 -0.585323941431059 0.211702974909914
0.55104831346055 -0.391254787651835 -0.737065429505279
-0.663811791782891 0.151936467645241 0.732304045386528
-0.821383391121676 0.0242510373457483 0.569860695237978
-0.084616258672306 -0.978054790928413 -0.19039147751483
-0.652213815832985 0.756160498676456 0.0532769995209113
-0.0185309847139909 0.997190344995752 -0.0725811163649591
