# command_history: dirgen -cart 0228 dir0228.txt -force  (version=3.0_RC3-1000-g3151ed7a-dirty)
-0.18734330383675 -0.567504271554095 0.801773900969212
0.775427032073322 -0.602217666039869 -0.189859950067024
-0.296419613917147 0.562762431807846 0.771643608041257
-0.00283369860167299 -0.98779989560068 0.155702718035109
0.971652821271012 0.0484378969260785 -0.231396985843509
0.277517052449662 -0.931744376923755 -0.234172375976792
0.20902941448619 0.409013219789592 -0.888265101147688
-0.795158885823551 -0.487952488827281 -0.360034324673511
-0.893025794068989 -0.449722990796088 -0.0159424802610462
-0.790578140912581 0.289067759041181 -0.539838896147839
0.225345650573454 -0.318489945439096 0.920751591050392
-0.843105387224632 0.103905716632529 0.5276143554566
-0.494163838142716 0.127281388921771 0.86000090064267
0.167661339665811 0.708428455494737 -0.685579170210711
0.664931865587717 -0.675686806707584 -0.318296957835519
-0.00610029399312134 0.999675130103893 0.0247471344798349
0.70403705895548 0.162892588574094 0.691229212493909
-0.0449813013605179 0.0216603207774983 0.998752978985159
-0.927961684204301 0.0846138403911885 -0.362942985416403
-0.381928861454364 0.780873340845817 0.494335079014697
-0.347809683439162 0.6853787287215 0.639753407432935
0.418020416568877 -0.472263274577507 0.776032428972471
-0.607325772836579 -0.704114905732882 0.367936958150751
-0.670810382011512 0.732214284218965 -0.117795048161112
-0.394851329344303 -0.901821612568407 -0.175528364715094
0.00840324059164859 0.945010035742834 -0.326933353900892
0.299709214249009 -0.823330845256409 0.481975835642836
-0.64427638165299 -0.105011598407324 0.757549013756912
-0.293916595141902 -0.185702728638479 -0.937618009466763
-0.587504946492855 -0.613864255510182 0.527265221357675
0.0011005085990571 -0.665002672445204 -0.746840166649839
0.16667666322837 0.903654258529845 -0.394496984748849
-0.167700432778599 0.277041143809448 0.946110336843765
-0.393349331645316 0.0904891042129269 -0.91492514738252
0.890000327682617 0.322813228590015 -0.32201092554776
0.736717457518873 0.330227421056672 -0.590082399474164
0.72016071121514 0.690428187683146 -0.0683920146996084
-0.298534928097073 0.376402217786641 0.877039490075204
-0.0251037081079846 -0.645381991682621 0.763447371238517
0.947974334294355 0.160523976993867 0.274912193853324
0.297952780313728 0.652300160895573 0.696942351130227
-0.552426534394423 -0.821835517083051 -0.139324466472334
-0.30980888517835 -0.751255020343017 0.582781562057312
0.392838871796861 0.796570057514564 0.459514705179948
0.193936446553398 -0.108619362276542 -0.974982301807001
-0.922060278362671 0.0286128528219743 0.385987237767186
0.448615318951019 -0.717879689263387 0.53234673601477
-0.530984237366798 0.74487391127658 0.404003212818325
0.0850103471100717 0.837894642935381 0.539171408945629
-0.313974464532645 -0.349337894290691 -0.882826750406887
0.674505770809977 -0.320041435146606 0.665293502849185
0.606904051933282 0.437943472317108 -0.663229211360446
-0.994590172779444 0.0550588781840601 0.0880846646339106
0.709989804850561 -0.562974551616617 0.423053343256298
0.347884905581893 0.474713251033703 -0.808469802627959
-0.264538189002672 -0.775972859273848 -0.572613017865955
-0.884318488335019 -0.216993557627473 -0.413394009556306
0.630873100198989 -0.176569354874452 0.755527891189026
-0.167441732351477 -0.43839181050863 -0.883049198372379
-0.883215272781132 0.254151596093498 -0.39412910084042
-0.689833791797777 -0.48912456731919 0.533747597033202
0.919759843916807 0.148412305383457 -0.363339534222328
-0.32464501766458 -0.903648167172443 0.27933063289129
-0.887204820097953 -0.345572660513209 -0.305691255191871
-0.69452903913824 0.342396410488515 0.632767028121957
-0.881282118176793 0.459414159834313 -0.110817227566641
0.989972947655479 0.123619845365331 -0.0683498115738027
-0.84901609405637 0.374169736092604 0.373053187395118
0.336126856791914 0.88380639844684 0.325430462937344
0.00676725545130276 0.87266429156543 -0.48827373314593
0.105026454302189 -0.0672712159684593 0.99219152757864
-0.281242500365451 0.958100634895506 0.0542754954009389
0.737502671971397 -0.173469002271839 -0.652685463363375
-0.807000359536388 -0.190005615403803 -0.559149609517133
-0.465573648755551 0.56505188804607 0.68114428823856
-0.561591399692332 0.398781537554744 0.724974747903044
-0.47971910570115 -0.529064571534976 0.699971612832836
-0.841134928027187 -0.242779896781367 0.483270063806489
0.972176569549689 0.000277740010055973 0.234249099206561
0.648660809856435 -0.600770143758538 -0.467241252593068
-0.065927765359534 -0.15024268593094 0.986448511113963
0.378953683578358 -0.317386052525454 0.869287178879743
0.613205665393846 -0.508951367168437 -0.604108696996053
0.53901796471567 -0.806925931165953 -0.241516407984503
0.700724622560927 -0.450063823237604 0.553558992655342
-0.47543548744913 -0.820489770197049 0.317423430571848
0.801713772481412 0.594611897310004 0.0607595144073792
0.160779856193731 0.594671924712681 0.787727833582665
0.452405031862825 0.24616996013304 0.857163950404643
-0.852113856239345 0.117509159828801 -0.509993699334846
-0.570962280900443 0.819204326550919 0.05391052911277
0.84072824718774 -0.539909253496235 -0.0409146962565745
0.154487602701327 0.985821498731186 -0.0654946810893447
0.0100491496834088 0.7715354702619 -0.636106934971149
-0.952557573173221 0.193645802132957 -0.234809227047463
-0.314356048951602 -0.507891782645645 -0.802013847516716
0.140181187644326 0.984182928023824 0.108319891142296
-0.186203971251702 0.696227420677447 0.693249925919163
0.824903295827129 0.4923083351662 -0.277789588824751
-0.426215838848884 0.892635878796589 0.146769365330045
-0.634054732240579 -0.273059881268488 0.723472803749365
0.919270602316641 -0.388617869030737 -0.0625916255293749
0.80888157290269 -0.277078507887924 -0.51859242328159
0.368155377053667 0.138745861970791 -0.919353688268261
0.801926749464598 0.410840304195261 -0.433732328679671
0.0167369432637299 0.975290415747761 0.220291805750341
-0.977631377670865 -0.178377596960477 -0.111437526426117
0.440402473075545 -0.605177710007491 0.663178408136931
0.461549715687823 -0.290907330044456 -0.838060132254778
0.213062679467225 0.874229183357053 0.436265549390628
0.0500050976940385 0.498018185527073 -0.865723614722928
-0.756615465846637 -0.16626179059582 0.632368605980364
-0.592061813401734 -0.295422100089419 -0.749792365852179
-0.165413992055743 -0.95827788081393 0.233113093529612
0.585961179415352 -0.694274451638387 0.417890514393886
-0.494082931048328 -0.372568902429236 0.785540877478294
-0.427365076509425 0.87638924522531 -0.222038244979339
-0.825717556607183 -0.552931022403313 0.111614520447346
-0.609959354637223 -0.765915241621922 0.203281647823347
-0.253464477218237 0.162623266725147 -0.953577176692127
-0.160240898851745 -0.822080118072181 0.54635806373258
-0.133415828087735 -0.730411664994677 -0.669849995488071
-0.577699717191751 -0.130699453716594 -0.805717499843931
-0.853332781493219 -0.0707014906882369 0.516550542777285
0.451935576047267 0.556342979502407 0.697306764818189
-0.568276498663006 0.475585312130313 -0.671476307812291
-0.0585532412570492 -0.924105613809671 -0.377624591974285
0.332948455590069 -0.20528833176685 -0.920327130296924
0.215105989813304 0.0616519349683775 -0.974642730471578
0.809911937451843 -0.413433121957631 0.416071757322422
-0.752084795309451 0.148437639427558 -0.642132951860839
-0.896081794679802 0.361321270689811 -0.257845606110569
0.200518252535512 0.945390564362347 0.256961302951919
-0.986841534912907 0.140985122669031 -0.0791642606024669
-0.926030959463346 0.298712887442494 0.230732037201519
-0.54396304405338 0.832248243061903 -0.107084399538664
-0.429101406112538 -0.687732858879219 -0.58557279486846
-0.145679198033236 0.899322727948344 -0.412305957094902
0.700850503527535 0.482590893538092 0.525275738235935
-0.147365321236394 0.959230571226697 -0.241164204062291
0.123144737437507 0.10870314747895 0.986417254192979
-0.450507417151913 -0.656653415518479 0.604854824713359
-0.609596014969856 0.233226171752244 0.757626722959707
0.956256500334021 0.291152788424418 -0.0283471226338285
0.757170819201427 -0.00287185706919535 -0.653210611508122
0.147011037849356 -0.810663472065844 0.566756111399432
-0.443269656888331 0.809247905456301 -0.385525406162409
-0.633671917874861 -0.722866230943919 -0.275543667424471
0.718282334171483 0.575777736769694 -0.390577119475189
-0.863295246398838 0.457588546746868 0.212917917121267
-0.401571533535857 0.853859462805159 0.331156037589148
0.855695717223849 0.481631860645298 0.189250073543212
0.149639142327119 -0.44096476308388 -0.884962261795373
0.219778382851336 -0.798927861388359 -0.559831880771965
-0.584431552734248 0.59393336499088 -0.552885990163656
-0.0494427304483502 0.779341996879398 0.624645073866627
0.591227305497398 0.451651229398365 0.668177701077514
0.904485109351528 0.396560273794208 -0.15699247182466
-0.971094849575439 0.225548444245657 0.0781197313514332
-0.729133194724204 -0.643050750427287 0.234201871739274
-0.574796703690172 -0.593013075501221 -0.563865446459966
0.947789559003052 -0.305766839334424 0.0905626402455083
-0.468800683371153 -0.749408751624336 0.467560094810918
-0.138461955503353 0.698032354699382 -0.702551861908446
0.536495707940864 -0.342772414540173 0.771154606542249
-0.264623895696084 -0.0168461490995068 -0.964204543179063
-0.551069869437938 0.0343019419144231 -0.833753786065499
0.899109566313941 -0.20474595119479 -0.386886395770255
-0.755020307192739 -0.611783800029961 -0.235934138579991
-0.449822335491019 -0.893078538725965 -0.00840179507604746
0.702616317298991 -0.65532976251939 0.277260190112977
-0.11954172760365 0.940659585437028 0.317599306811231
-0.316302711300149 -0.941874091116211 0.113251010186165
0.414090557907481 -0.450563448786939 -0.790899227758562
-0.298299900366563 0.722971877974093 -0.623160359056889
0.788820114585243 -0.601378984666419 0.126909982378498
-0.546529794094248 -0.712105608190662 -0.440693529508553
-0.636347819354596 0.0647274739475046 0.768681863269211
0.419831609249921 -0.907229196090169 0.0260116442426637
0.687119590231952 0.719070831530091 0.103941367905652
0.0803534715281231 -0.237184790335857 0.968135679978129
0.291670699858539 0.954563885150241 0.061122761806945
0.489222806680682 -0.199887260493655 0.848944125673662
-0.460295585263901 -0.407401290594849 -0.788766228110848
-0.29309374979628 0.945740824491232 -0.14025101326194
0.953352922064091 0.226043539396614 -0.200056302797262
-0.896001414057204 -0.0557046759347286 -0.440543363457558
-0.680859810200937 -0.60947654257724 -0.406162852685025
-0.470633108921261 -0.868117836500408 0.157720952117846
-0.149140898217421 -0.277205703089958 -0.949164891182403
-0.135914464891602 0.981064320642442 0.137985713012662
0.57266880146093 -0.774186232371682 0.269603637659884
0.509609973945497 0.208380304209125 -0.834790586478419
-0.261091403172333 0.466631656467022 -0.845036198261557
0.118665108541984 -0.565098702722151 0.816444761264632
-0.961704751337986 0.129463930335197 0.241584482109479
-0.292595401804429 0.900115896005775 -0.32276819019325
0.594687899819374 0.803280860359518 -0.0329569596366885
-0.360720926641414 -0.309808025678897 0.879715522375219
-0.662918544774202 0.731707691010515 0.158564995855057
0.802774472236092 0.0249835038509154 0.595759155415504
0.710553762558376 0.328999359421528 0.621990974222584
-0.000243720114382442 -0.360829102141242 -0.932631920774992
-0.250526499822491 0.877376078383203 0.409203726727414
-0.0658546197771041 -0.329399100149208 0.941891396008534
0.811768734293287 -0.514307100016822 0.276621996406941
0.320146144657368 0.622692616983403 -0.713975035148558
-0.770502472260359 0.531968132450022 0.351192036211401
0.217283929175704 0.236774709074528 -0.946955876091722
-0.321952964442576 -0.840094783708487 0.436562759603276
-0.507373000816884 0.662799584255838 0.550698964183117
-0.494433105123383 -0.813749482464652 -0.305528532786319
0.510377071200297 0.040440404208904 -0.858999312514526
-0.733189449292997 0.679642180344191 0.0227977661718526
-0.428638718560374 -0.0797045472222625 -0.899953351070495
0.0800761738661951 -0.875364837738513 -0.476785284200317
-0.285062678664097 0.6030030119121 -0.745068209533722
0.687391022294088 -0.00460867703065538 0.726272911904001
-0.0225847160337022 0.194046684540973 0.9807322849893
-0.0880497965591238 0.414615993531375 -0.905726675787949
0.150813784064115 -0.986812171700325 0.0587957508698595
0.743222528983008 -0.445203088528329 -0.499414139143997
0.136759719375757 -0.579502875688631 -0.803413465299699
0.932147860537944 0.330805746720743 0.147200285431332
0.359292124361374 -0.0346022696900365 -0.93258342913875
-0.804594207828872 -0.356761389416037 -0.474709881664758
-0.997194901902878 -0.0207761177522994 -0.0719074443298673
-0.018532398949747 -0.51734172471439 -0.855578219719686
