# command_history: dirgen -cart 0017 dir0017.txt -force  (version=3.0_RC3-1000-g3151ed7a-dirty)
0.507855977852748 0.638413333568222 -0.578369018258705
0.366320475233312 0.926797277844874 -0.0828016618442614
0.560101146834212 0.580428596982423 0.591091658814448
-0.429775511335669 0.0353951812653818 0.902241758620912
0.521311526971805 -0.418009108583265 0.743977605165471
0.847689124071587 0.529726473206282 0.0285133743211841
0.754492129701278 -0.615803221972675 0.226997837053358
0.847020700700857 0.147336335899434 -0.510732744894979
-0.0478864115454947 -0.428204155426182 0.902412374064677
0.387008188060057 -0.913304365050178 -0.126884983960919
0.728191058399913 -0.501500994439437 -0.46715579311689
0.103875709172365 0.896415102339881 0.430870979924292
0.832572744453288 0.0580054502517178 0.550870214237997
-0.262432759170545 -0.153331322050326 -0.952690166104613
-0.142934532849478 0.877896104100376 -0.457020951078266
-0.993436778170798 0.114371991974459 0.00155410083939864
0.193227891079138 -0.566935286434951 -0.800779222447753
