# command_history: dirgen -cart 0179 dir0179.txt -force  (version=3.0_RC3-1000-g3151ed7a-dirty)
0.450893929269894 -0.820300164952886 0.35185551569618
-0.296105780135264 0.945472126640951 0.135660697018419
0.504470855347141 0.563279732992282 0.654389103290594
-0.878338812379695 0.272188856213596 -0.392981115602979
-0.136283976994411 -0.89192979251392 0.431147217131994
-0.17190862587628 -0.981133792641435 0.0884528421610235
-0.595919882698998 -0.750427562088411 0.285898526512565
-0.453903111515608 -0.889265192767323 -0.0563860114651363
0.0205692891497788 -0.997491140713402 0.0677372020543258
0.57871411038299 0.0102252260193987 -0.815466383854342
-0.975854845351348 -0.0301313006755868 0.216331748765395
0.129936480918638 0.31628552270271 0.939723352404926
-0.76562200320109 0.421646184201958 -0.485836848707751
0.16267021512415 -0.526003669603187 -0.834780534437312
-0.927001609011507 -0.0461258122561357 -0.372210191066538
-0.840303732224222 0.449353365725984 -0.303267522693698
0.0712589434349769 -0.883015735131121 -0.463902332922973
-0.273391820242175 -0.0488812279057906 0.960659949296884
0.337872750933067 -0.920039080929841 0.19841898532826
0.0184981782450696 0.823822940146297 -0.566545303299148
-0.782522178215886 -0.345420682340569 -0.518018911635127
0.590160572884167 0.21453531899738 -0.778257730521017
-0.944070692740809 0.12436055276923 -0.30539315647673
-0.704962954693277 0.157187877737297 -0.691606248961481
0.24659837307065 0.928788429479106 -0.276660976042239
-0.424826175078688 0.141375283348545 -0.894167629824593
0.396863880570731 -0.336821445787449 0.853844467075821
-0.259990607433304 -0.621395873915087 0.739102193155836
0.999216184541778 0.0354184337151628 -0.017679114879902
-0.330214315251573 0.525913992853064 -0.783819480572078
-0.374418397077203 0.765988490485193 -0.522563389814434
0.829342544146753 0.316598809159842 -0.46038694432701
0.50835889370944 -0.450213784518439 0.734083635164345
-0.930919874934815 0.304746651250125 -0.201290002243487
0.470100258131057 -0.781570576483957 -0.410064850090383
0.419360835099006 0.45802274095525 0.783805880784843
0.984306296235033 -0.138677128763112 0.109131888786419
-0.950605949211734 0.145513011351458 0.274179307845592
0.741508171926487 0.520394496533624 0.423503481619402
-0.96705438895698 -0.205718065464679 0.149952947088451
0.723286487820346 0.684250809587184 -0.0930456130926729
0.0317541214938046 -0.398088706625942 -0.916797173547695
0.459154283438559 -0.571788542533465 -0.679878817604637
-0.550917540259446 0.68830106363614 -0.471944392520814
-0.442759373995667 -0.131693832347084 0.886916496216359
0.287145516713314 0.166183163225667 0.943361335062952
-0.675918430024445 0.730630856714217 -0.0965029904735487
0.507284681889177 -0.838541389276303 -0.198772709372198
0.826312969975165 0.114813354609119 0.55138441150818
-0.304910815645605 -0.347009000663479 -0.886912705941721
-0.836678234418327 -0.141798181537583 0.529020611851056
-0.426549410544969 -0.519447774791668 0.740425289700267
0.975263814487812 0.215981518695193 0.0470369613474486
0.54743850376957 0.580189522840975 -0.603068157156466
0.100880677491967 -0.987522922815052 -0.120919666818839
-0.985664998565056 0.145960691344968 0.0846167074864434
0.273740571528971 -0.63814253858463 -0.719611144957995
0.806732055216822 0.545708256451091 0.226684560406642
0.37742783652329 -0.723956865341706 -0.577438035932826
0.856085373042552 -0.0746168301973093 0.511419751978646
0.713842234847165 0.239000522158795 0.658261357027912
0.694048666296953 -0.113529851113099 -0.710920123303356
0.266958609197773 -0.887209173792761 0.376288430480073
0.248732692671766 -0.149449261088986 -0.956972813593056
-0.899060526014649 -0.344639896401063 0.270025021749701
-0.0866673364028685 0.0283148549992821 0.995834846642354
-0.27006218956716 0.844662221489117 0.462181939667986
-0.709085760536109 0.584154065028177 -0.394919501311323
-0.664092626584244 0.358376044098013 -0.656161256348696
0.284336584437816 -0.678854245523007 0.676985686765699
-0.0606575992978029 0.217658976334317 0.974138196391315
0.386028370116383 0.69163466954837 -0.610429014172824
0.231121244626792 0.7753104833488 0.587772596070634
0.614841487748371 0.788469993795162 0.0168823525619809
-0.129534218277244 0.583262687856006 -0.801888722486038
0.269494157992893 -0.024440856122565 0.962691821591779
0.875626966090088 -0.472392249662384 0.100613014639165
-0.318929611309549 -0.847137269555168 -0.425020410757595
-0.445714707433348 -0.0571622358049103 -0.893348128321423
0.730604135378565 0.628165841863124 -0.26762898289261
0.347345271232662 -0.467259881529207 -0.813031036102325
-0.834542591191622 -0.550586264053951 -0.0198350528682425
0.921771455029127 0.162417583189513 -0.352076573154709
0.394987078918471 0.885137701397671 0.246000928965526
-0.707773915116893 0.568295301402795 0.419638577210928
0.878485793261047 -0.257518203784116 -0.402426497336237
0.357540492445069 0.927032190428182 -0.113031474254141
0.221624539427749 -0.404067832978102 0.887474929153392
-0.281005476532002 -0.445043513578218 0.850277715326573
0.415801335272513 0.718069435374064 0.558108892212952
-0.0210359315613969 -0.956584101898641 -0.290696311600464
-0.593468638837655 -0.633787078954474 -0.496093653725319
0.722936353191875 0.27684978710521 -0.633022293930816
-0.0549983631507306 -0.965672164773595 0.253874871210641
0.0424518392323859 0.544495981697931 0.837688466710981
-0.982815219592857 -0.0425719211903619 -0.179615911496742
-0.578095933638198 -0.354979035042424 -0.734707408558897
-0.924102190915341 -0.377099812711323 0.0618940384734447
0.567731906357567 0.796780288198673 0.20693393835145
-0.172949048569197 0.77383859333295 0.609313103475948
0.649692503272821 0.61625021509761 -0.445123941822102
-0.514921947031107 0.840216906152508 -0.169973348149648
0.322574281739827 0.625512808312695 0.710408023178793
-0.103859673868609 0.724511464267799 -0.681392916230009
0.443568714520193 0.333814823350913 -0.831753845323304
0.67762315193822 -0.723953686869307 -0.1292978082786
-0.607041229781995 -0.139521565466046 -0.782326452393543
-0.0913667633691782 -0.990380033675681 -0.103920659389734
0.248455197802547 -0.21637683510493 0.944166870799263
-0.561915853391268 0.826899448697466 0.0220879028291305
0.838954426574687 -0.438015896389434 -0.322951303822881
-0.771798004152161 0.592899054574435 0.22977935475469
0.108896161538654 0.162792861690935 -0.980632505164204
0.496181324708624 0.737315163658511 -0.458443499735374
0.71569350688939 0.0897618194883078 -0.692622277983111
-0.623701432652836 0.714365504278638 0.317298675073702
0.770815849431198 -0.603303114411063 0.204617395173464
-0.031243893229603 -0.794868892798576 -0.60597628864257
-0.859861562056443 -0.393233555180828 -0.325584804893749
-0.531338019298527 -0.835984917049165 0.137146373317775
-0.700556914026274 -0.453896616866225 0.550634063064918
-0.218724650898006 0.343031195982606 0.913503763359675
-0.908587339095453 0.0312287196580134 0.416525886715299
-0.500181825917599 -0.773811376759237 -0.388631051538231
-0.842615168363981 -0.511007776750845 0.169913890377151
-0.623291808953278 0.531465404482887 -0.573630407779776
0.423099378710725 0.854190332273131 -0.302234663772567
0.393513884036563 -0.275457845527789 -0.877080269078975
0.0838083102480982 -0.0778835537502706 0.993433600795034
0.72447904528737 0.678472934635428 0.121674113543891
0.403813105044098 -0.914808854308411 0.0077289244774082
-0.816291591496468 0.0385182260312589 0.576354390905082
-0.317830371175428 -0.828095408072669 0.461781171430202
-0.202134433485431 -0.770351916483478 0.604731010921184
-0.79319507346938 -0.48089299801887 0.373608752413977
0.278048606476947 0.957051664124557 0.0821041085003918
0.136308306285539 0.673828243337902 0.726206268299665
-0.583775950998085 -0.403258337957507 0.704690252454247
-0.460819527526048 0.615864554275273 -0.639027553269802
-0.422912135950537 0.07338543081216 0.903194277999074
0.734114353716391 0.0227641638903478 0.678644169288987
-0.945924720308879 -0.225056800786916 -0.233614768214956
0.0646070805748253 -0.911616026894746 0.405933670256898
-0.908408122969383 -0.397168622960972 -0.13058241481351
-0.1049277019156 -0.540695391075455 0.834648831210152
-0.188104912250727 0.821666512761066 -0.538034091665403
-0.517387431406544 0.394063717886445 0.75962097921796
-0.142633295893369 0.962373108450837 -0.231287144115856
-0.94814359899739 0.31782361979768 -0.00344418045078251
-0.585129569791062 0.0537021761887796 -0.809159726400614
0.624655661371434 -0.491051999359706 -0.607184682482564
-0.797679586084899 0.219216426846542 0.561828653722877
0.105754181764894 0.116868274903752 0.987500814865618
0.464284943848748 0.249089074435175 0.849937717666649
0.126542382606539 0.35135676852277 -0.92765049809586
-0.21438255851636 0.975603393580108 -0.0473089530528503
-0.794569749729957 0.241523321188531 -0.557068575793084
-0.0408748429134578 0.446234433821024 -0.893982145956635
0.169810286894774 -0.937995149673441 -0.30220781865103
0.763984639256064 -0.402607545205798 -0.504216853669275
-0.927371639452907 0.318016043696439 0.197098042329426
0.872980682452862 -0.475698986117885 -0.10777384966007
0.0691559333015283 0.684740786378441 -0.725498113270482
-0.558736844116144 0.648935678187377 0.516425817134098
0.126672991101832 0.884360795052826 0.449288256577944
-0.669059758385947 0.311007298159634 0.675006296415065
0.66985304321249 0.67139424644809 0.317059405057424
-0.655961380173314 -0.460754346649086 -0.597846217488323
0.788428803668317 -0.615053840142554 -0.00942312432496241
0.211086728973735 0.938984533917534 0.271570318545382
0.0684622444420629 -0.673874064305992 -0.735667497271477
-0.290213618208618 -0.24707289675521 0.924516651821508
0.359142445511213 -0.8847409484999 -0.297069281279169
0.553517824518167 -0.198069767441292 -0.808941521475087
-0.219506272651947 -0.504670787909779 -0.834939753573258
-0.623773094734975 0.725681775805117 -0.290332716980165
-0.0623163642463476 0.266323702983019 -0.961867119708606
0.882666985571116 0.224614995929115 0.41285239031228
0.559419659311545 -0.254038338527982 0.788995670034822
