# command_history: dirgen -cart 0031 dir0031.txt -force  (version=3.0_RC3-1000-g3151ed7a-dirty)
-0.852299591130076 -0.25283042688963 0.457888831702972
-0.810030686477293 -0.576556346760706 0.106925516015001
-0.163958317109635 0.895799214099172 -0.413111895580219
-0.984107326060291 -0.177545536587883 0.0032176438871909
-0.800018660905295 0.184098778935568 0.571032207320858
-0.53713252549321 -0.741620297610695 0.401855675870219
0.13568546902791 0.916365320304501 0.376648447810296
0.161656368326323 0.719610341533567 -0.675298582063881
0.673799351710631 0.181811252136199 0.716197669802828
-0.1198489386883 0.20040891702538 0.972354101072239
0.856638159853521 -0.470908227863151 0.21075223370954
0.30592856632374 -0.0983628127602563 0.946959592259877
0.248224249536386 -0.544772424870212 0.801004199142007
-0.232730601854272 -0.959140283726425 0.160892458163026
0.291947415119283 0.357877261598202 0.88695578944846
0.533157838986536 0.427615806766251 -0.729991397573187
-0.174890830164101 0.983591233396564 0.0442886340942801
0.466890250293527 0.656076081170529 0.592939853523753
0.512023939514911 0.000158175609559055 -0.858971163860643
0.733640853530197 -0.591463136362434 -0.334578027305735
-0.66237175626857 0.29087621114153 -0.690401829581612
0.460802829582145 -0.475325900325914 -0.749483849544771
0.349186097310416 -0.824575092420112 -0.445134795770319
0.539352431916789 0.827297950954214 0.157089320236623
0.126748775606736 0.290396265438395 -0.948474963771647
0.961461535139611 -0.230999030970426 -0.149101187579802
-0.581533545358097 0.812932916845996 -0.0309646303304705
-0.92167583457143 0.0490468862658461 -0.384848098494306
0.0255916432621507 -0.661544997671009 -0.749468667691724
-0.552352348198048 0.683306836096703 -0.477492043057909
-0.816226972776441 -0.450198894412067 -0.362069723095372
