# command_history: dirgen -cart 0101 dir0101.txt -force  (version=3.0_RC3-1000-g3151ed7a-dirty)
-0.590415037124118 -0.763966221736082 -0.260318451101765
-0.783474002714378 -0.612834030416902 -0.10297056974537
-0.536753322926014 -0.321537076197324 -0.780070367953019
0.667971552716427 0.60294118767907 -0.436206291749395
0.430704656822272 0.54695107192769 0.717870478226233
0.11111979971916 0.89350760953179 0.435082224204989
-0.607219004849519 0.724160470349274 -0.326920010603631
0.691782822610748 -0.715978364436159 0.0938696330025269
-0.400729477894506 -0.905142694290165 -0.141889353087317
0.113346178911802 -0.171524166609358 -0.97863788195382
0.372161745056885 -0.330119257279036 0.867477326210749
0.249633256776197 0.0397161193150461 -0.967525641509238
-0.524357400741609 -0.0582769672664112 0.849501684150028
-0.540841363381585 -0.668722815297837 -0.510196448395796
-0.72439927800844 -0.389689013730911 0.568672276973549
0.860735362167869 0.194919343721114 -0.470256404270136
-0.979647153993844 0.059915900842225 -0.191576456011761
0.976484102376656 0.204286305181252 0.0688905169166952
0.938299130524846 -0.00905664497446326 -0.345706116286832
-0.127542841343146 -0.298161902299766 0.945955761988425
0.355489652109039 -0.852058553561706 0.384217813935959
0.710902242444271 -0.347807264155041 -0.61126762444014
0.324396458491673 0.481542309675844 -0.814176849161234
0.369119787489387 0.249104825206162 -0.895375546093815
-0.364597320171835 -0.848200214570233 -0.384220236487522
-0.842932639536283 -0.425685174174168 0.329023855810948
-0.0690240927309942 -0.529776849993014 0.845323703579961
-0.890917639783258 0.0722792022479086 -0.448376489175597
0.180046449631433 0.578115971624187 0.795842446297091
0.433058448910734 0.894982954805133 -0.107078898179349
0.403326266710402 -0.754128322885997 -0.518284087352297
-0.189108538872854 0.547438541297152 -0.8151987512428
0.638930944484203 0.105126185192558 0.762047067685051
0.932473156404775 0.1527507905121 0.327354560961727
0.510313549088892 -0.361563911740109 -0.780289445874728
0.823310976110766 0.351787190949771 0.445426547142408
-0.959641866410539 0.277892888315743 -0.0431628411441066
0.609769401076838 -0.331505712288957 0.719920301304377
0.475833120541522 -0.695035497115201 0.538988403535311
-0.73241740530658 -0.576223455608357 -0.362672405361561
-0.0392078398867084 -0.374731337670715 -0.926304037483879
-0.00259528512684693 0.724112830476179 -0.689676643967945
-0.200142975992442 -0.977923117807476 0.0600763249424864
-0.761053037661278 -0.62484712035679 0.174253694504215
-0.891752344058257 -0.404337131864478 -0.203197540984659
0.657896203006751 -0.52298343322059 0.541904894465906
-0.247205931640522 0.73221845972885 -0.634622214072319
-0.627568552462185 -0.778560938228077 -0.000759885474033533
0.46906339717157 -0.870866421725626 0.146871389128956
-0.396696919306883 0.16382717750279 0.903212162298481
0.407629420333842 0.11699314809686 0.905621807918009
0.303652822391555 -0.951677608747844 -0.0458769273342143
0.7977607310996 -0.315028074829163 0.514135320693748
0.109179783402361 -0.877577366231681 0.466838024558924
0.300150154167535 0.898676084783549 -0.319829922914222
0.247717848091069 -0.377226252399305 -0.892376726633941
0.540449041680083 -0.835017709113865 -0.103248529351819
-0.860995705999237 0.288454386304469 0.418903880708436
-0.587142838851894 0.731101469986762 0.347496658067577
-0.155952662742526 -0.967645600850966 -0.198345048179403
-0.564770400929211 -0.32994469941353 0.75641978395807
-0.0835882983412575 0.567966553659417 0.8187960614858
-0.425939650399956 -0.755752983699278 0.497406113600147
-0.148389795348915 0.87521246186581 0.460416784263014
-0.908420669283477 0.302880531953065 -0.288158412999497
0.435477384722014 -0.530760945825897 0.727084772073844
0.0455255455051952 0.960499975848532 -0.27453091101263
0.257706401970427 0.68360857701501 -0.682837260124965
0.364214385329519 -0.561982120742215 -0.742646603362005
0.740539853154718 -0.108893441100616 0.663131166794968
0.645492007067759 -0.137214997363422 -0.751340211429012
-0.95647637317123 0.212927832952853 0.199536175966193
0.855317752775608 -0.51267719793648 0.0747905910050468
-0.798108605540569 -0.151727971024026 -0.583096284134123
-0.513916529974719 -0.563587485676877 0.646729422716456
0.749152870065102 -0.528864406863976 -0.398838835152289
-0.0455240737733799 0.998901642703143 -0.0110935527239421
-0.523338322440989 0.11664359369418 -0.844103827923294
-0.73752745124692 0.658575558341767 0.149437253093238
0.874796299264582 -0.450107181871201 -0.179262264910819
0.271593149739552 -0.102489254869251 0.956939451402697
-0.662411435451754 -0.439000911448773 -0.607033186843926
0.997894077312682 -0.00530428255833624 -0.0646473127887934
-0.900239149747635 -0.430650007000128 0.0641096305748554
-0.360635960509075 0.885339964470189 0.293453320478099
0.14660410719597 0.846635785297037 -0.51158096407875
-0.784989204685958 0.532840106003097 -0.316027482920579
-0.819978879619306 0.0783024879831768 0.567012660664567
-0.56869970814041 -0.773268759708047 0.280421231757851
-0.718857642662121 -0.129787325594821 0.682934066877033
-0.574562820043188 0.569702712729653 0.587636269245264
0.299269817939087 0.740126920690637 0.602204049587598
0.953659057532193 0.217159476421476 -0.208269449961248
0.209739278764166 -0.955657418293038 0.206708330274745
-0.011909265636804 0.077573171640399 -0.996915529236876
0.155676781451653 0.142899238502656 0.977417284148493
-0.298011182046617 -0.360420304545302 -0.883904146073911
-0.0522140946496323 -0.75906544724442 -0.648917047949542
-0.122246710612714 0.327196902767234 -0.937015436673218
0.103168903174284 -0.966670972342668 -0.234314764041655
-0.196119272400858 0.727291459234 0.657711459774145
