# command_history: dirgen -cart 0202 dir0202.txt -force  (version=3.0_RC3-1000-g3151ed7a-dirty)
0.344859234220269 0.346181931946502 -0.872485059222677
-0.956036600126406 -0.0929948517090396 -0.278111446679845
0.171224014492595 0.789533059058128 0.589338515214604
-0.581060389378691 0.681167157598956 -0.445398840707566
-0.805247105082439 0.566793723917067 0.174132059898732
0.273883368562518 -0.309216698807934 0.910699145493818
-0.561721241660284 0.747402733369005 0.354765275668531
0.766251470000849 -0.301369158761274 0.56748155465095
-0.812195068521465 0.39457111400279 -0.429712469756243
-0.090254340960005 -0.994620636087051 0.0508325113255821
-0.138137794926182 0.56043522993733 -0.816596780950075
-0.254474560857777 0.779087765478774 -0.572944108580874
0.10091827433373 0.513954268263307 0.851860617730055
-0.66331684049692 0.743262812032851 -0.087012420735215
-0.692085683351327 0.716088687951285 0.0907435831799305
-0.0417269644597653 0.982417497099303 -0.181974508737113
-0.328592679030725 -0.526308842676774 0.784235840425344
-0.58387172471683 -0.0718179304715987 -0.808663090501212
-0.338211984624219 -0.905322106091544 0.256913482866351
0.508646074515728 0.0587027219629324 -0.858972153980491
0.79689071083738 0.273866822596882 0.53848134458102
-0.640439846066861 -0.61920517953061 -0.454336603425611
-0.891822360851967 0.447064442273364 0.0691828095644498
0.209935375082902 0.0523104320979778 -0.976314886183
-0.670474462488824 -0.70874954013784 0.219403930012029
0.658480086243426 0.744184127946353 0.11222281289282
0.546704953558637 -0.591035268480736 0.59311972245606
-0.270606669438733 -0.799946933948863 0.535590266268059
-0.97198354860532 -0.104085523000121 0.210746732222353
0.471222951886969 -0.806980762901999 0.355992946448436
-0.759516259283376 0.623629868828216 -0.184988752602667
-0.596326505036071 0.533178557651578 0.60009609651459
-0.945758836431926 0.319919406069033 -0.0564959904007953
0.284858795346326 -0.851779719869422 -0.439689408029132
0.0306913983534726 0.508118726657716 -0.860740029095226
0.738841209113026 0.47139028147818 -0.481565021823974
-0.371394846368182 -0.864646967645102 -0.338306797793488
0.401666404474743 0.823728153066859 -0.400170000576497
-0.534206974371974 -0.416668711702342 -0.735533883122085
-0.0503186032694111 -0.944865900714313 -0.323568335645417
-0.648244509474297 0.0255331214395123 0.761004018153639
0.201252029034011 0.881412955007675 0.42732753662072
0.512062312754789 -0.841035452125557 0.17450374243602
0.167614334968373 0.606925360838849 -0.776882900496428
-0.119760996385923 0.914640189262756 0.386122555583122
-0.772177148320001 0.524124326797242 0.359216009765335
-0.262549208863321 -0.958983340327601 0.106859093667134
0.13321058011945 -0.408143722667411 0.903146523545004
0.444947591117761 -0.756425806291564 -0.479418022955604
0.375323774385779 -0.634189775486175 0.675969964606126
-0.0276747639400887 -0.867159672175939 -0.497260706664602
-0.349052560038482 0.905688314441293 -0.240605460069116
0.695189038397447 -0.199218691504086 0.690669323082641
-0.505754507977825 -0.831877633754432 0.228455641469487
0.1331785555083 0.74727631554688 -0.651031167130578
-0.472415356691291 -0.584990154475606 0.659249762934236
0.753675860718897 0.0949518760643514 -0.650351319058776
0.703073335113237 0.173358726551587 0.689662698267176
0.840100371592576 -0.345519953231789 -0.418147494992758
-0.47848849924838 -0.431659078631769 0.764669337636736
-0.915495279364598 -0.14902117223183 0.373712568276462
0.740397119937023 0.67144198388537 -0.0312692671011129
-0.0752021817262508 -0.987704947547977 -0.137053159222468
-0.437937170593117 0.0106808684635766 -0.898942130318609
-0.309888441267053 -0.676420651332945 0.668149875716063
-0.0370914577204149 -0.334447822380167 0.941684064784649
0.603351370329295 0.616716433307186 -0.505596642404422
0.833481741535128 0.463279650751661 -0.301131452570119
0.864697767359898 -0.169733513071145 -0.472745497771619
-0.346732778334351 0.419565173088007 0.8388929883842
-0.113301044596842 0.0405748323077766 -0.992731865246835
0.0101031022300188 0.932245244228 -0.361685957620152
0.798790987564675 0.577103180939375 -0.169955513988532
-0.662013675253733 -0.691004318529256 -0.290260099825939
-0.77663736586929 -0.609841227203081 -0.157886286735269
-0.599741200875924 -0.526387403044153 -0.602682996183182
-0.21664521008096 0.140736511050291 0.966052838827343
0.581149577295139 -0.108137319199698 0.806580119396693
0.715407314053441 -0.0141303426943935 0.698564748906055
0.000420098615176409 -0.754024826277455 -0.656845784697144
-0.191200331419518 -0.434516589889393 0.880135084163766
0.619172315217746 0.479594006622779 -0.621783911724488
-0.829197924330108 -0.188837132876385 0.526090619127226
0.635783981151621 0.159493419389687 -0.755208963454739
-0.638696445175275 0.40465105011433 -0.654464955946334
0.649355434920524 -0.204413043882285 -0.732497663224912
-0.979992469729751 0.0856730017116466 0.179652152925311
-0.921851264962837 -0.292253398079624 0.254515611696669
-0.926703159723871 0.222923815426698 0.302533016831877
-0.0563417924816466 0.432098456605723 0.900064734460198
-0.20869218005154 0.334496053937684 0.918999436281358
0.13885298762241 0.961027753478561 -0.239051259926153
0.48073931680105 0.666892516045437 0.569336527305465
0.0786267118271978 -0.996831068920405 -0.0120689776802369
-0.267435269659342 -0.236058887443376 -0.934213347261337
0.22117585044028 0.942086449419478 0.252099910754091
-0.848629768915006 -0.371303700035293 -0.376777225494541
-0.851262199383213 -0.524516695627522 -0.0153265752613017
0.200115432771112 0.248860478293941 -0.947640372667892
0.890756277393342 0.187882665199476 0.413827691680847
0.174734828542789 -0.936524561928569 0.30395638601389
-0.303188846363013 0.741268610945334 0.598830000808444
0.603453714325194 0.793420309821938 -0.0795476374833782
0.564168982096176 0.249304145051802 0.787121847556371
-0.2480202333519 -0.96656354143082 -0.065122071717512
0.244174915381039 0.405570059692802 0.880847056746765
0.408243443419317 -0.903559507577525 -0.130067317845027
0.929496138415314 0.278748385215722 0.241529017740409
0.814363123834028 0.0888099745631525 0.573520262028619
-0.115011415885315 0.226071244111457 -0.967297351801375
0.931757051149559 0.358301445350936 0.0587270967485116
-0.566205425048196 -0.734893407645034 0.373286881695382
-0.122117754360546 0.872465811731277 -0.473170858601859
-0.728936477222533 0.448091864138892 0.517557043684014
-0.82985910679363 0.481469037413914 -0.281995441245772
-0.310647574148255 -0.687630383636768 -0.65624884013258
0.76181732885407 -0.275870600849837 -0.586114126296576
-0.365045832159055 0.234037463111434 0.901092673526795
-0.877068532472742 0.216483826123355 -0.42881877567698
-0.542555895219622 0.839981223105164 0.00804023589121884
-0.210260594599163 -0.894846838976707 0.393750704294229
0.489661604127729 0.246586912781153 -0.836317169432817
0.169617339095157 -0.687565482338503 -0.706033756823921
0.952383317102993 -0.276128335917083 -0.129302588557085
-0.260311979593891 0.930023079501146 0.259412306714842
0.1403308680621 0.663609676777356 0.734798914231908
-0.383234222912996 -0.910642435160727 -0.154472928608263
-0.504233193521356 0.312496787680351 0.805043256130201
-0.527840797455508 -0.813228170034903 -0.245038845906557
0.908698325223697 -0.318403246956141 0.269975417516918
0.278490157060381 -0.125049056710702 0.952263601024552
0.860870014659552 0.00917016178536607 -0.508742298214816
-0.433379236308092 0.193970807182024 -0.880089633786337
-0.895521014095012 0.00141037269518614 -0.445016993117233
-0.997815467118791 -0.0522970239458692 0.0403647725735593
-0.990887870570127 0.00706934425673351 -0.134503726077676
-0.631900674959155 0.374339821210205 0.678653987863091
0.215635352781357 -0.96927505468514 0.118352283442182
-0.738038004254357 -0.45505657414721 -0.498220251095488
-0.0532369567141506 0.0476625934873334 0.99744378469259
-0.814743454524651 0.11164286121681 -0.568971857694704
-0.990463144249115 0.137512601408698 0.00854659803491346
0.477702525815676 -0.48445187556087 -0.732875621845125
0.615476618316334 0.32629072757917 -0.717441909426642
0.423420062573812 0.903285848280574 -0.0692107427068439
-0.770888601433116 -0.541554172825865 -0.335335417269617
0.716986713627195 -0.591514106644175 0.368837517238985
0.44726960680201 0.716190440159335 -0.535743550829642
-0.433614930396626 -0.553696545515256 -0.710913656938451
0.626140428204424 -0.731157246980141 0.270845425208552
0.305834884677395 -0.856138625730487 0.416523320891733
0.00522709225716095 -0.666248758496314 0.745711250624969
0.978942882986427 0.178713853009939 0.0986518656314495
-0.464512289607129 0.643049408004148 0.608864345868157
0.202880841519859 -0.678569624145315 0.70596220106425
-0.33053463269727 0.595797554922678 0.731964568907429
-0.107921642054931 -0.145606598749951 -0.983438680130408
0.0624801555754149 -0.782485748498241 0.619525853824051
0.0608513632998048 -0.237202203854081 -0.96955259066815
-0.40506028201395 -0.362569762225264 -0.839326715561166
-0.737207303155214 -0.316396221436636 0.597008227108502
-0.514147425899263 0.130424135280352 0.847727532511204
0.769492125284005 -0.0958149427688519 -0.631428036967085
0.520066380876622 0.851656185885508 0.0649053196960075
-0.303602705113991 0.510606370509492 -0.804429320601002
-0.716058830917981 -0.601219004493985 0.354676555892318
-0.424424836161144 0.735364465626978 -0.528301676263416
-0.429736807297588 -0.173718538084122 -0.886085857002351
0.0913784309086538 0.328870584872869 0.939943679573436
-0.140503798114953 0.819333901532456 0.555833284820976
-0.562483257528148 0.294947293558654 -0.772410952164033
0.967177938777293 0.241068360804376 -0.0803298211226593
0.936827560361682 -0.0372210828119662 -0.347805568013341
-0.512898102046121 -0.7523538459237 -0.413399597775933
-0.36801467733775 0.041538186277328 0.928891692472692
-0.347183993961193 -0.789865186355574 -0.505545509050004
0.899842518484088 0.418307249730986 -0.123703220454088
0.194975036043807 -0.523832219018305 -0.829207176547619
0.0755938203156474 0.854125490498947 -0.514543701555096
0.79714878167318 -0.603727407754649 0.00818761276670445
0.633528169140331 -0.62409141514632 -0.457331350823846
0.875020242820798 -0.469959607897378 0.116092814587188
0.9676958337958 -0.188273493968829 0.167683823677243
-0.691404713694476 0.502589347966318 -0.519002378792093
-0.0950013292260141 0.97493859616925 0.201170278979831
-0.277345723905139 -0.0572092436339643 -0.959065405420487
0.280926032456343 0.548736908172507 0.787380702009908
-0.487658492648262 0.489667027213579 -0.722783091257565
-0.693958133730879 0.667413086231685 0.270151588844956
0.878761418566993 -0.405895610938154 -0.251052030980173
0.417832752460461 -0.854433466737704 -0.308802917554066
0.355159095195569 0.152047691884919 -0.922357586022001
0.383662794456448 -0.92178640764511 0.0557913867061329
-0.945112862504903 0.0984231895595375 -0.311567894502491
-0.0347936427157574 0.610421788778695 0.791311975273209
-0.411815325036354 0.373651825483709 -0.831139249090003
-0.677300624247163 -0.351192666784959 -0.646473182112663
0.868443993743852 0.452992303307567 0.201501868165864
0.0493250303650812 0.144322723670292 -0.988300557933604
-0.24590333870798 0.966538292467779 0.0730429819061269
-0.843544297007622 -0.332978947043454 0.421376363613041
-0.563004157735834 0.805793867723829 0.183637036326657
