# command_history: dirgen -cart 0086 dir0086.txt -force  (version=3.0_RC3-1000-g3151ed7a-dirty)
-0.917359927951756 0.332420696631945 -0.218968589160822
0.458905171566806 0.168700271230226 0.872322338356693
0.739826964037347 0.597861068333625 0.308574474404898
0.514824386287452 -0.85567577298576 -0.0526765869145885
0.637919693129059 0.714855605494009 -0.28642613081198
-0.0589806173729839 0.979704105458865 -0.191575448639294
-0.569352651009484 0.0860679164333656 -0.817575606625645
-0.320633437522614 -0.416176990350094 -0.850876554763128
0.693424115108499 0.720525901188716 0.0023285837291705
-0.779555944978703 0.0921330326756182 -0.619519194971678
0.0635248263105138 0.376262722316011 0.924332710790635
-0.854086177229764 -0.51405246712144 -0.0792897402657441
-0.753014133292093 -0.401062060275396 -0.521650207389983
0.526176217324408 -0.0547018836190318 -0.848614336580939
0.360277233489027 -0.907524787342795 0.215868189847202
0.806526170348808 -0.508931418634882 -0.300839405113049
0.642048718457418 0.164627699300248 -0.748779783214193
-0.829513693714354 -0.523982981401254 0.193258549984787
0.687959441162612 0.167801841731098 0.706083811758121
0.186690329874949 -0.466849947459842 -0.864406066202642
0.00247774051916216 -0.758370228574195 0.651819344001268
-0.381055163053166 0.875586441756233 0.296892818577992
-0.376852484873171 0.270768098489041 0.885814225154205
-0.116069629694761 -0.898982013319113 0.422325917735621
-0.736404520223177 0.67393918030857 0.0592820701383174
-0.74516261067104 -0.489001813508672 0.453442289650128
0.647332009673832 -0.539082690509347 -0.538842390727421
0.233531926802068 0.958444745970743 -0.163849040537904
-0.485806993252332 -0.86976572068786 0.0865976698500442
0.393295881550705 0.841808502086157 -0.369698249077157
-0.986769795087366 -0.0386417476202666 0.15745534873128
0.912517969652658 0.274497921368955 -0.303252116604508
-0.484363388956763 0.559386893720178 -0.672665154867123
0.283963747616916 0.0400984211052918 -0.957996193449755
0.0812579545711959 0.613665702308179 0.785373510267258
-0.642830149091597 0.335079225747052 -0.688833297606635
0.371607728760146 0.817153334061394 0.440645123152491
-0.156292803017688 -0.312776073906561 0.936879761397626
-0.982002559835181 -0.0854505186104986 -0.168431533111674
0.958550289303487 0.283884864404248 -0.0243048686148135
-0.34363294156764 -0.524728025130524 0.778830470071755
0.810505370376437 -0.347083487819212 0.471819983758855
-0.250883084378921 0.967743791185915 0.0230137479266298
-0.619862393246387 0.310151751610295 0.720816553924733
-0.794061946992481 0.570472061349787 -0.209826717931333
-0.336609645419708 -0.931269091934201 -0.139398081114726
0.987171165430513 -0.157138372243027 0.0282952665895726
0.571006044686905 0.636554833457649 0.518411073312214
0.181961239177161 -0.687913487553037 -0.702613080635231
0.140191499729794 0.928462263265458 0.343953731038776
-0.11667246907361 0.959900295239609 0.254909705894419
-0.272534846687788 0.730691597930922 -0.625950913454098
0.557985708749908 0.796316538315807 0.233520704939824
0.406194055671184 -0.341276119072618 0.847665617851831
-0.265590085193701 -0.738522045598223 0.61971533369138
-0.555563961774686 -0.421807556045231 -0.716538254415188
-0.434288315884099 0.524515615959046 0.732309379498621
-0.31276404431272 0.0978848324513022 -0.944773630115242
-0.417939283927778 -0.266175642711635 0.868606517461724
-0.0714724917343444 -0.995840926645035 -0.0565024932551014
0.123617455117412 -0.321040429558062 0.938963134196157
-0.593609774695176 -0.42770340236194 0.681687050628339
-0.906827264611055 0.0166246009423636 0.421174470738124
0.610130970648046 -0.76752119711283 0.196599620138396
0.616680706907917 -0.722422494299342 -0.312746935169425
0.193304135715247 0.143640919467555 0.970567255459351
0.937602341379439 -0.243291523676209 -0.248417157110981
-0.204808440232382 0.54729000514789 -0.81149685955942
-0.152842214108538 0.85379423674384 0.497669226383754
0.866151288560826 0.1429234699763 0.478910040669805
0.121837024074658 -0.178965535505174 -0.976282273047082
-0.423855087299821 0.729689391677532 0.536563376166633
0.900535830751065 0.331384315716911 0.281459860069468
0.109019979811487 0.80104957594399 0.588586629887103
-0.670608716732436 0.581056345028168 -0.461147994623181
-0.897480458928862 0.438811500951129 0.0444217567623781
-0.521004536089668 -0.656562173137011 0.545417625475741
-0.807371223347089 -0.223373004102058 0.546128381197542
-0.344467988086284 -0.646321935471406 -0.680888949030812
0.813310314465655 -0.301551251378241 -0.497587354316802
0.00794073541852079 -0.0739815919122479 0.997227992376439
0.466967555293537 -0.768296468299417 0.437792004383156
0.926797331007916 -0.0981677163633939 0.362504905760735
-0.7566049716005 0.0717496987924763 0.649923762969623
0.0740117117682923 0.556413391529209 -0.827602805848368
0.169734407246027 -0.888207821771977 0.426939218554491
