# command_history: dirgen -cart 0154 dir0154.txt -force  (version=3.0_RC3-1000-g3151ed7a-dirty)
-0.385858998854036 0.677396364593218 -0.626296254371087
-0.683860068952964 0.717033176717336 -0.134903037691129
0.536101642118631 0.733108433928879 -0.418505738813763
-0.60368125593818 -0.183569836898269 -0.775803490717878
-0.17357886212088 -0.802522100789213 -0.570814029583795
-0.347410568910665 0.526784675451213 -0.775760144837906
-0.228529331908178 -0.294875915984803 0.927805226666527
0.864512399701812 0.499124919268724 0.0590984409845428
0.471042518884942 0.577387686873798 0.666890099228542
0.321274454422798 -0.1123783159098 -0.94029454909013
-0.544962507419526 -0.382618494334699 -0.746069000361274
0.188250417132366 -0.651354676898019 0.735050246808045
-0.526965340517152 0.846242945611928 -0.0786155639532637
-0.391464278925852 0.636346770211155 0.66469429542226
-0.278014146194224 0.535913145738353 0.797185821964189
0.76061145618756 0.0711687737074353 0.645294675605819
-0.355205712788812 -0.588154791262235 0.726569228028182
-0.285865824995808 -0.0936605321824607 0.953681516446012
0.681782092196156 0.68080988325521 -0.267714552504452
0.778040288750538 -0.627871918898185 -0.0207403601726429
-0.456563798157949 -0.889332230727791 0.0252523583120312
0.226755350151231 -0.894090690235937 0.386243250829342
-0.265373278815372 -0.11086783056866 -0.957750148543856
0.788753332775924 0.0138350437257293 -0.614554124223392
-0.829605676571652 0.534374428851682 -0.161859170853956
-0.361873012001048 -0.733578490070306 0.575248226500056
-0.352765262359568 -0.845968546551145 0.39986733789912
0.130120535074615 -0.259363374923704 0.956974025823106
0.567659227190246 0.656882256337896 0.496254675639643
0.154016822949232 -0.411835935258906 -0.898148083936078
0.174649931248195 0.683444225401355 -0.7088027880028
-0.0670023608044534 -0.171711694334658 -0.982866103635358
-0.841162265087275 0.422246641578957 -0.337866567550766
0.0530119777467224 -0.816455873172201 -0.574969162110455
0.0488504331847216 -0.993636611231685 0.101488521507011
0.630677311396024 -0.325596449968572 -0.704438131178421
0.567744721143191 -0.664540447345762 0.485851752549617
-0.0648587415740204 -0.699026132296365 -0.712148727449694
0.919090110286309 -0.205106983392547 0.336458756071988
0.196797081423318 0.50194484865296 -0.842212727079104
0.65975793279508 -0.115128125669679 -0.742606884423885
-0.0161925710141055 0.750591198658145 -0.660568431837976
0.711651965134793 -0.50257658112225 0.490885180696319
0.489944831940501 -0.0087853268629653 -0.871709171505443
-0.455891032831961 0.166358074311235 -0.874350248638877
0.539505619468515 0.612308178659288 -0.577938042448184
-0.631963160141047 0.7702182606292 0.0859441401019945
0.279914450800506 -0.784792379443988 -0.552945586291902
0.403277388150729 -0.796601514715355 0.450325854198411
0.00503013442081888 0.588014711831949 -0.808834591506136
-0.561158040635183 0.768296757893795 0.307931396970764
0.804399190616195 -0.466285888189596 -0.368129613874311
-0.315623832959348 0.327257390812448 -0.89066503031537
-0.0429820651907048 -0.374779891323545 -0.926116933832577
0.948790984780402 0.303992453521369 0.0859316903214
-0.380869907241218 -0.745034143623157 -0.547596784681735
-0.376830826194637 -0.9057782073745 -0.193815292159586
0.275178517452453 0.651712531377244 0.70678678537345
-0.0926810440277079 0.0375179223910564 -0.994988758518102
0.920045453837202 -0.32611265474628 -0.217179417274821
-0.915377830428088 -0.282957920761592 0.286388272523586
0.273847560991287 -0.935271192229794 -0.224221565252283
0.267633931497174 0.963249383325763 0.0228627258633654
0.560153372354505 0.816412409989909 0.140353041485908
-0.174743114038263 -0.955171605738271 -0.238981270579063
0.821399663620186 0.494160144717234 -0.284795266775429
-0.64197227642148 -0.0873333455814718 0.761737804664946
-0.236728164114641 -0.321008528608549 -0.917013250109008
-0.721271024478643 -0.688240484559943 -0.0780585976060464
-0.145109130560157 -0.977458505030053 0.153356483959723
-0.783799145049875 -0.575669418502218 -0.232945531874735
0.510215271909637 0.826728149531804 -0.237067380889683
-0.931440106626758 0.322222443542942 -0.169091763975509
-0.164440694204056 0.896384432880623 0.411648158721707
-0.61310731458136 0.220033378100377 -0.758738909855406
-0.983893906533842 0.114349066980497 -0.137393855635054
-0.817055122514405 -0.347450183570935 -0.460107918546828
-0.790138788558396 -0.603472477100163 0.107245812030421
-0.622461443788025 0.0180417083428053 -0.782442488466342
0.382087630571616 0.388017448845404 -0.838720157117779
0.171935882479543 0.820178340050955 -0.545660648047155
0.715943539862223 -0.653815121970726 -0.244848185641541
0.404289546188653 -0.880774093038026 0.246550116356929
0.051092883098574 -0.967480203772413 -0.247732865411852
-0.905668175645947 0.423978959514302 0.00264528095151933
0.334942949866831 -0.319198873821837 -0.886524280144304
-0.630194567158639 -0.772415817898016 0.0789215546265699
-0.697856652198979 -0.564921686017715 0.440294880334231
-0.470138265455704 -0.806890916927492 -0.357626983789275
-0.167254719716527 0.692372093165018 0.701887984894198
-0.138117269378853 0.220393939195538 0.96558279368742
-0.893813846092518 0.0602031075583946 0.444378661024147
-0.782201258339567 0.198607430085465 0.590522040373469
-0.815876928295598 -0.361559052548133 0.451242605917743
-0.731781496664811 -0.534108106468972 -0.423348995207427
0.724869821906892 0.277067950992521 0.630711575778879
-0.958642771102999 -0.0756333232703879 0.274378639516708
0.162317222533886 0.526934893564468 0.834261791773474
0.875356601991352 0.151123943691367 -0.459251971137112
-0.757191417633781 0.142790057671667 -0.637394819944332
-0.565674703522872 0.767963967679812 -0.300405516160723
0.997353505370451 -0.0169494302623847 -0.0707015002602755
0.231782221538429 -0.956368564782389 0.177865595534338
0.423939228958912 0.253352748621841 0.86953315918111
0.521117843807681 0.465934207146499 -0.715081469118028
-0.869743356449528 0.267776943218459 0.414538300513339
0.933625163047215 0.209172412208007 0.290845245613789
-0.815971754442083 0.291675046369732 -0.499114980017554
-0.733255674675391 0.405017231852489 0.546165869913971
0.214693241939489 -0.791444866230018 0.572295234633018
0.161202440819832 -0.469398267653699 0.868146899664703
0.281640731638781 -0.104442854526072 0.953818739814027
-0.541224687364872 0.536131758152381 -0.647795164914986
-0.842074054760837 0.510443921720511 0.174236302409194
-0.359393749427744 -0.463875305065983 -0.80972577717534
-0.86456654955771 -0.147720621799408 -0.480315832844466
0.165000104220808 -0.984269418126332 -0.0631559826807764
0.976622070306442 0.193427398104021 -0.0937825860864822
0.44764631857133 0.193122728433926 -0.873107315988001
-0.639902612705233 -0.707090021899994 -0.300912524136971
-0.66192535420567 0.604427921012345 0.443307696482244
-0.113494650303261 0.021222750113153 0.993311914370393
-0.683337496618304 -0.423438800423571 0.594768398632003
0.452152316778663 0.0451819512046474 0.890795640827361
0.0275543719549996 -0.870654955435954 0.491121884221201
-0.650613473428856 -0.471214045434246 -0.59553289714199
-0.464496601368908 0.438514929890611 0.769381286216247
-0.718464238818615 0.616911369274178 -0.32129347954642
0.959361400627233 -0.129192498819026 -0.250868493907565
-0.50241152431009 0.216455535540091 0.837095969034892
-0.0452335844416082 0.567637734058572 0.822034868914582
-0.490123111630882 0.38176796929618 -0.783602292661739
0.0317300083313277 0.393849691726417 -0.918627033620446
0.753586109180258 0.222445536403793 -0.618567667587459
-0.490251382513908 0.712255631657524 0.50234002141512
0.876675026762396 0.399951376998515 0.267357052437644
0.0656101224877041 0.99536958929074 0.0702473667999858
-0.869901895857897 0.0629276389670304 -0.489194034956348
0.331938262002979 0.922132761094171 -0.198716283014963
-0.059885622739106 -0.906159994998756 -0.418673829672938
-0.59375828651691 -0.281762465372915 0.753698222300863
-0.0379098877945478 0.952120162900291 -0.303364526281714
0.575788434087993 -0.533114305182982 -0.619884518906355
-0.909066735760339 -0.400489235521855 0.114917545071075
0.675619409759826 -0.369798549664559 0.637798907040278
0.973718514018863 -0.224340559077264 -0.0392882808200951
-0.951093451194772 -0.00657967241078492 -0.308833215515083
0.277704268083301 0.873375777750643 0.400118845253228
0.353881494242188 -0.935234535272037 0.0102103901695188
0.161637174259459 0.918966007127045 -0.359687227521904
0.378487402898332 -0.846168502829452 -0.375161499446091
-0.0664515774691587 -0.182703973492102 0.980919693920995
-0.989239348583893 -0.0975882294094278 -0.109004810417013
-0.462577765991963 0.873143426700284 0.153760745380513
