# command_history: dirgen -cart 0193 dir0193.txt -force  (version=3.0_RC3-1000-g3151ed7a-dirty)
-0.441261723128466 -0.833974176179205 -0.33132335439554
0.142949371789372 0.964346669134564 0.222712772049777
0.0477779126902254 -0.232720877640293 0.97136927281508
-0.814181973964339 0.442336889486522 0.376092793697143
-0.870005885721071 -0.261089558721953 0.418236776404312
-0.241864785118772 -0.845205775355785 0.476580132847223
-0.2910981369457 -0.422311368208182 -0.858437524196651
-0.779479825396901 0.411632976068945 -0.472196457856092
-0.0987391431545005 -0.988223905668623 0.116893515107415
-0.734254028436952 -0.666177063036981 -0.13068719297441
0.759162771147633 0.0284039620376719 0.650280786925163
-0.411167566737841 -0.240437862409518 0.8792786056665
-0.854366370282782 -0.419093962631741 0.307275700008071
0.972131300118027 -0.0321406490465102 -0.232223413999759
0.0867620109982386 -0.992669923848721 0.0841354606198645
0.0154258055473772 0.586269734285194 0.809969038410965
0.235159871624573 -0.939865364533969 -0.247695238805562
-0.916767791709593 0.0552089337634123 -0.39558663996225
0.389420701387201 0.551058667802989 0.738028361223534
-0.37900820590088 -0.780434006114626 -0.497268078564945
-0.731808572452587 0.661519393633581 -0.16385452429386
-0.298824565802651 -0.694668418525969 -0.654323824398505
-0.527119278967045 -0.788919842652129 0.315833417502015
-0.415476487173301 0.287245948251189 -0.863057966662384
0.157545666585437 -0.811767997138797 -0.562327379523189
-0.836336733674146 -0.5480496966883 -0.01350547544972
0.126959979220077 0.779729996216335 -0.613108715218527
-0.103992832914384 0.907197305825741 0.407650020244029
-0.774151251385398 -0.400219163782906 0.490422736951841
0.772865680173675 0.230797741520893 0.591110009151036
-0.033587246465386 -0.541135838104949 0.840264185594821
0.91468815344752 0.393604065622204 0.091768303179466
-0.105607621002575 -0.441662814303625 -0.890943875251173
-0.703333468829867 0.691444522624464 0.165004556774573
0.671399597456672 -0.556542193728349 0.489370378277084
0.647117973974636 -0.349084672041028 -0.677774460646734
0.993915945357978 -0.0909342758610931 -0.0621454023784214
-0.95010260898225 0.21247693834863 0.228382536712233
-0.669406618077447 -0.16314703935173 0.724760528191816
-0.87254388207795 0.384536018654676 -0.301329096181488
-0.288588336038933 0.955859007974368 -0.055229785229869
0.475353386310108 -0.436725744385225 0.763747197909547
0.597080733852987 -0.741720417002478 -0.30552482757257
0.114518518600316 0.716025496173974 0.688616727742221
0.648653112081288 -0.685305497703196 0.331067236381124
0.199717152316034 -0.283492552481336 -0.937947243590167
-0.78341593669234 -0.215500890219957 0.582939822323771
0.529725878940553 0.105667015986105 -0.841561034573994
-0.337136811196646 0.566820000162295 -0.751700643841798
-0.0767802886886559 -0.375839097691878 0.923498651820912
-0.863134396545332 0.247517607988113 -0.440152300046437
-0.00360728031002262 -0.0510546722174035 0.998689345078608
0.394717489056083 -0.260305269586727 -0.88115791459797
0.473289780846711 -0.766863867539656 -0.433493474008772
-0.276420775290987 -0.949931976010983 0.145673593830175
-0.86103454127908 -0.0882386199060336 -0.500832771173575
-0.309033259434499 -0.724084861649301 0.616603241715126
-0.465573711927201 0.0688772118596818 0.8823247975937
-0.348437448661516 -0.877910991026597 0.32842599806494
-0.358666013729779 -0.582075986923925 0.729757655692442
-0.72042771853218 0.600132082996511 0.347599461059402
-0.688652021467328 0.137485593945875 -0.711938273157381
-0.425211423293672 -0.770987448357619 0.474102942382324
0.188199850634413 0.0249798030213747 -0.981813029890212
-0.188934847094351 -0.272141237261452 -0.943526772558808
0.827601609963739 -0.131280472980164 -0.54574812193862
0.790385196430865 -0.612535781619464 -0.00954764362425961
0.396837355999537 0.420944014411115 -0.815675333459797
-0.362916529800727 -0.244399225670178 -0.899199983812953
0.668314118727448 0.167462442066417 0.724784498459167
-0.816166675775159 0.544832514135166 0.192430478083075
0.121169504668711 -0.904007023520185 0.40998689316186
-0.890823050968534 0.453299809245368 0.0308800064965134
0.898030138929547 -0.384159969981207 -0.214389801618959
-0.936116619855697 -0.272474808180709 0.222358163638825
-0.365524379986053 0.924280737325965 0.109986573016807
0.0964721703465636 0.110714485494 0.989158947313536
-0.58597982072676 0.792770478366956 -0.167757617802773
0.806962098024623 0.559511332935276 -0.189101138729226
-0.609350459946277 -0.791530467418123 -0.0465997436914404
0.465250503872544 0.38853522219798 0.795350457193501
-0.381474673618365 0.543852049892843 0.747463725685143
-0.761512160615118 -0.0190494974566012 0.647870624339416
0.794216433980224 0.465121292722654 0.39100184021529
0.77771927055552 -0.315372432120362 -0.543776576605757
0.828550341187453 0.519447520067303 0.208994272682495
0.373378372385968 -0.687209421221607 0.623162741519957
-0.257336476003038 -0.317163414708068 0.91278984793273
-0.723968917788355 -0.40979444737219 -0.554921180871013
-0.427863301873881 0.861195912125213 0.274362161837966
0.163039794004189 -0.982954997587481 -0.0849558608270613
0.289301408744888 -0.867839363283122 -0.403930110829298
-0.680552352342592 -0.685427165551864 0.258917161355716
0.996861704481359 0.0583016022983861 0.0535505864389963
0.531221362609465 0.481401903455962 -0.697177216535595
0.67511778125113 0.355525918311192 -0.646387888846577
0.144616502482496 0.195742598587733 -0.969933452515095
-0.0905242644935638 0.436588074202153 0.895095643494233
0.959091085220144 -0.278806251667784 -0.0491056440972597
-0.0727374806516215 0.710318702483248 0.700111848072128
0.610241706662225 0.752742507567462 0.246948935513041
0.549453012363814 -0.824012843593722 -0.138218019074646
-0.487118230210586 -0.637851068830102 0.596541569204362
-0.498521252059436 0.803794669564868 -0.324639323594965
0.593235465515355 -0.294067182858558 0.749397207374308
-0.96502375089785 -0.20446721839438 -0.164080214544929
-0.289346782528405 0.425241656041326 -0.857582633573985
0.563655824972099 -0.509720299707643 -0.649982559028297
-0.898389817687494 -0.345099118056233 -0.271665850250342
-0.561404151862202 -0.504306452340898 -0.656125277976103
-0.264004129356052 -0.890706809507571 -0.370058372665445
0.711347475994185 -0.174814048965625 -0.680753124620773
0.206093403596121 0.579812366198416 0.78825321375657
-0.650539075886719 -0.571207153271468 -0.500521027326485
-0.939787031120037 0.2017206407279 -0.275878812602402
0.478510793127753 0.651322975753995 0.588902200806899
-0.902299049980083 -0.417350213230744 0.10805195010407
-0.0813658007834482 -0.913992467551989 -0.397488837228285
0.932783850003377 -0.336897342311594 0.128118967823906
-0.929972342762872 -0.146868870289242 -0.337017769021304
0.260417329190451 -0.677063935638788 -0.688307519728375
-0.175824004331891 -0.646403507595934 0.742461059496303
-0.106719006260119 0.407339444448346 -0.907020193104523
-0.355511387020831 0.10933576742777 -0.928254999264483
-0.62556931526463 -0.342299903663613 -0.701066193558942
0.178704594034298 -0.566667161961757 -0.804333883176163
0.400617824737579 -0.895953511504736 0.191761997603444
0.226934732442057 -0.812192477101966 0.537442096741988
-0.0938374592966943 0.133294989281297 0.986624030249233
0.225354229277425 0.973604482838988 0.0361909151943601
-0.234014437510166 0.259060402741386 -0.937083214430966
-0.03537473081313 -0.997133991658455 -0.0668762371786503
-0.297444228837715 0.118295394029142 0.947382251513415
-0.985394044901377 -0.114187086889104 0.126332440254607
0.878705540407286 -0.269927350941182 -0.393720457268117
0.914515032692509 -0.0839846910810859 -0.39573833102624
0.523839479256663 -0.141264213773319 0.840021798454727
0.655573104024248 -0.755119822106091 0.00423787004021625
0.218828411887212 0.492256063569207 -0.842495159647977
0.201337080347663 0.818762406169394 0.537672300124139
0.643771416491564 -0.432046745775685 0.631580535460907
-0.562183159981104 0.214669027741816 0.798665952174026
-0.170865971214337 -0.937137722234109 0.304265853238327
0.553341623769451 0.302912675479874 -0.77592329417141
0.44438453030269 0.879854407242889 -0.16845952416804
0.824304605591018 -0.110146986015752 0.555328334116928
0.0117602609334637 -0.962704031611408 0.270301024381923
-0.302712449879918 0.8851021589575 -0.353495885261017
0.485207948116344 -0.391577945574203 -0.781818367413182
0.0214226444595292 0.828721368088233 0.559251253354275
-0.178236361393931 0.0782622552222911 -0.980870439397871
-0.320795041829555 -0.92784137945916 -0.190265382297722
0.740801116233172 0.553860140453381 -0.380069271323857
0.729922363307012 0.680487921097621 -0.0644168672363463
-0.518675161475869 0.567853989469889 -0.639154068680715
0.487239487909116 0.859466101971887 0.15464702060923
0.712339535417102 0.62111272849337 0.326789480836315
0.597372999455706 0.669797716338192 -0.441040268807097
-0.702501391208514 0.483030265167289 0.522660079097802
0.199254259200458 -0.954062288671082 0.223747378814085
-0.395799429176816 0.786811429241419 -0.473572155725379
0.973796668514804 0.000100839011453807 0.227420399746729
0.347329340667913 0.0850052554759435 -0.933882452802633
0.448247609226868 0.0487544948482748 0.892578892902183
0.773927375778038 -0.544910031795672 0.322659997938634
0.592366659322253 0.795470039915463 -0.127785588077401
-0.863705467316327 -0.0682976763340136 0.49934786785893
0.456545852087941 -0.648843141918692 -0.60874334667935
0.277744645133448 0.0830559701254968 0.957057792364812
0.193316141671244 -0.700176279168926 0.687300551038992
0.0610731885572043 0.890305149823176 -0.451250269626278
0.606203198346946 0.0125635623286763 0.795210562816885
-0.0439057667445865 0.969435769006465 0.241384700048312
0.630154542179349 -0.0337829032273295 -0.775734470305574
0.523423113673588 0.208545789716387 0.826157913273131
-0.413072759465232 -0.910694117842129 -0.00266816707211452
-0.983028437479059 0.148483574658652 -0.107739125502619
-0.542625854176222 0.681870624084068 -0.490519759429454
-0.151950818689696 0.565184211687358 -0.810850020385318
-0.00316590189180928 -0.288291822476632 -0.957537363322348
-0.294209408816232 0.422200027520254 0.857431023771534
-0.745910718592134 0.278935667057517 -0.604824018647197
-0.85122354176917 -0.287424910877007 -0.439096119938783
-0.0518151839428212 0.810280326497034 -0.58374735905598
-0.332811260702232 0.767096169177802 0.548452488354763
0.966242147711678 0.256954385116967 -0.0187231395520365
-0.55676158702366 -0.713434929884317 -0.425472838188122
0.645936220912102 0.526388359252861 -0.55288488291585
0.600523624530966 -0.635107937354971 -0.485807867668799
0.84807646055919 -0.508574684850674 0.148721575349494
-0.93629613621705 -0.116672204503217 0.331265968673789
-0.48409817854241 0.874561117242536 -0.0281390429725093
-0.00989848270610085 0.686684272639389 -0.726888388784572
