# command_history: dirgen -cart 0022 dir0022.txt -force  (version=3.0_RC3-1000-g3151ed7a-dirty)
-0.339029699756076 -0.59881130825975 -0.725592089113127
-0.0785409832439831 0.786593273292585 -0.612455987285556
0.43368364021159 0.0693952531661168 -0.898389002075846
0.435150038198241 0.583990503885436 -0.685273329137874
0.979391041484017 0.201443453134845 0.0146192698163143
0.891856513596424 -0.175236403201809 0.416994199178508
0.747813407337315 0.624227052858661 -0.2260878021609
0.0143245106485454 0.219858938727279 0.97542649925886
-0.558142197688981 -0.79126054526076 -0.249767965665255
0.931435918926626 -0.322061835155661 -0.169420492472072
0.836859524815524 0.160398403123968 -0.523391333517108
0.524960030218449 0.0359019173107771 0.850369342701426
0.716218412431239 -0.664371864590834 0.213638037892542
-0.66526179183716 0.353387434617069 0.657680826371256
0.0286732913018312 0.941953095273689 0.334517874963711
-0.217254002109096 0.642641776690138 0.73471916091805
0.789720576622896 0.368477479558636 0.490475032918615
0.284032902232228 0.934445847032559 -0.21479355067865
-0.526548287823893 0.497337896709717 -0.689493957251317
0.552826813114451 -0.774047710106181 -0.308597889139081
-0.0549966804072579 0.335634746415523 -0.940385390221886
0.268210833034476 -0.953626500583032 0.136599584291876
