# command_history: dirgen -cart 0247 dir0247.txt -force  (version=3.0_RC3-1000-g3151ed7a-dirty)
0.242267148710203 -0.801507936194263 0.546709847060982
0.282053653130752 0.812066849694255 -0.510874904828223
-0.802892956172932 0.154568831937961 -0.575735509692797
-0.319807503972425 -0.342388491497387 -0.883455308033786
0.405389657720381 -0.879432728053852 0.249514132347474
0.719324305832292 -0.0672800328035391 0.691408663689461
0.08391007999118 0.520098338007992 0.849974598018787
-0.724406200065148 0.441844949696782 -0.529158480735801
0.449887445185931 0.213631863872238 -0.867157836499532
-0.796905412973068 -0.587907307747429 -0.13894876851341
0.954840429137995 0.134098875453782 0.265136279082289
-0.515316776216449 0.854260270668398 0.0684690448848327
0.918379105486401 0.163946497789455 -0.360140756466927
-0.402180207032325 0.749524827222076 -0.525798073835529
0.464960076873139 -0.880584914071447 0.0915550982955503
-0.159911397455836 0.725728041914515 -0.669139114192741
0.233766189300634 0.0194816567134445 -0.972097646222621
-0.453421169944035 0.229646025345008 -0.861203777099139
0.789693709972518 0.613333569243023 -0.014344938809702
-0.526246952796839 -0.505586274279641 -0.68370071225067
-0.91157198353631 0.33024921524349 0.244891761116493
0.0190132366168666 -0.999808355794981 0.00466353041028939
0.0272435420013673 -0.611849066418586 -0.790505224107928
-0.855187191723205 0.481103876673894 0.192857270959457
-0.761798892081346 -0.572625599564144 0.302923044266096
0.557848877823248 -0.314010244029106 0.768246181999055
-0.694439713408069 0.69632567563875 -0.181339565147703
0.280623166139703 -0.903220922145296 -0.324719270177687
0.904633085117583 -0.417604300631951 0.0851212629390769
0.0660122326263725 -0.831720625271047 0.551256008259702
-0.648262682067183 0.388696573431347 -0.654729309594272
0.534917969418359 -0.431217431300537 -0.726577107357441
-0.491990745756887 0.0664510238097163 -0.868060693456525
-0.458338378758727 0.217203075512662 0.861828726920067
0.554115435507116 -0.80222021091637 0.222258447151178
-0.699850946802376 0.240729887493083 -0.672501132733161
-0.835661679660552 -0.205514367190561 0.509346053312645
-0.0782568888832318 0.030340357787464 0.996471435632576
0.541614764002599 0.702782071358833 0.461249181669731
-0.513399252861862 0.475258133420713 -0.714528455541375
0.891910068584544 0.217876623413829 0.396265323397473
0.798084931062337 0.516291079364603 0.310650871847735
-0.296355899616928 0.302846745524682 -0.905790830979951
0.316937459996536 -0.647723295953241 -0.692824060155545
0.203264086763391 -0.570576860766118 -0.79569199882274
-0.366694503325329 0.54562165616862 -0.753546381817869
-0.28327781595983 -0.190542219971178 0.939918795105984
0.601373899935305 -0.544230567506966 0.584946597449414
-0.255749029453658 -0.898008190626475 0.35801358005148
0.0179573819889538 0.36500454722043 0.93083253753858
-0.148200201881166 0.696379222985227 0.702205580978159
0.95550725552622 -0.0237792945618767 0.294007533554654
-0.0743567345642182 0.985786679943673 0.150650913274952
0.669283012578148 0.0976932756147541 -0.736557039864516
0.497211941895172 0.109710651773437 0.860664776625766
0.155023173641965 0.987293201424989 -0.0349277834104919
-0.316253544143273 0.68269591477296 -0.658718440435009
-0.521722792991504 -0.832817449849037 -0.184987627964931
0.964134895211377 -0.262276011626551 0.0406841192729652
-0.330089759192894 0.109706473872184 0.937552793428994
0.263491495956454 0.960113770056707 0.0935616380047256
0.303809590106194 -0.94487942549756 0.122076223036704
-0.381367571304791 -0.479252377744327 0.790490944909234
0.685761307712542 0.727697132519808 -0.0137226880323539
0.758095379177118 -0.584378944964258 0.289469592103838
-0.661436538622767 -0.492417852092646 0.565708727451856
0.40903579303391 0.609392910979343 -0.679212779668671
-0.674326070195365 -0.613280145975171 -0.4113050128646
-0.358589452901153 -0.195498704853579 -0.912794533654001
-0.799239628139219 0.246313013981464 0.548220681801818
-0.174565171076434 -0.626258692516651 -0.7598204071321
0.85886342230076 0.322188371462517 -0.398181208908906
-0.1921016369476 0.981205418666845 0.018245203777252
0.72993749640091 0.100479847109759 0.676088050236632
0.493086186478516 0.363771294253 -0.790276191075988
-0.464386238860958 0.622189827372369 -0.630258074022789
-0.505190781281449 0.749547074725812 0.427739941177134
-0.714887392060465 0.0441143986285824 0.69784664254163
0.886088761959563 -0.119135228819017 0.447943638400201
-0.674608825627711 0.700754883225648 0.232046387648268
0.0146085287861379 -0.208148149769505 -0.977988209864637
0.475128030325693 -0.0602430401541913 -0.877851998295731
-0.552207509925493 0.800446966635819 0.233134123597131
-0.995391727630215 0.0958253756236165 0.00357854047452991
-0.000514868709033635 -0.747631634065368 0.664113450138574
0.32105543840159 0.944509046701344 -0.0694698939979088
-0.184153361442438 0.868430563455426 0.460343237080705
0.250582048550706 -0.766504537680884 -0.591336985701678
0.633431536025431 -0.674589754595275 -0.379068796082648
0.241952537131367 -0.955051384986845 -0.171277032349362
-0.370874551292135 0.513914047514941 0.773527258065719
-0.42762766487808 -0.433266283399536 -0.793356734325784
0.176396847427237 -0.159758183982928 -0.971267972738836
0.742823838559542 -0.668965919045758 0.0264072721600052
-0.455974843083201 -0.818816971284221 -0.348748777793105
0.21426163780381 0.957483835411494 -0.193175193778406
0.241191230543871 0.819151433015377 0.520401498938644
-0.877571530663848 -0.478993925886632 -0.0208093135884414
-0.836408692375875 -0.527459518197176 0.149019985174078
0.401327384931968 -0.898004948882117 -0.18034256814988
-0.92328510297034 0.375663303064018 0.0801355187421948
-0.208974816997653 0.599433753565629 -0.772663381393876
-0.814263617893602 0.564530847864382 -0.135202375660878
-0.0247161461022028 0.900364327647366 0.434434332922666
0.130381669795139 -0.360088489932399 0.923762360999644
-0.510833083698731 -0.813463071763422 0.278078031271914
-0.259724608365462 -0.582170096992782 0.770468108345065
0.128802636462974 0.874197241188451 -0.468176317575642
0.996934027914224 0.0694718218256937 -0.036002915978292
0.869856328220808 -0.284572120583594 -0.402949967664437
-0.370500506856803 -0.902190394532169 -0.220866173129209
-0.418480955277309 -0.723101086018794 0.549543910409925
-0.615182536245261 -0.191861633797335 -0.764682653507627
-0.567495735961145 0.630103404566618 0.530017253699798
-0.790101037585203 -0.0808746327440205 0.607618008443879
-0.0397417439341534 -0.986597512423487 0.158259098534205
-0.000865507927647178 0.25628116615075 -0.96660189052807
0.577791454209498 -0.274824432434852 -0.768523627990276
-0.861345157366572 0.443900622799839 -0.247056181786794
-0.478961452690327 0.574769747010192 0.663502573287106
-0.824165531467203 -0.00683638195126138 -0.566307726084679
-0.538120405958685 -0.723853598311468 0.431812918869271
-0.856686685225097 -0.372422587243833 -0.356916432612238
0.33753226419063 -0.850397418638929 0.403604015097216
0.706455073503449 -0.54219757141996 -0.454909906099587
-0.123821574700585 0.944008156851228 0.305805195242029
0.663361449103542 0.604793781127016 -0.440654138926819
-0.716757030837578 -0.647350047463108 -0.259224371528626
-0.254963063162294 0.457240746215858 -0.852012169175339
-0.0878733176749269 0.504200426367237 -0.859104306875421
0.877708221304021 0.441463399934313 0.186382254449743
-0.560760810959172 -0.827686440666685 -0.0219651730912148
-0.594082281544835 -0.743552455312846 -0.306913650645782
-0.892283821849049 0.124892968445485 0.43385634454198
0.675736755151219 -0.353236106420648 -0.646996206216452
0.0894416149576586 0.545925950396846 -0.833045649527723
-0.761920796792695 0.573969318448098 0.300059862185882
0.77301091497256 -0.62093455830937 -0.12997845833227
-0.602949485318375 0.154228776682845 -0.782729456835004
0.550176169205411 -0.677149388242907 0.488645974956017
0.218117772380286 0.448359312237137 -0.866832489297732
-0.584313727775068 -0.356318892982998 -0.729118861391594
-0.3190343958679 -0.70049655628552 -0.638374207565853
-0.932696012064596 0.180827155045247 -0.312057188792443
-0.420196429571645 -0.905459599376579 -0.0598153364284253
0.724756424965224 0.231527408005747 -0.64894004639394
-0.940620239218972 -0.334038663880381 -0.0604296004012499
0.26694008771284 0.504811091522662 0.820919454908677
-0.9024522244673 -0.0542156766862146 -0.427364765692585
0.0729120536551421 0.831926653589271 0.550074427218305
0.930019784842484 -0.30356410218605 0.207152204104897
0.0197656947474331 0.723312816051096 0.690237558705251
0.155852810512735 0.248933295608014 0.955898590747478
-0.178483224818217 0.889144062726424 -0.421386490263794
0.800920875508623 -0.45248939317135 0.392146784051489
0.333885190283686 -0.141810480976241 0.93188543673271
0.859115754009281 0.430127742021094 -0.27732696723705
-0.529357290386843 -0.496360060504055 0.688046182643804
0.674739148958527 0.420455696218147 0.60658394998585
0.850098296985855 -0.526051999938841 -0.024539332144422
0.705209389825614 -0.201099393181016 -0.679881423899794
-0.641772939259563 -0.70415406106196 0.303800185523463
0.662422766861723 0.735974086222245 0.139779191414853
-0.136788424890968 0.981579990802286 -0.13337784100979
0.244494735431343 -0.930220777325237 0.273699889986807
-0.169949223230931 -0.739831837554037 -0.650973205028149
0.471627610280119 0.644197954250366 0.602143166498722
-0.762323399151855 0.399028923749301 0.509547792770253
0.684646068546206 -0.58160049009876 0.439318370593703
-0.991218809103879 -0.0217145837067027 -0.130436763732977
-0.0886992915839225 0.477053730371974 0.874386741671381
-0.487808131915983 0.787533644247119 -0.376608530991388
0.420873434171678 -0.36973694360012 -0.828347840551166
0.077831017190171 -0.95654066631482 0.281020081932135
0.759500758205688 0.354662715006284 -0.54531913304904
-0.0785350909717447 -0.0773948562317817 -0.99390254839945
-0.985228179717387 0.0486311181101905 0.164196370977309
0.604979412232227 0.782219402501315 -0.148770686378854
-0.0164277611557688 0.905878015670835 -0.423219977538489
-0.796783166552031 -0.325183741470504 -0.509305526950732
-0.947006930058303 0.00182909421665014 0.321207921502405
-0.601055426413831 0.103897915329186 0.792425136885962
0.795410058990762 -0.300403624118458 0.526384365908419
-0.772049270249026 -0.468926159887051 0.429008369244157
0.417923613928379 -0.705536375389335 -0.572327070758952
0.0417853323351947 0.409116392625062 -0.911524965805706
-0.43157044025647 0.841188874077976 0.325803979755104
0.97864822080821 0.180759045997151 0.0978459360378615
0.085916882819368 -0.807931902058742 -0.582978842568361
-0.367736001211438 -0.580065595595467 -0.726838454004394
0.0964020683278074 0.987638059148943 0.123603015103312
0.612902942779545 0.563803883867373 0.553601989942449
0.822343573980466 0.168261739714542 0.543543037193257
0.546314202654306 0.615688082225017 -0.567863520033002
-0.234289419196141 -0.115728852810007 -0.965254008372933
-0.628458405017424 0.496895879179723 0.598443412878081
-0.173737909984529 -0.396811062126941 -0.901308004850671
0.122456179871891 0.142787345633986 -0.982148796230991
0.470040872840506 0.875664447075146 -0.110785170433206
-0.881328071036267 -0.0416595076911222 0.470664760336299
-0.63598400031033 -0.370420102130141 0.676988404100961
-0.629901212599007 0.700492488468758 -0.335461973948087
-0.944091083526337 0.169726766206627 0.282639082292434
0.617213981951271 0.0215129939914818 0.786501170738721
0.81513496556164 -0.0859798637319008 -0.572854650807226
-0.59127501883983 -0.236847136979427 0.77090679449633
0.916768974287812 0.383388485495106 -0.11201748512193
0.480963392849989 0.278527387010887 0.831322265684683
0.135049065661532 0.790161823501794 -0.597834460820273
-0.93005622993701 -0.278312566343896 0.239869807542406
-0.168495503028609 0.205437401121983 -0.964056398598848
-0.977597833398629 0.140824274906566 -0.156432093035116
-0.203880885199312 0.0456402931511252 -0.977931259491905
0.277719420147899 0.708249172164078 -0.649041627171643
-0.303176897060778 0.272556113451674 0.913124818471558
0.167297612513866 0.305076246810284 -0.937517995816246
-0.929200764141324 -0.290023856088364 -0.229067900018349
-0.0994103527720408 -0.945987489092947 0.308585891189731
-0.344304373532604 0.814841375721078 0.46635612012635
-0.64953796453119 0.755727108204792 0.0835282620260981
-0.256988008179324 0.427913412400317 0.866514440237403
0.747549495495556 0.474105997005299 0.465180884590018
-0.368655342959491 -0.898535246599442 0.238175667787247
-0.305278407632377 -0.874691923602476 -0.376456016843987
-0.143192880088198 0.32184154217076 0.935902677005037
-0.72922119466489 -0.663178229168962 0.168615199812566
-0.0421771967053708 0.633257780226861 -0.772790830600509
-0.0410339601606279 -0.95900319785568 -0.280408774142528
-0.968462000302238 0.216464609981937 0.123387303220211
-0.609235631655988 0.789995547172875 -0.0688402539780245
-0.13108854988632 -0.670742724151307 0.730013691711865
-0.870807344465392 0.305137902340865 -0.38546780589324
0.367493834507 0.0204895569140167 0.929800225670444
-0.403415478541509 -0.82301733484693 0.399873002607806
-0.356813796672723 0.933685147162739 0.0302648388677431
0.715071830639357 0.264638352557294 0.647023043934171
-0.41211330644593 0.392672836870344 -0.822174352454757
0.339126336270883 0.337413448136266 -0.878148901419505
-0.825666044064453 0.435281835513238 0.358894563000311
-0.547373917577674 -0.0753119027169394 0.833492598446335
0.970441028203648 0.230116969508557 -0.0727350749174261
0.386408229338878 0.0678127160963386 -0.919831569274957
-0.207913292172173 -0.945194610000474 -0.251752283334593
-0.0400709025789812 0.0926610266641031 -0.994891077909567
-0.395811810302813 -0.770199809935056 -0.500125247913774
-0.141616626176782 -0.902900845898456 -0.405850703665964
0.972495559942725 0.117896932719285 -0.200879812691742
