# command_history: dirgen -cart 0223 dir0223.txt -force  (version=3.0_RC3-1000-g3151ed7a-dirty)
-0.316370888299935 -0.27178170061899 0.908869720171686
0.930121459976596 0.295956706662742 -0.217448148928311
-0.152630420789027 -0.189461051892015 -0.969952815587303
-0.379482216620588 -0.475424550818015 -0.793703183657602
-0.806825903485925 0.48856690758285 0.332166130541709
-0.0126376986907938 0.849238753386091 0.527857772812942
-0.811811131345926 -0.230249817592747 -0.536607592679561
0.10080835314719 0.349925514925052 0.931337645507895
0.313870950032915 0.826823706418505 0.466741454372549
0.628422113780049 -0.0834549161445734 -0.773382779665747
0.907548476045155 0.209525933895692 -0.363943191519302
0.18958609504868 -0.189348366695776 -0.96343360362499
-0.0403842064009489 0.300670844934287 -0.952872582709707
0.295688983240346 -0.462913599799775 0.835630913927138
-0.486021886039761 0.755064862809214 -0.440067925712902
-0.00795767083360611 0.635197227341185 0.772308978228905
-0.857249241863015 -0.112870192516983 0.502378400179053
0.596061213698035 -0.624549021955034 0.504628129120679
-0.976934013497158 0.0620303079883625 0.204333487620612
0.296620149681844 -0.493580083121837 -0.817554394733563
-0.448769513898522 0.161670465784826 -0.878901919379063
-0.331317209207267 -0.943499645638008 0.00610946512075765
0.688096462705888 -0.470563114825538 0.552352797564503
0.326526305644945 -0.802402874996048 0.499529976998318
-0.904845574299704 0.0530321783977332 -0.422424046101343
0.467838896866678 -0.647605257986234 -0.60144342743699
0.376720060613442 -0.86307163406924 0.33643625012245
-0.729991247656348 0.547724365514976 -0.408791875856585
-0.699801545173847 0.628612587963703 0.33929929505655
-0.118784738047489 0.477403913751453 0.870617992659114
-0.876497531151043 0.228695334139425 -0.423616007758184
-0.476802189394222 -0.158851470270373 -0.864537959017311
-0.621838050795713 -0.506053147004738 0.597685244078512
0.289684776362055 -0.153998310128925 0.944651920456155
0.630545332941398 0.0763367199256876 0.772389337249556
-0.204155186197483 -0.0203635577121322 -0.978726716436195
-0.0148488492410346 0.177194370192343 0.984063853034119
-0.395275584054227 -0.712458908971758 -0.579792648864542
-0.358021946377759 0.20645394309562 0.910602578127336
0.735231366050769 -0.0333854478166317 0.676993537819382
-0.956007327099122 -0.278110330972197 -0.0932986298898784
-0.377728425464876 0.579644268337729 -0.722034458165983
0.75484553418305 -0.655285829706121 -0.0284376671030915
-0.131964415326571 -0.563734287686537 0.815345967043481
0.55773240911962 0.393980776749226 -0.730557121223044
-0.13980766905374 -0.288987521636602 0.94706917804989
0.700144458318362 0.352871882070342 -0.620708605007391
0.211545127794746 -0.312669731218412 0.926005560504963
-0.626397306323748 -0.237018672601848 0.742595827801645
0.84115379944016 -0.47217448055013 0.263650423107185
-0.626558393793511 0.379799069942033 -0.680571264187714
-0.76933412921376 0.312588030434863 -0.557147844701708
-0.817105070905918 0.567033954879006 -0.103979791854515
0.158119050287032 -0.824767104316462 0.542915821811969
-0.656546785889997 -0.609164689939385 0.444819849454323
0.943456175068073 -0.328803669549292 -0.0421733638312369
0.555648448834025 -0.390841473731898 -0.73382405501552
0.170828556643045 -0.608318749915594 -0.775090899660409
0.933392945739557 0.030100256604763 -0.357591363704381
-0.891903161522572 -0.443961962626028 -0.0860611771200327
0.0392978644191574 0.0146994958284692 0.999119413621056
-0.279340167528777 0.712791067937646 -0.643349022128195
0.910034967241692 -0.31351190913506 0.271194839972854
0.807917925078374 0.568204887994192 0.156242860945906
0.511473898183386 -0.00653310252912434 0.859273978454157
-0.537449405362543 -0.80718667065262 -0.24412663803073
0.470924835590281 -0.0618307943384027 -0.880003836409677
0.560864268204522 -0.819932653958246 0.114637322126754
0.320972416471903 -0.752421272285609 -0.575186001982222
-0.391653314769555 -0.107167489690579 0.913850540396754
-0.689431954033839 -0.328720087024396 -0.645466254070463
-0.689158377646791 -0.558586933625852 -0.461564045503667
0.206591150006846 0.968974461913936 -0.135678255064869
-0.746558750080855 0.615689947128557 -0.252142661369604
0.126444016563424 -0.459630779078151 0.87906282915348
-0.0786492954698395 -0.956522621832842 0.280853631352923
-0.675484313770752 0.712817617330754 0.188711383526706
0.47894539241267 0.568812938045182 0.668627813210819
-0.964017669770123 0.239433420666356 -0.11550571171587
0.530948586111811 -0.801903011293469 0.273943715723388
-0.411053429293487 -0.846377437545893 0.338644816111678
0.629220400864552 -0.776448386846644 -0.0347791561009908
-0.817785470786381 -0.293792373183833 0.494886820626403
-0.610603387442364 -0.702083759824664 -0.366390362092638
-0.568300239090898 0.755435793579099 0.326115930351072
-0.923779871860272 0.149929766848217 0.352351831779912
0.0885069787446405 -0.963702517978902 0.251880867782013
-0.535026435796237 -0.814825570261414 0.223172585788079
-0.731268261974436 -0.155150227957904 -0.664210159357336
0.0357829948831874 0.993199789610922 -0.110786981157581
-0.449070214677586 0.768191242265053 0.456309278446868
-0.592416206709404 0.516768481231673 0.618056125957466
0.404745653463583 0.405579951476072 -0.819564432465809
-0.049050624948879 -0.499518841520483 -0.86491326915371
0.736221371503131 0.606454457289233 0.300318303431659
0.176321661419221 -0.825553827297093 -0.536070471066526
0.540623613164215 0.740619953974022 -0.399009013262591
0.659118839017474 0.69728499480097 -0.281701956112604
0.125041940839871 -0.147637453685565 0.981105343630459
0.038459642658298 -0.592604984841064 0.804574538391638
-0.196887688802723 -0.78510965004482 0.587229150676652
0.701419788524381 -0.364265497674445 -0.612634415839008
-0.11307094278524 -0.889118395333016 0.443490068635251
-0.884165867123581 0.317884552705679 0.342345046064227
0.279572641189762 0.945498269443282 0.166949575554836
0.467232468289595 -0.43441891741837 0.770048066529008
-0.214557895573186 -0.67146181761561 0.709298200287825
-0.998399391843694 -0.0238981979342779 0.0512594430484466
0.69836797443065 -0.524829314925402 -0.486658363212391
-0.758236930345223 -0.186030709723865 0.624875453590785
-0.852315087191894 -0.388830086814704 0.349814459010407
-0.513550249437294 0.221488431172683 0.828980709160085
0.906154181476365 -0.40811676014517 0.111019410381738
0.375936998463615 0.909716906304493 -0.17631370783337
0.585491150190469 -0.655395608449946 -0.477133848592998
0.753941365672569 -0.166861119605634 -0.635397343314981
0.135225696771793 -0.987818281069177 0.0770003540129553
0.81774896397195 -0.395922099195215 0.417770658725163
0.86937550514443 0.300855741280761 0.392010272815996
-0.11249072543811 0.723485568796151 -0.681112669412424
0.361518234516793 0.0100498137998227 0.932310874845108
-0.151452569680922 -0.851477999967098 -0.502043160205451
-0.305260096724705 0.0422165431918895 0.95133276871374
-0.302700520611801 0.952508451599038 -0.0331669180622538
-0.3146724420518 -0.54558849050541 0.77673319308575
0.643870275684744 0.758326009565477 -0.101846606748341
-0.121059961253607 0.912749855501459 0.390169433789144
-0.443069367170108 -0.888460290851558 -0.119698986860564
0.970021932016861 0.118120163954807 -0.212379561807546
0.160317406070121 0.986503252519784 0.033311590758116
-0.544696862747265 -0.085244407887907 0.834289349468832
-0.88989268969613 0.412909945879741 0.193897853054067
0.541619775274616 -0.536493112890712 0.647165480269389
0.76845805438671 0.552343619087857 -0.323092471439865
-0.991309767419458 0.0658342342957657 -0.113889413965789
-0.298252240122533 0.858334653870077 0.417501165540439
0.763337306968773 0.402266049278048 0.505468279309288
0.412827635211978 -0.365130975261175 -0.834417590005214
-0.748478815919138 -0.45909278919953 0.478553312625961
0.0654347204458858 -0.970906746015915 -0.23034406417565
0.977837736606117 0.200260200108796 -0.0610672835601076
0.313044650827106 -0.643643108463136 -0.698374251756497
0.831355253805347 0.0475392316189937 0.55370431046482
0.632041996043585 -0.694697313087422 0.343392717491734
0.987284004656694 -0.152995324216342 -0.0431592969935559
0.267554914718369 0.345453444945454 0.899486678603616
0.468824281883921 0.776391043985109 0.421213413290387
0.215900963812595 0.499168586299407 0.839176677629118
0.817174641127766 -0.13596876366044 0.56012329107649
0.471508159248704 0.540363806980173 -0.696912485085318
-0.481199140554584 -0.251434875768622 0.839778476966841
0.778255227738136 -0.00281544392456165 -0.627941775783209
-0.539612343026366 -0.411565944306962 -0.734460341162349
0.925155330362338 0.373711395827353 -0.0665387656252038
-0.186765000860979 0.977503269367495 0.0980111872658313
-0.430501471725816 -0.319372274492998 -0.844197745274812
-0.545999289933048 0.277640300810091 -0.790443317865797
0.594059218283041 0.801843571450555 0.0643469664891955
-0.052187640298101 -0.755363246715427 -0.653224935004509
-0.384256234113185 -0.874462999310541 -0.296077032851193
-0.951137289806574 0.239065838777471 0.19541079977583
-0.86666753325755 0.496870588810248 0.0447996068356813
0.220458216879621 0.915074748112722 0.337692730121181
-0.242126506536376 0.933402322050539 0.264829869960231
0.364975405557889 0.674114118513208 -0.642155050248003
0.866474607927846 -0.0641231840967743 -0.495085821931488
-0.319723891322757 -0.62101780606809 -0.715621071422446
0.443764932797441 -0.52345563035748 -0.727369842285434
0.227103862671927 0.749344000202955 0.622018813959293
0.735673792023032 0.676899192985422 0.0243218886219447
0.156873447471776 0.63928826550617 0.752795613074646
0.244867940549218 -0.347415840699852 -0.905175079927635
0.83641457348887 0.546956290587172 -0.035347948208541
-0.614757401930569 0.116176947397031 -0.780112974937018
0.0165869245515246 0.819155207216963 -0.573332033313381
0.677052558020824 0.0702047563913091 -0.732578409357999
-0.225115510668355 -0.126881509177123 0.966035242362028
0.627037889688369 0.490309492382863 0.605326429766961
-0.0128489849509423 0.998036070874146 0.0613099080070097
0.377061170786554 -0.315457155740268 0.870810918843657
-0.0461670295892133 -0.439895298850158 0.896861601044687
0.317059866492426 0.181534258393058 0.930869676211169
-0.70114407944964 0.21851793909093 -0.678709724512747
-0.252661112644403 0.943835789423657 -0.212923377674495
0.644724509439756 -0.247055575562536 -0.723390523514879
-0.894687026076978 -0.379247687599173 -0.236021856657837
-0.274343358892792 -0.848439596354499 0.452643317380513
0.79450113775144 -0.578863273491046 -0.183535426321183
0.790915849251856 -0.386651782607131 -0.474291596392918
0.550168271116895 0.647083161836584 0.527824075922856
0.0504623991795536 0.14182283934806 -0.988604991140697
0.0676699047468159 -0.332671158037155 -0.9406118671385
0.22913011658579 0.423967567541107 -0.876213952951366
-0.41807869105166 0.858751708479374 0.296235904765589
-0.442347929685689 0.676750515075564 -0.588504077681492
-0.133676494687907 0.0246265675668943 0.990718994941465
0.676705397223845 0.713022532244143 0.183490255545815
-0.944666016991789 -0.204867688979569 -0.256193962366486
-0.493228647076384 -0.868066269408315 0.05644868128425
-0.401081903774346 -0.762288920459747 0.507985145657882
0.902557438469997 0.125214472734842 0.411960442373067
0.758436461822034 0.631837957217902 -0.159859091695105
0.358823720621839 -0.92282657140241 -0.140130855391569
0.409849244232431 -0.897259128056266 0.164163498140772
0.592919348263328 0.248719410779499 0.76588856967348
0.0514154191043907 -0.906555430524195 0.418943559522534
-0.529699969411902 0.831313224546485 0.168333790722941
-0.0529389021573484 -0.708732247724203 0.703488502872772
0.050793698076991 0.927937876161262 0.369257766635978
0.858807996432073 0.473487491020046 -0.195597599964496
0.962760761391857 0.0297249747251018 0.268715727492388
0.98860175253126 0.107608859536526 0.105294388460972
0.207609062368907 -0.60067541647721 0.772067044538383
0.216065977326795 -0.897937956332472 0.383435679116173
0.81253564376779 0.468641003715059 0.346643097787632
-0.524522718422334 -0.644278094448228 0.556580322031785
-0.465614726006567 0.884888698928321 0.0132256355148673
0.108260012995023 0.973152872975421 0.203108974213354
0.2459209115342 0.922065177253717 -0.298862366594156
0.686560653113571 -0.714210966985079 0.13615125498689
0.950873448889291 -0.144498383980355 0.273788058951538
-0.833076118705184 0.230776048796148 0.502719201687327
-0.130116362442921 0.734703095905156 0.66579358144398
