# command_history: dirgen -cart 0293 dir0293.txt -force  (version=3.0_RC3-1000-g3151ed7a-dirty)
0.521372299625722 -0.735174589320192 -0.433231172009672
0.388364488577559 0.737041062051049 -0.553121593198596
-0.457439611723 -0.616350788214243 0.640984171017032
-0.380879838421217 0.921224359259522 0.0792226520075669
-0.0430139190025481 0.953684490614164 0.297717475358845
0.748900790629015 -0.338919278923236 0.56945704681687
0.238608352778683 0.782624053831725 0.574948384073075
-0.0455113624879625 0.545863922880713 0.836636894705086
0.105426575707368 0.940544722315037 0.322894506704509
0.327782927719049 0.0176093739356174 0.944588938240081
0.240174484236473 0.946369158737702 -0.216105604998662
0.527709126583019 0.346660079035063 0.77546751532504
0.49650917117713 0.48651426953751 0.718875864439322
0.665320543864342 0.583542021410132 0.465647165953615
-0.698874751332689 -0.643332821443609 0.312565133697088
0.105817838780098 0.514738636936393 0.85079181980128
0.817593132518531 -0.459906011764664 -0.346450472652667
0.52909037656399 0.797460063711518 0.290035894696842
-0.301502011326729 -0.674574160106688 -0.673829533103361
0.879531594684952 -0.176970655230028 -0.441707551597661
0.554410883884929 0.832199306482502 0.00853733681977429
0.269149102746848 0.455708697265208 -0.848462340783263
-0.752513383506265 0.00695932209789458 0.658540185167079
0.253065952216792 0.905261808182902 0.341260432036929
0.993010108739837 0.0321160485795434 -0.113575892530647
0.378259154174107 0.538661480204164 -0.752837181618807
-0.925952526799859 -0.169664437757586 0.33738093703314
0.0534469468968455 0.640945756299186 0.765723162343592
0.318200454217135 0.667716354695057 -0.672980936289248
0.954955089113922 0.288363701029828 0.0700510792479403
0.738752231776164 0.322628404124457 0.591739852382652
-0.726739829707209 -0.607239032679107 -0.321107423003703
0.170086152801737 -0.8299816450151 0.531226100227703
0.164550000876424 0.985147837586662 0.0490615461424929
-0.869081491396392 -0.385290329196305 -0.310239783941432
0.802470235343916 0.54710149745696 -0.238162702511186
0.563785837125248 0.180803155757344 -0.805888173833795
-0.249144000647109 0.246338437228446 -0.936613389443799
0.760220541900545 0.629798090521301 0.159433662844973
-0.805570631023872 0.548136857864597 -0.224948757458509
0.825136459306684 -0.206331948340695 0.525905838165694
0.340748779025455 0.91540550923019 0.214296577816066
-0.837336588896909 0.327434208532562 -0.437783366492085
-0.131305844493654 0.340680909602856 -0.930964710949872
0.901824232117224 -0.176988669274586 0.394192929051995
0.00893421157808926 -0.865223767774462 0.501306305108606
-0.588310962103222 -0.541484050300933 -0.600570757811999
-0.845582054346034 0.496621645096294 0.195851808747818
0.835265756465477 0.543454645083984 -0.0835952439603831
0.899924482159279 0.407368137797542 0.155522110060649
-0.709837008748576 0.334844186939447 0.619686042673009
0.248799486143593 -0.232912976762248 -0.940133161286438
-0.284350495419964 0.957897528513438 -0.0397129780080625
0.277478805911062 -0.857467432631855 0.433307182315164
-0.2064962494044 -0.602740561111381 -0.770754899415536
-0.572492683718885 0.815744605399072 -0.0825400863257462
0.283460436578127 -0.385177944403615 0.878230113375727
-0.490113614735464 -0.824516988967552 0.28277266408693
0.382422665974285 -0.791187740908912 -0.477257648639151
-0.98026845547829 -0.145912552892318 -0.133353972954141
0.565427477510214 -0.771776135886439 -0.290952511163993
0.239233241596323 -0.964267155392476 -0.11382578419066
0.0528680261429512 0.983374643123321 0.17372185548695
-0.147574572869626 -0.720371262613832 -0.67770715610985
-0.517750528720053 0.85448504015217 0.0423049189367984
0.539666407304371 -0.310916431474171 -0.782362538383939
0.30017962236643 0.839082764205653 -0.453687457539822
-0.584945219698681 -0.551664634582371 0.59456305040152
0.972628936111172 -0.095982440801127 -0.211613618883824
0.687472834164918 -0.695411292814214 -0.209246830589424
-0.428462258084454 0.558627130219208 -0.710180134036585
0.744419596599269 0.318987398284258 -0.586588871301546
-0.545655844430141 -0.194720044812472 -0.81507288237768
-0.527054840868736 -0.838490238220406 0.138373823846557
0.874103878731801 0.293362055501688 -0.387144822486167
-0.826878392491621 -0.0723183855864543 0.557711551912493
0.573116798349836 0.804891268236317 0.153906405864628
0.602567066391045 -0.620369292497026 -0.502050666195784
0.192875799849059 0.0787728124612764 -0.97805611794494
-0.167947791683461 0.613585928089761 -0.771560657446241
0.428050001925086 -0.900886345231096 0.0719512948326367
0.326108581060707 -0.728774414678082 -0.602113814713789
0.950172495705868 0.299704353801017 -0.0857293923738989
-0.852758319522969 0.513486221064009 -0.0955779747732971
-0.536285176053232 -0.660777500165504 -0.525139319819589
0.42086149586215 0.268210236564937 0.866567291271979
-0.512122441624223 -0.478927745170449 0.712992860897494
0.962400606790738 0.0441900242242852 -0.26801551038676
-0.625689499308837 -0.409959635423038 -0.663660868048182
-0.390332276625423 -0.903972642578716 0.174568540389349
0.998999740233722 0.0177027431960558 0.0410625364084005
-0.842666845434022 0.0730880744047634 0.533451704455125
-0.98701118704853 0.127227310207618 -0.0980924471016358
-0.347632969644356 0.127727806623507 0.928890158108801
-0.540724993326076 -0.336279229515092 0.771059505738209
0.918848730649573 -0.380953994518006 -0.102912896395175
0.842712385268139 0.532666589172856 0.0781161986699305
-0.301208667814137 0.762204244023575 -0.572990426469835
-0.122876395007878 0.315019484623394 0.941097293512992
0.0279193544290047 0.273247620101489 0.961538479602943
-0.477818973921962 0.853480734871457 -0.207989575131641
-0.648108599719381 -0.607693351631661 0.45898151744102
-0.13653446708783 0.99060945258769 -0.00715903212456097
-0.747855103096309 -0.178574311494609 -0.639393431344923
0.927637684420203 -0.0622325266582728 -0.368260015572219
0.0963765889509729 -0.172114065927451 -0.980351111292325
-0.760162106876413 0.587143709254695 0.278237013986011
0.470501288377698 -0.860591731728046 -0.194962583374989
0.197766009112572 -0.559211826761176 -0.805090515687593
-0.646870312975829 -0.113373947007547 -0.754125418170269
0.735062724515611 0.0291739516452423 0.677371147579441
0.0771137034461581 -0.834734322531688 -0.545226638681917
-0.0505232799652307 -0.121978934615155 -0.991245952169141
0.0396641109344274 -0.557007281909143 0.82955991116011
0.0101937142274417 -0.748919581350172 -0.662582484571191
-0.229175667920983 0.926113573132715 -0.2996534046066
-0.986606362947165 -0.161762682380271 0.0209933127759073
0.803264176420361 -0.256045995153137 -0.537779798101192
0.540492955234562 -0.456866970600004 0.706498362713308
0.831755973753742 0.215918810880569 0.51143041289396
-0.875565490762155 0.0550281447986944 -0.479955179851662
-0.015527308153736 -0.89767884763649 -0.440376644711686
-0.755094227565146 0.158210020160245 0.636240753975011
0.415930078529157 -0.378940197693321 -0.826684036586456
0.477174002331883 -0.477845569104338 -0.737542258847534
0.103316052246742 -0.19244819927415 0.975853208194904
-0.682393001679998 0.723019644141196 -0.107621491553038
0.00825351254041559 -0.426378913387557 0.904506993753609
0.198320526752334 0.960199631079751 0.196686647088679
0.647006393232591 0.26762531235987 0.713974382804059
-0.578410209393134 -0.724649974904787 0.37459850979453
-0.763765015971833 -0.645476601696749 0.00479135049460746
0.643138674171275 -0.344236903158596 0.684012865587332
-0.725797254715415 0.209706698596609 -0.655165204823392
0.453497477792046 0.881129808667194 0.133978721871673
-0.778873643844818 -0.48803860037639 -0.393921529579876
-0.444139541562242 -0.790382707857938 0.421942226779965
-0.169166996694161 -0.871433968795881 -0.460418684740463
0.0447839707280503 0.136871216943054 -0.989576003113635
-0.319347083652118 -0.172766032982949 0.931756050696867
-0.145210820168249 -0.861034359224312 0.487374240128921
-0.510025670804198 0.165026726739926 -0.844180072367403
0.6719623020813 0.0946033059940263 -0.734518127125942
-0.284865433650467 -0.326215355629469 -0.901351888256008
-0.232652166059919 0.825638465285363 0.51399814617259
-0.0407229388742615 -0.926195444215511 0.374838153559474
0.929496795956134 -0.213203945729661 -0.300964755133529
0.710256382664751 0.458194273439042 0.53440984148091
0.425010545630624 0.904857953268491 -0.024456502397458
-0.330763307596574 0.504192136266324 0.797738004657529
0.359217024988896 -0.145489395341859 0.921843785465405
0.698573303261551 0.474978193820926 -0.535155169427389
-0.235277908494464 -0.584287312022182 0.776693403335167
0.314769433726943 0.172207203577858 0.933415707296119
-0.659004907085098 0.0843539477823543 0.747393433160403
-0.147468557873119 -0.368871572437401 0.917707353945898
0.00732313635588712 -0.416716738907451 -0.90900689281669
-0.437501897717104 -0.255315309033482 0.862210057043567
0.162783742034318 -0.476760486650103 0.863829202851155
-0.466732742363777 0.0577908732613977 0.882508222156187
0.127292527989823 0.987111383485447 -0.0969934477756416
0.211089461344002 -0.0749908880287992 -0.974585863853027
0.634875218968839 0.405974373539979 -0.657357029602705
-0.905926446796704 0.295993401452492 -0.302795606459015
-0.604836237382015 -0.697010517786081 -0.385161607698829
-0.859071538780013 0.322131506685474 0.397778058292167
-0.331486557689915 0.924573093798073 -0.187833054320988
-0.184961482316862 0.722864173336836 -0.665775215042737
0.899528993575669 0.0980087981871519 0.425725105196597
-0.572750440549657 -0.00478427087609069 -0.819715831006306
-0.0839811143046066 -0.623622788040891 0.777201254937395
0.0861985266488869 0.967135446390289 -0.239204603507161
-0.456300174175032 0.038262799099393 -0.889002873590921
-0.41998964805534 0.239503751361078 0.875355155699858
0.0313053329551795 -0.688822527085699 0.724253755466851
0.992185272293102 -0.110680293808321 -0.0576043228166626
-0.404790534941162 -0.854165661127395 -0.326413305753377
-0.716344793815966 0.657969223618998 -0.232221095387509
0.956506721762941 -0.149846970142296 0.250281395156503
-0.0139306828016954 -0.999636454704734 -0.0230845078359715
-0.663944059339391 0.0803248390207746 -0.743455584621044
-0.757034220778156 -0.522609846802163 0.392145555369725
-0.391032750656017 -0.728574960951517 -0.562380577713069
0.451160785597214 0.110231515796323 0.885608806677389
-0.408969339848911 0.782863507350292 -0.468901703902583
0.753553900952566 0.173339062920279 -0.634121508565267
0.466768064595624 -0.679318387465133 -0.566263280043327
-0.0273159096075909 0.991727049616023 -0.125424479836311
0.084675640941552 0.785825783920213 -0.612623761502376
-0.544416443367772 0.580573448483762 -0.605429770581575
0.659444977847113 0.712596840262215 0.239453679112531
-0.167377318682961 -0.702289135184071 0.691935548872084
0.253140887750365 0.470085626920665 0.845540770342603
-0.471914003618339 -0.765989261601365 -0.436529064668445
-0.950600945231282 0.270110010732787 -0.152965437361932
-0.936500525361841 -0.270132676250737 -0.223595847945819
-0.82727180025559 -0.0673977743219521 -0.557744483180535
-0.653770479775761 0.468705995157491 -0.59405290158133
-0.278593042058045 -0.957617915757321 0.0731699688222519
-0.220617071630343 0.0910721765327547 -0.971099359677906
0.137316475604043 -0.900553848255993 -0.412488729444826
-0.599340708915163 0.765452465219995 -0.234250374867797
-0.795834620806751 -0.387196828083253 0.465538261207007
0.34890534751435 0.881558680301231 -0.317992691207585
-0.665275248985839 0.485748297993496 0.566972163411267
-0.980996242020082 0.00164863534423095 -0.19401972874937
0.776200765177537 -0.628329057704175 0.0521053488846463
-0.309784649923911 0.647991251219219 -0.695802277241797
-0.45664194169347 -0.101660505302102 0.883823103764627
0.653616051082627 -0.237676209609701 -0.718537457028315
-0.402517433458675 0.603440775849581 0.688359605005913
-0.737144329952646 0.569011983697111 -0.364477158718819
0.895217667747972 0.245648986820869 0.371808959851376
0.0587497440248169 -0.783574091306397 0.618514438805088
0.575283990715315 0.0177969639068277 -0.817760110363889
0.534264321099993 -0.691319084405289 0.486456122108249
0.898266613492554 0.0648451418609924 -0.434640309522307
0.773372182636779 -0.624475312747534 -0.109206459939392
-0.171000203866559 0.752429223243488 0.636088982994358
0.121154382850967 -0.906547979322418 0.404341905696703
0.789379020738091 -0.0850891489424435 0.607980754918134
-0.680396386021822 0.731859035288312 0.0379882923452187
0.430904424016366 -0.8355635243465 -0.340815161260146
-0.655898769870766 -0.259522398303701 0.708833498404747
-0.172483595003477 -0.227170915490426 0.958458546109282
-0.898871121455121 0.358771949207051 0.251621532218899
0.196012518345501 0.91414624004189 -0.354846085604912
0.519586090138149 -0.325019790879188 0.790185060901433
-0.287154761261353 0.879770067601498 0.378875667254301
-0.676270812711258 -0.732862207272901 -0.0746376113360226
0.394769397947497 0.414953532479936 0.819738182791672
0.958517164888195 -0.240643930272039 -0.152759102635237
0.614724771040386 -0.212513203537693 0.759573297445014
0.0669264172720363 -0.0167758179923998 -0.99761687365532
0.548711432630147 -0.162546321023301 -0.820057593844946
-0.654135754400381 -0.75240779674374 0.0773881270885632
0.631487709854493 -0.683978142928935 0.365235776311978
-0.117967782993945 -0.501556421140838 0.857044198736499
0.600929292387586 -0.409180228628839 -0.686626190914536
0.33362933488236 -0.913477494600149 -0.232917010467222
0.967866517577534 -0.25145874207854 -0.001704460212482
0.647805724856068 -0.584059079938508 0.489104011417907
-0.190238984352461 0.944644427047914 0.267312617135561
0.287443784784019 -0.363313907115901 -0.886216156186072
0.32520756641281 0.827055239716044 0.458497185603244
-0.410989845835142 -0.402151866194101 0.818144989067958
-0.0204250055861674 -0.285541494636802 0.958148670085904
-0.90664153701773 -0.421889871394788 0.00317171382967192
-0.242573007949644 -0.777883359891836 0.579703212185037
0.598010848914003 -0.789065275302466 -0.14056676667334
-0.737159844114897 -0.656680184272835 0.15926864037812
0.770408889683636 -0.406504480675018 -0.491145853985923
-0.508940488032995 0.78390770988416 -0.355623792827348
0.950927019153454 0.124536420959024 0.283246331130067
0.294119988046397 -0.52751880244352 0.797005235679253
0.399648807525913 -0.282041662648235 0.87220028157169
-0.621620272498097 -0.749292453192606 0.22836167893935
-0.543695806502665 0.556898668964197 0.627900264769272
-0.921025906886526 0.386610628844318 -0.0473656046984985
-0.889120802865794 -0.428280658398511 0.161368756433903
0.719762304435117 -0.54472408639878 -0.430369486384971
0.16553840133011 -0.443050025286358 -0.881080991043859
-0.751263827714718 0.459652625903701 -0.473626566682299
-0.814649465960166 -0.356888213709382 -0.457140077575947
0.264304491999312 -0.649813697742454 -0.71266071432012
0.192319557577347 0.0710011908830585 0.978760450093097
0.848808571882085 0.425621818057255 -0.313640042553772
0.181118270643139 -0.970871629832772 0.15685805820899
-0.830416136688056 0.442318714517765 -0.338767168886591
-0.96906987887325 -0.171424032078824 0.177531324240044
-0.837954943644087 -0.214123874667656 0.501978564004226
-0.856200546524074 0.514222160783446 0.0499619204102594
-0.380384557215469 0.865744300308477 -0.325260503466649
-0.335687122149873 -0.0237439655488951 0.941674243102544
0.141862408087501 0.375858519467928 0.915754022931373
-0.890584794735488 0.407444670975358 -0.202107801630049
0.173526294374623 0.225590458569628 0.95864360956664
0.939564522418462 -0.0261114417839086 0.341374721999936
0.823614711450514 0.514116360708804 0.239464349609335
0.297111891961713 0.317628963223795 -0.900464527550258
0.0938819712120127 -0.984858012410975 -0.145742481354101
-0.0722509339404918 0.96045073107119 -0.268912989142482
0.355237670635209 0.551228652506413 0.754952428976578
0.411821664834104 -0.430936494989547 0.802930042817798
-0.651349367584286 0.666727025617373 0.362241735114774
0.0808048296408059 0.819058751152134 0.567990617587849
-0.102521363576219 0.662036859571126 0.742426135436835
-0.450303720382016 -0.614431716219573 -0.647842747519478
0.524367371006533 0.679402312075566 -0.513275129506653
-0.922683763701109 -0.301565569598276 0.240235050388621
0.3124894299711 0.947236035582996 0.0713740082197017
-0.427142047933436 0.678897647244996 -0.597199845489296
0.0783245470971934 -0.0367778088784824 0.99624929515464
