# command_history: dirgen -cart 0071 dir0071.txt -force  (version=3.0_RC3-1000-g3151ed7a-dirty)
-0.733555827984266 -0.0050362268298143 0.679610538212613
-0.831096884399244 0.463321882881241 0.307588688974824
-0.169443539782235 0.562127978580554 -0.809506653785505
0.550929460080501 0.289082840606207 0.782884309002584
-0.173527762583842 0.90601526849205 -0.386036849111487
0.146411456024083 0.912916776020525 -0.380981161745825
-0.362580076467647 -0.120837339821455 -0.924085507652614
0.277042088245994 -0.254459271690309 -0.926551758074602
0.277451130864096 0.7465793440399 -0.604681861010554
0.739357919025844 -0.631386419183401 0.233882571485214
-0.418756576429544 0.888168332396091 0.189208728725064
-0.164705485671002 -0.692284730925238 -0.702576653695275
0.65093843556264 0.581478308448893 -0.488018575374624
-0.58949734801191 -0.264123091384047 0.763368763629126
0.856870683839284 -0.378023602246322 0.350529295953296
0.992716995089145 0.0778638397587063 -0.0919249156606025
0.581684475157147 -0.261752862571082 -0.7701484339379
-0.616029969709363 0.711944780363252 0.337107855342178
0.447122982371527 0.596086708656086 0.666904546692213
0.90770596554775 -0.418544991536317 0.0298323678056304
0.778404188762348 0.31059738798427 -0.545542098737192
0.369464638884067 -0.498958522710792 -0.783923639921982
-0.461178208097266 -0.531887049656395 0.710218858369736
-0.489097700978708 -0.856629536310085 -0.164223251759643
-0.594990829958347 -0.794005855658512 0.124661996797228
0.202412199236933 0.962182023460073 0.182304841763316
0.235499880718255 -0.87521116747447 -0.422546114062907
-0.469540516736127 0.000279540583600537 0.882910881686387
-0.96570477885088 -0.149174150909325 -0.212512006260951
-0.323675674527272 -0.939394464965975 0.113013702313506
-0.320560827629618 -0.300366612627768 0.898343282831199
-0.134996792539486 0.0530542351828471 -0.989424637925099
0.0525772392691667 -0.498196327579881 -0.865468689841957
-0.0639744129302227 -0.886144349261921 -0.458972185171825
-0.783502771430606 -0.580017600868402 0.222941673635556
0.474280432192421 -0.805721575030154 0.35478277180593
-0.920756288686994 -0.390032621402561 -0.0090780551441172
0.266072872185999 0.427313701073582 0.864064944064675
-0.712196158140247 -0.039764807319005 -0.700853331610227
0.622151136796166 0.68040810371902 0.387263186188316
-0.979442772354042 0.149523127078896 -0.13540565036946
-0.723184677201132 0.279492714644953 -0.631575605230197
-0.843023332965068 -0.446594421912781 -0.299775052986164
-0.135607582683564 0.721593592537063 0.678905936583394
-0.282112753408728 0.953728095894994 -0.103995737723503
0.820381463479362 -0.240261934641576 -0.518891565880337
0.846204181791214 0.19966864322375 0.494035338444781
-0.957603079373401 0.205601175813929 0.201803119100051
0.907012445702632 0.311528829552848 -0.283334099073801
0.486633285005085 -0.456558408159119 0.744810355637172
0.462977912597773 0.798321689892524 -0.38514144400954
0.558406547077139 -0.826966172386299 0.065643567164968
-0.523853679310794 0.128479080634041 -0.842063209332872
0.893078886237966 -0.0934934807785262 0.440078483918345
-0.752921256489371 0.653207109359796 0.0801876163025542
0.102639515480473 -0.980542037393167 -0.167339304309511
0.43001511966727 -0.701451723859745 -0.568377054385323
0.0406547790471207 0.233011270566118 0.971623865870838
-0.689378972497249 -0.442139874691412 -0.573819626264648
0.353778566797018 0.817960659874061 0.453631000454597
0.291843067395781 -0.295520787663389 0.909667570089113
0.174146461662312 0.0309099783194994 -0.984234516327681
0.0189984005844667 0.323467578063885 -0.946048511819937
0.0226270918031852 0.993322998750791 -0.113125748038484
0.651627279301327 -0.490134025275887 -0.578921865312761
0.91080553970925 0.0315009249844522 -0.41163206940187
0.0341239807449135 -0.778458531097564 0.62676779535929
0.749214763251702 0.655286454554572 0.0963166704314201
-0.639602914318518 0.572103627258612 -0.513425312652968
0.1490037656638 0.565609036127596 -0.811100669503373
-0.348657990305684 0.713002321890124 -0.608329922636798
