# command_history: dirgen -cart 0264 dir0264.txt -force  (version=3.0_RC3-1000-g3151ed7a-dirty)
-0.308919823364652 0.627544579975889 0.714672192599682
-0.676609277050783 0.734951914249839 -0.0452279775063442
0.14603689446611 0.724599781564333 -0.673519399877699
0.825651360863908 -0.515814789877851 -0.228549628848625
-0.0455639840515625 -0.153347249962335 0.987121342230193
-0.67146749667298 0.144306443617885 0.726847336957411
-0.768949309176284 -0.637655593460827 -0.0459598090230709
0.773213857243388 -0.632246024530274 -0.0490438113574582
0.069350193010113 -0.821673747244588 -0.565723257272048
-0.275617024920604 0.888192931668592 0.36762558630741
-0.381258233138562 0.746593570588984 -0.545197395462647
0.208464660299196 -0.384128086290609 -0.899437656944079
0.829882729977223 -0.222430269987526 0.511682938428503
-0.47054767513837 0.394379341901751 -0.789335049331409
-0.11983246102507 -0.90728877768001 0.403072270418828
0.952360204742007 -0.194368136856319 0.235012909855536
0.639262861781202 -0.711372594170772 -0.292047985457963
0.808434458074712 0.0608012180957775 -0.585437391080819
-0.943834166834428 0.320614328008234 0.0798969222923565
-0.49184778605653 0.692259353258009 0.528074562138807
0.362401191419788 -0.29786443797641 0.883143336637103
-0.753799912115936 -0.480948922616751 -0.447743036046117
-0.30117282029824 -0.615770957226176 -0.728094128908044
-0.968756363206921 0.0370764109578077 -0.245227340434519
-0.0966343119781091 -0.964565412282388 0.245510438020515
-0.641182645768373 -0.664025764366987 0.384648669596435
-0.849971395089924 0.0694409118507215 -0.522232311610675
0.838389327981762 0.460388060601982 0.291798163773239
-0.579522752851876 0.0225842606958555 0.814643069138752
0.00833451131396524 -0.00248543998160948 -0.999962178539396
0.0334214936752239 -0.987696418001983 0.152770382033197
-0.410859090060695 -0.665892044744727 -0.622721922578757
-0.0543280517433285 -0.878055170297944 -0.475465646189945
-0.443560128564079 0.0529027452866699 0.894681905421894
0.915949745518572 0.299371295234739 0.267231905419128
-0.0256761398509975 0.777788476159781 -0.628001450790838
-0.543838807933877 0.812850802917027 0.20859751480352
0.913695251805301 -0.134827054554687 0.383383166282187
0.651832651687633 0.551788828284102 -0.520233873536438
-0.193575541166853 -0.219793137788413 -0.956148255472489
-0.613086017633505 -0.291301532132065 0.73434933945623
-0.251436574936432 -0.914672981894761 0.316469564059455
-0.867632738890502 -0.496409593538669 -0.0281237594951189
0.0118629015565817 -0.877875517092938 0.478741943071073
0.514551174625786 0.419263042786691 -0.747967639436674
0.115167162323689 -0.89568354077372 -0.429520103731316
-0.221920036576362 -0.835806591957319 -0.502174111446058
0.955846483033322 0.258640698827854 -0.139508027663893
0.372698111610176 0.90722512203419 -0.195035113639204
-0.849995021777445 -0.0845358773107862 -0.519963602957801
-0.261651123133395 0.58030535165389 -0.771222658254339
-0.529493005487855 -0.84398850685627 -0.0855602561588117
0.354801537775805 -0.364725705067961 -0.860866440776154
-0.338428576155413 -0.86172043112264 -0.378026450697874
0.552108389848082 -0.773702375059742 0.310742595545367
0.206899199981573 0.199607961004722 -0.957783578346655
0.280194344354293 0.636462442647758 -0.718614422684875
0.631437817078733 0.441999999588213 -0.637120305379498
0.158902642022877 -0.947250728665714 -0.278327158934273
0.660316730520789 0.31173736885726 0.68322882568894
-0.538373466146721 0.0874378419681607 -0.838157881750877
0.65644860688106 0.751517465707832 0.0655494108287295
0.963448102978851 0.235589837691097 0.127535019673563
-0.0135099204720021 0.552551520861183 -0.83336924519857
-0.192618937282619 0.741312360259492 0.642926068476474
0.114380264238343 0.457249263155999 -0.881952530749849
0.789648321116837 -0.372844725694223 0.487280555203428
0.506059974500296 0.834639982215895 -0.217438272379566
0.120951902447711 0.824107861877829 -0.553368655857406
-0.356013417506138 -0.233263698080664 0.904899162179595
0.392542112518973 0.84987546504614 -0.351599749447792
-0.619857997619821 0.645469254608837 0.446257217467079
0.209577575916011 -0.74248096343542 0.636238366187689
0.471657488742484 0.105141207920061 -0.875491027772555
-0.48448974397375 0.628152924728854 -0.60884611449761
-0.76308829744213 0.632662209364446 -0.13204082379692
0.0670451327515373 0.480137848209512 0.874627118771804
-0.70248046647253 -0.0102004755440667 0.71162992104268
-0.443715500245188 -0.863127047132916 -0.241098020211231
-0.812905456743235 -0.55602794628188 -0.173255999465034
-0.0710974755281636 -0.311528848681551 -0.947573176811517
-0.601703588621978 -0.134473266348815 0.787318062841768
0.410523197679658 0.66426064248771 -0.624682721874619
0.142548288388486 0.683275391126615 0.716110833152442
0.707172448362943 0.700946800652433 -0.0926321268862989
0.242488345889453 -0.201987724349027 0.948894283532206
-0.921692520319325 -0.0231360203274622 -0.387230709720728
-0.150527605308405 0.640031239796058 0.75345965527375
-0.318285847836495 0.947641474553341 0.0258796208120094
0.00654048520654056 0.941727874965045 0.336312104401676
0.935999506615235 0.187068330686695 -0.298178408457304
-0.848139808076817 0.492618734513907 -0.194899072243396
-0.977985839757015 0.0671954664230256 0.197556236365642
0.61460615630069 -0.582311590235967 0.532139534815964
0.455588393946424 0.888498921181625 -0.0548532803067164
-0.558184272268513 0.829139414424891 0.030953992298567
0.903003260377072 0.342910529143698 -0.258838715710705
0.716815144017596 0.16332271970631 -0.67786557556404
-0.726562098953624 0.287628558511155 -0.624001064656863
0.261558870470194 0.738129563304995 0.621893644487169
0.844177687832097 0.354044746212018 0.402512545203405
0.441569378304503 0.190758983378387 0.876714032284313
-0.318962395339334 0.935900270105236 -0.149511453662721
-0.543914659107499 0.180004601652322 0.819606727029471
-0.118536379745436 0.0999188220075278 -0.987909588821504
0.105008648642702 -0.524229337334453 -0.845077976040149
-0.157304404985704 0.500371529227289 -0.8514009965409
0.156432771124215 0.0591178425886827 0.985917779942151
0.445743912122475 0.364617115229218 0.817536986372895
-0.557869005193792 -0.254981059586745 -0.78978910621514
0.878356505879883 -0.0420696583836903 -0.476151228520901
0.845717585199547 -0.197577499691574 -0.49570646324198
0.550402850173089 -0.455704708216744 -0.699564093868769
0.539506193478207 0.574312191148335 0.615709813383751
-0.829769865659219 -0.238082350238509 -0.504775954804496
0.493877641905358 -0.33697376284286 -0.801581909714489
0.424362177866328 0.0159044760893507 0.905352853663626
0.385533610563252 -0.803156344312903 -0.454206694926437
0.522830943226452 -0.711728615425123 0.469137701309515
-0.311136233019519 -0.120255821457778 -0.942726249718304
0.296175559282849 -0.0795639874878587 -0.951813852588059
0.830608476119606 -0.438601657823555 0.343100779877714
0.307167110594135 -0.899410922980182 0.310979674244456
-0.883637588888358 0.288774889313781 -0.368501933245108
0.32226745576867 0.464811805356178 0.824677920496189
-0.0402072598992858 0.405310114938329 -0.913294633171612
-0.81859313032502 0.438550776784489 0.370915762898271
0.405293636206014 -0.210015443982012 -0.889736242793304
-0.0984765392496265 -0.791583230528472 -0.603074091935249
0.256780516501742 -0.233444203910716 -0.937852637681203
-0.898772020766729 0.3728099178554 0.230698114070188
-0.172721285786099 0.957537363163765 -0.230845306605484
0.0834649448625039 0.306964330297501 -0.948054061171675
-0.527713873497804 -0.559331062835937 0.639270545125274
-0.96044895542508 -0.126427176410473 -0.248100731735615
-0.906113583518317 -0.184655273889507 -0.380605574825679
0.422880739686371 -0.817392458322518 0.391205124045914
-0.998980355966432 0.00246689076341801 0.0450795168911719
0.387935440144552 0.916093147518463 0.101387569995388
0.0149727520491819 0.676222040325011 -0.736545700465866
0.305888788090466 0.951358159160399 -0.036738294999665
0.990942709955486 -0.0962787917458378 0.0936105755031931
-0.582497996412035 -0.781177349209376 -0.224628656360177
-0.665429385953888 0.712413889278009 -0.222868083566968
0.43514672114188 0.526085625315446 0.730671777144791
-0.411759994119753 0.490066703586217 0.768302240839268
-0.537671124893813 -0.669014915931518 0.513155730472305
-0.456557948786317 0.599666052444894 0.657233189168949
-0.628430382768888 -0.741735275799192 0.234316099848144
-0.318755707289243 0.443221735901305 -0.837824141389569
-0.492480997968945 -0.262823159763542 0.829690576860687
-0.0326013804475294 0.945408985704576 -0.32425144524267
0.713560615707086 -0.502119952261733 -0.488576300338443
-0.436712525257769 0.891703804527977 0.118939040156351
0.202280031320212 -0.354012522836796 0.913103456681564
0.719097860913761 0.31431742072886 -0.619760296772558
-0.0391115008938561 0.982188680272619 0.183781628141012
0.178074525606362 0.91110519034765 0.37172139493395
-0.378668457936639 -0.775172003387136 -0.505686230906738
-0.385138129713782 -0.387081567502068 0.837756815036865
0.556905267228379 -0.491591577927282 0.669473109127061
-0.128857494609531 -0.963926657297775 -0.232897285157411
0.173674260283261 0.0463449507601486 -0.983712049765632
-0.39775021431802 0.144865536218479 -0.905984957615799
-0.732818073185907 0.582047964981567 0.352417136463185
-0.62374298307168 0.299990373983103 0.721768984223013
0.65208620862874 0.471529101226373 0.593669843610777
0.646167085817569 0.593591029074854 0.479705938474693
0.844216727298248 -0.53434814454167 0.0420734806583605
0.705575625063609 0.679152797035218 0.202273368477755
-0.524672593027659 -0.766286970544762 0.370840867352781
0.445312896263814 -0.865970436640891 0.227577738992893
-0.826542563364665 -0.417337014609865 0.377699890366802
-0.898208650264477 -0.424225213427805 0.115126838235918
-0.659688542340384 0.0287342302018669 -0.750989594548104
-0.0202382040786533 -0.612333336080594 -0.790340623161989
0.912400211586919 -0.346371336416722 0.218065933160223
0.112652272763266 0.991415081413229 -0.0663747074394418
0.14385371648094 -0.830542809641739 0.538056455780458
0.96497377121224 -0.250114474254127 0.0791730423882314
-0.809425359906186 -0.220158839386096 0.544390183766119
-0.40311059898104 -0.534577029377759 0.742784790266196
-0.98438515012482 0.164620966823053 0.0623362935694638
0.865521788201037 0.277230214966421 -0.417151581633045
0.763714554591447 0.0282130840392521 0.644937284543374
-0.91604826318398 0.396329584007391 -0.0614690194987828
-0.992248267617241 -0.0642139526632802 -0.106395224018477
0.348756818037553 -0.72483937584025 -0.594118305646138
0.677545037045093 -0.407845325439805 -0.6120415944137
-0.18877519101799 0.979606639237626 -0.0688095895764889
0.234307654282312 -0.824925072446932 -0.514391434603207
0.263167408307976 -0.513542687676728 -0.816710978950464
0.053348991222449 -0.998557709512078 -0.00603207340307087
0.289928200054616 0.926390210327313 0.240297351260491
0.60680905713942 -0.344774329479141 0.716179746925154
0.409447427599791 0.767592229048572 -0.493107466923954
0.730062421913271 -0.520751430904149 0.442523228002113
-0.262509252683515 -0.845396020932693 0.465182179416529
-0.883789983404694 0.288632401536857 0.368248016989363
0.753407915577332 0.414193756991021 -0.510705438012052
0.680908059240619 -0.439180031545546 0.586076031546101
0.659334256938649 0.137565618897308 0.73915765444495
-0.226049386944229 -0.960249937269808 0.163773418586374
-0.756376683695385 0.585296137904543 -0.292100570550619
-0.325614489408294 -0.295939880150316 -0.89799487282723
-0.416603021943307 0.860679206734577 0.29269988931061
-0.588408717640689 -0.805034725227535 0.0754604014186719
-0.567684033259869 0.811602766145406 -0.137970244498345
0.303417563229283 -0.931384544788066 -0.201148234031352
-0.811739930617979 -0.57533009477806 0.100367161377545
-0.2011074270435 -0.393086166750023 -0.897239693893285
-0.622343310394522 -0.69701034640419 -0.356181668552299
0.165495125586402 -0.905580793490356 0.390557025117355
0.417258644841263 -0.535260285640967 0.734432876388839
0.238810244729311 0.352917709328156 -0.904664997363606
-0.284283230861672 0.834022846914437 -0.472851917068746
-0.950165783459736 0.223236807371919 0.217601267865651
-0.0986980159066055 0.252819458306769 0.962466115329559
-0.739096154138607 -0.587645253494677 -0.329256633923596
-0.790425047472616 0.351767064258505 0.501485968727805
0.90244917056866 0.403803826238292 0.150093185905468
-0.278639388939999 -0.754526444754174 0.594180052759911
-0.055488231634157 0.395261029009487 0.91689136493724
-0.980131046465747 -0.0963420830258638 0.173382048644599
0.0802815025206175 -0.255348121615644 0.963510361719268
-0.554528961242136 -0.423894226665075 -0.71610845250125
-0.18182428653416 0.977563377960113 0.106347406632967
0.33643144210223 -0.66458338327046 0.667190236323796
0.488354521998498 0.788473720221511 0.373923860382924
-0.186087445857068 -0.553702536499288 -0.811655692747022
0.328760985060777 0.0763596866897597 -0.941321099811594
0.277520520667161 -0.04400684864712 0.959711288815953
0.0252288214543525 -0.726324329187025 -0.686888983314656
0.986228908179926 0.164367140012057 -0.0183298650973804
0.549962106195164 0.0791709155739957 0.83142867876719
0.081369991886587 0.993260078978697 0.082542958074022
-0.748982591207803 -0.359261716358555 -0.556737009032766
-0.59220089559393 0.558270753570024 0.581060982140519
0.0308262445288378 0.157770397246926 0.986994551353145
0.132723340262857 -0.656970633630868 0.742141564323226
0.521675042506546 0.692435747141862 0.498385278781271
0.267861800966945 0.497564212709534 -0.825033278003673
0.519708605148867 -0.765984114201684 -0.378379838951391
0.138136191491866 -0.105183125883881 -0.984812115395327
0.445217299164906 -0.893487767942304 0.058831667168172
-0.945186179504562 -0.0239258007487206 0.325654175671222
-0.754972644743643 0.131476499845515 -0.642440842161488
-0.942228968993746 -0.334896847602036 -0.00697649304463269
0.926340845168412 -0.134351549002754 -0.351912346832607
0.510419566701312 -0.244817863931579 0.824339783965583
0.641677268492207 -0.189981760138861 0.743072818716255
0.875906628637055 -0.473352575886208 -0.0934072631627721
0.831705963165925 0.500025075963683 -0.241329886756186
0.143771519011778 0.593573838329749 -0.791833220300547
-0.658129997246606 0.743655332477994 0.117650555465017
0.230485043432726 0.968634840229123 0.0928611385247701
0.752748913123589 0.190562200087786 0.630123100424797
0.647681792160356 -0.657721394780795 0.384591813422433
0.737656991226017 0.62969847647091 -0.243602118269926
-0.888328221618923 -0.114878156432831 0.444607669580671
0.743099576679241 -0.252027774704173 -0.61990726719147
-0.744487758069028 0.637880381319572 0.197095401298332
0.742135792644949 0.546509191371601 -0.388023412981242
-0.785560915871166 0.0958084086955876 0.611322170609634
