# command_history: dirgen -cart 0219 dir0219.txt -force  (version=3.0_RC3-1000-g3151ed7a-dirty)
0.415455110345353 -0.282851785079192 -0.864518316153825
0.786962915420139 0.332136753209778 0.519975525309319
-0.295243104222415 -0.0193109218329206 0.955226987530752
-0.0596382108725608 0.806765934191824 -0.587853732854962
-0.52095250619738 -0.463731828753951 -0.716631898039143
-0.971592909810849 -0.0669671191255405 0.226985952343563
0.702918723076997 -0.331937146500858 -0.629065179071829
0.400472553829327 0.714607554175432 -0.573548408719633
-0.199842671727026 0.395792987632826 -0.896331867947183
-0.167947634082159 0.531604492741338 0.830174834299035
-0.767640591595825 -0.525911958871825 0.366257469070613
-0.241144368907329 0.908520141747144 0.341233857323736
0.966374131714998 -0.0798102055339706 0.244440930788419
0.209026446682949 -0.977807915136878 -0.0141288953132516
-0.82350491090514 0.372176574386495 -0.428163822844774
0.371565678460354 0.603555432954371 -0.705450059140659
-0.513118077290675 -0.694119414159178 -0.504884222020099
-0.49974781613324 -0.450042417193351 0.740076984506898
0.283509743588023 -0.624778581540705 0.72751216439221
-0.703960880555903 0.657929223166279 0.267522365328162
0.393565663425056 0.168744261528897 -0.903676625112027
0.665661314739573 -0.613003074554422 0.425584591645431
0.884250043730498 0.2530802920711 0.392494873759926
-0.523623286312435 0.851869835409142 -0.0116806485850344
0.518927396971924 -0.20247637367473 0.830492429089799
-0.468593278477873 -0.00900743293532984 0.883368103067614
0.382918080208852 -0.704492348242099 -0.597548554610837
-0.774965663011654 -0.628837623360182 0.0631780389029702
-0.0669586463680662 -0.723299588477181 0.687280324893196
0.841752102557737 -0.513506969136098 0.166625299664505
0.279013182723219 -0.620775307029648 -0.73265930830701
-0.325470447459332 0.929505696430796 0.173459355854113
0.184328182412444 0.538826843832168 0.82200289143919
-0.626404650534047 0.00610478597524658 0.779474146702451
-0.856986829102076 -0.252734546159341 0.449108922114893
-0.108160825454204 0.397396546763923 0.911250361018954
0.371233503872518 -0.928539121246817 -0.000886519442918026
0.936463613901607 0.348360446496463 0.0409987701660282
0.554527880957437 0.155131398119875 -0.817577567303695
0.991845163514389 0.0302873696641563 0.123797604386926
0.346540607652387 0.740612673587168 0.575675668210826
0.0883596544453417 -0.986319049288703 0.139166463188977
0.922341286266024 -0.380906114570978 0.0647849020341735
-0.679143952341257 -0.698440195396094 -0.225709515646468
0.587465365041286 -0.463638500413872 -0.663267506976548
0.0257876002287717 0.594616980580515 -0.803595449265209
-0.0801015015268858 0.0775102591051705 -0.993768539040449
-0.52306319123 -0.815024122862261 0.249280117805033
-0.476628737680427 -0.184713775765836 -0.859479998289367
0.573183074012349 -0.799635826207983 0.179007567187621
0.213073538515631 -0.752476967116939 -0.623199872547259
-0.992110539786509 0.119009941685207 -0.0394120619177044
0.762836945160628 -0.0235478599053974 -0.646161971483835
-0.432049274486531 0.566432393660463 0.701774727264912
-0.662321420051019 0.747822842496344 -0.0457310920740943
0.0478693708608103 -0.250245336910435 -0.966998342650065
-0.0390961071633575 0.998717380058941 0.0321728017566965
-0.35952667436313 0.135068876340389 0.923307624286474
0.348114213994271 -0.80517947247134 0.480106770547891
0.440880328699398 0.865908214146681 0.236278438371377
-0.297234367700108 0.898006013178697 -0.324402421311585
0.567505630603933 0.81173312100862 0.137937302751787
0.162980070039265 0.768898696691524 0.618249376057973
-0.40688011652394 -0.901111039931309 0.149824779296952
-0.367389206175634 -0.062965844892678 -0.927933442420623
0.956369926562473 0.121046601880489 0.265902771215487
-0.734291975954744 -0.0456551000502772 -0.677296763529752
0.117201331889686 0.829768404709316 -0.545663121668892
0.840076222408611 0.413219602028325 0.351456257652685
-0.680628731831131 -0.731603655088629 -0.0387378531530314
0.184400438937531 -0.140476584441932 -0.972760405929011
0.608001128248884 -0.437545748316335 0.662486487543998
-0.528639971026367 -0.57209936641622 0.627090181695904
-0.543222076272074 0.615723570384551 0.570783900196526
0.270611228742574 0.650991186493269 0.709210855801376
0.871057556900299 0.457869641208726 0.177803611398294
0.0062518925454102 0.547121939051167 0.837029567965488
0.867039922384696 -0.049948411804191 -0.495728685017702
-0.0426173466337765 -0.960150816095297 0.276213996961471
-0.203117911233149 -0.615192684110417 0.761761823376115
-0.823348615944729 0.526371529812501 0.212202896362764
-0.0887230498168861 -0.98993913820049 0.110221246091945
0.844498693458993 0.501863005577721 -0.18696384778494
-0.86634777608628 0.381506986563038 0.322325844564079
-0.653593063965564 -0.741296245582548 0.152630216606428
-0.162076906736114 0.96876886226342 0.187664508662914
0.958035340379888 -0.23897334771277 0.158303587028669
0.345337407391927 0.883774694163196 -0.315728308855212
-0.00432559209212852 -0.979077249436565 -0.203442937672415
-0.25116808634166 -0.390879719229044 -0.88550981784444
-0.332793938297613 0.475568471672517 -0.814298976656259
0.390034184936971 -0.130010625131775 0.911575872834181
0.555033305250334 0.763889909156374 0.329257098255993
0.225874809413451 0.180871732848889 -0.957217836612272
0.48337334553613 -0.74767204250306 -0.45534242684436
-0.420427575312476 0.89142470935831 -0.169123154719642
0.910394617493875 -0.387953036291915 -0.143784846454919
0.0678448246326274 -0.286832556459817 0.955575305418309
-0.864670740591386 -0.383554533405541 0.324392401682285
-0.140773532720089 0.855207678319054 0.498801202313747
0.0873509582172794 0.669853073637216 0.737337554880597
0.611838732236463 0.298652213317585 -0.73243444840872
-0.258391512807527 0.953039315217174 -0.15795534102846
-0.821164406057878 -0.117193737151089 0.558529002108372
-0.79644464417268 0.192663194838673 0.573198763190578
-0.223199024755326 -0.95041884679425 0.216532240108854
0.93950360911461 -0.239635150931847 -0.244761032230403
-0.0711470922090359 -0.407125555127497 -0.910596987493549
0.832168994358238 -0.0257093777198285 0.553925800740548
-0.773498743469838 0.629737908060046 -0.0716230479855418
-0.710649427854048 0.477639703496655 -0.516563359457814
0.627724124605018 0.697522388798047 -0.345579137845921
0.784342744963668 -0.52109777414004 0.336546532011778
0.581274006448359 -0.296927005276287 -0.757598101215367
0.0993467555118699 -0.665729339832183 -0.739550314891333
0.512053692386074 -0.00698241562696866 0.858925061915066
-0.997730139352529 -0.0439828886069818 0.0509909260297284
0.421956859436727 0.354325118417879 0.834509508173784
-0.0549198972675433 -0.174577061369137 0.983110703088843
-0.312221348867731 -0.940869554017426 -0.131462206106029
-0.717571957220635 0.656916593860449 -0.231411051856502
0.888400355264479 -0.381712146792321 0.255030676110042
0.238721337527669 0.732951715767972 -0.637019548649637
-0.796685039710695 0.362461176231837 0.48364743690606
0.452963829494074 -0.82729496420487 0.332275204267977
-0.682004393888918 0.162973263458652 0.712958429443012
-0.290431036496768 -0.333692585090112 0.89682722510821
0.927967134297964 0.297103992512127 0.224958252340691
-0.665850696114735 -0.402393640466586 -0.62826921665443
0.223221542520874 -0.223180098508608 0.948874484104346
0.772262795452787 0.401825771048713 -0.492083554369128
0.506334623282467 -0.718480590042478 0.476876179943614
0.455448194126578 0.791619567906946 -0.407314868588982
0.137783570221555 0.989043414681703 0.052998223100022
0.492593965849514 -0.379227029636967 0.783286693874836
0.443631716239774 0.612133064381254 0.65458690166957
-0.576972313282388 -0.299862661004904 -0.759727144599052
-0.912151836335175 0.076772822335395 -0.40259776604078
-0.63466982060301 0.268890155281396 -0.724494515651078
-0.787760754470726 -0.604248937893944 -0.119650385581295
-0.637342578480484 0.0789590225935385 -0.766524566081819
0.277956480278336 0.959334523545161 -0.0491677435485688
-0.455584172033929 0.540576141555447 -0.707262679188705
0.754141135244639 -0.648982211952926 -0.100465101904162
-0.0145614702604884 -0.0917233318587451 -0.995678057394349
-0.615831533577222 -0.116580202177212 -0.779205094126218
-0.739835633707194 -0.628261173223318 0.240688872441447
0.977513816999179 0.192926896118132 0.0851231480263659
-0.868910585787818 -0.494938919661432 0.00546440392418218
0.295411687967536 0.898344155820561 0.325130300518445
0.0281490020046901 -0.774448312164714 -0.632010637150487
-0.00782694770203509 0.898799613079396 -0.43828985205911
-0.567161940076314 0.587504144538547 -0.577205521351712
0.307929766355427 -0.445750479198769 -0.840527078258851
0.29092731557896 0.825060184990449 -0.484393422946211
-0.531088543814336 0.146665127439525 0.8345263920466
-0.770846381179974 -0.56318654219248 -0.297685698875536
0.599442528338584 0.557422742461058 0.57441147395072
0.315122605468027 -0.819488875635231 -0.478681236558472
-0.686699818115072 0.498900178804601 0.528717288718143
-0.068739915368062 0.931044287379766 0.35837321185141
0.838145580519087 -0.207390210251859 0.504481205346653
-0.187402309494185 -0.100743639284744 -0.977103420084032
0.438563021561257 0.897931479272693 0.0371690012001058
0.11929516755818 0.017254415935355 -0.992708893950284
-0.859122341545806 0.51088236205648 0.0301332772270683
0.0199973562384238 -0.449344678178659 0.893134629233461
0.108471251081918 -0.687686553727037 0.717858754569278
0.462414378007979 -0.422306873876289 -0.779634431825795
0.817174572138683 0.159922174569185 0.553760432615968
0.708388798342159 0.231702703102985 0.666707707888639
-0.170696973560929 -0.906382546180395 0.386436570728864
0.131336079685406 -0.942597076414434 0.30702049721123
0.633975666391426 -0.645564969449746 -0.425817712927605
-0.698407502930382 -0.136199756715405 0.702621225213993
-0.983471164548755 0.101313472482501 0.150066814434946
0.667052748025565 0.556138263236037 -0.495732653268217
-0.746052393662312 -0.274135450784963 0.606840654977614
-0.181871558653145 0.865470113041818 -0.466780697527713
-0.940954257413411 0.0760738050683141 0.329875524460372
0.627193351376492 -0.767997021767869 -0.129649815058901
0.310259011094843 0.231513548849534 0.922030814416495
0.88186772313079 -0.219571826035015 -0.417249963585098
0.765451353325123 -0.52083708029025 -0.377906022031227
0.652736131581114 0.638194917610609 0.408219046180492
0.0420859311630569 0.860105425883724 0.508377252405648
-0.745839477201018 0.147058685802245 -0.649690093181841
-0.337167845632898 -0.475222910245593 0.812699839700353
0.153696180691623 -0.549171064370656 0.821455188125809
-0.548787315353792 -0.676516364378979 0.49107849803695
-0.410517351162632 -0.808792039995018 -0.421106804071265
-0.903105904897391 -0.086022927727056 -0.420713418427236
-0.648931187169614 -0.432820909482503 0.625743057998548
-0.10861784642632 -0.922486215470165 -0.37043399642209
-0.130161208267847 -0.257266165571432 -0.957534427534816
-0.364830566741163 0.307329865872318 -0.87888964672149
-0.565900583712631 0.768383159858694 0.29890441448609
0.24689972959568 -0.295366029366097 -0.922929808935699
-0.598884196893922 0.730584530909672 -0.327999941930203
0.233390328103675 -0.757574128547582 0.609598551920058
0.48174238133822 -0.861743436014916 -0.15913053920536
0.401151555584367 -0.68217959699488 0.611316961073505
0.738493899644286 -0.323175368663366 0.59176383910938
0.965004846303979 -0.256906706363568 -0.0525793765202428
-0.358176800658073 -0.510355335196293 -0.781822749289777
0.731261144323327 0.492694148880793 0.471709247801619
0.456497544603497 0.314424967199695 -0.832314202553609
0.932693753557089 0.230622255452441 -0.277300806644366
0.408573410844884 -0.853050685910393 -0.324610990600111
0.114445468670058 0.334613687339239 -0.935380091164083
-0.163459706899872 -0.48117713082868 0.861248798540635
0.171096925654989 0.960580890609263 0.21911228771506
0.9113136024601 -0.236398318216055 0.337080632958668
-0.973547814645845 -0.207110178037976 0.0964884798894493
-0.912766021292787 -0.0920859318607346 0.39796780212308
-0.921979363589756 -0.360306816679755 0.14189098268999
0.244535784539003 -0.0573441832286967 0.967943125772237
-0.553905679314344 -0.830612604863472 0.0571943971489543
0.233513126354315 0.844971987119059 0.481138193042605
