# command_history: dirgen -cart 0197 dir0197.txt -force  (version=3.0_RC3-1000-g3151ed7a-dirty)
0.725530941090072 -0.072107510002684 0.684401461513758
0.239531375767403 -0.881107016273319 -0.407768495468819
-0.134110213679806 -0.0369610357187887 -0.990276896845196
0.35895281079289 -0.613753572215851 -0.703178094237986
-0.474445137064633 0.875312802753522 0.0934307725082887
0.280406213075806 0.934354333822881 -0.219896190360103
0.357403999417037 -0.397249915638318 0.845254331977102
-0.528215261204809 0.765276011008129 -0.367887570877056
-0.0727330407198397 -0.83548958468221 -0.544671514470139
0.833082850510158 -0.545928812092205 0.0890769123480596
0.200149775856385 -0.97618723146365 0.083657374761423
0.410575947676614 0.405230484088969 -0.816832691531424
-0.287764532020484 -0.797335626624477 0.530516232198775
-0.988446894069366 0.0946089585164832 0.118414030304897
0.882065350225543 -0.161567519333622 -0.442556950716934
0.710225550916792 -0.583895936050686 -0.393249542515224
0.879301943262742 0.0213188275237962 -0.475787347632718
0.219946341077123 0.439887878004185 -0.870702165973969
0.301552386804129 -0.0761113347682422 0.950406872203968
0.192673468712878 -0.948061865501234 -0.253092144557013
0.0187910707235188 -0.970428623547006 -0.240655733905775
-0.984349973652304 -0.086021780273908 0.153803064628814
-0.369498231095269 -0.928310166989933 0.0413677541158582
0.687126526283184 -0.684150144186966 -0.244531627989017
0.0280937773801284 0.457856301596185 -0.888582211593941
0.16414305032475 -0.435940253067858 0.884880305343733
-0.29518202042236 0.951095937465373 0.0910169904810983
0.26431548365456 -0.556513470850112 0.78767384231217
0.742124425605137 0.110538049510879 0.661084470041897
-0.718369301298945 0.692642518403889 -0.0647447963189553
-0.667074952607584 -0.598162935356494 -0.444085701604199
-0.636943379650695 0.765763636180613 0.0889335967033656
-0.755946790409954 0.606300766004138 -0.246868044128201
-0.9415106100102 0.20316511751748 0.268852573471651
0.463668363753042 -0.012007152945372 0.885927466970476
0.951496415743441 -0.0266624529783603 -0.306502340005035
-0.372796749693507 0.891675804369289 0.256781703632362
-0.881467398399046 -0.332486045370154 0.335362870923024
-0.561121173219958 0.824916261860886 -0.0682362798056842
0.308305838339718 0.108087574580239 0.945126756719439
-0.612517480873091 0.564821032952966 0.552991443296212
-0.538725895728255 0.802587125166073 0.256180240825571
-0.253411420116078 0.272761468123176 -0.92810766275365
-0.135774417611604 -0.549398899452392 -0.824455066575935
0.110101511827396 -0.990984841666178 -0.0763328283321254
-0.442474506728229 0.732552275327996 -0.517284713487057
0.526572150244524 0.718429839510798 0.454511095890241
-0.982501003937831 0.171938785349365 -0.0716158596523131
-0.869122235481757 0.433757465463763 -0.237657318308623
0.925534239466437 0.0459018670846012 0.37587150753074
-0.791001089588437 0.0947324023746913 0.604436140721438
-0.469363796916333 -0.171914828634396 -0.866107913507255
-0.0838701827833126 -0.992977595660995 -0.0834343271993176
-0.463169481003668 -0.349802736104912 -0.814316939330326
-0.860926165213174 0.314642666313815 -0.399757589779446
0.0742524968522565 -0.590374197514294 0.803706957553908
-0.0957489404282674 0.963136229719994 -0.251397580353549
-0.315561350819606 -0.278689026931421 0.907057583694069
0.772422878749154 0.087553036746211 -0.629044801378555
0.20755501641049 -0.0334068471298488 -0.977652749051361
-0.210496694706542 0.382564386985055 0.899630830579061
-0.706837073029977 -0.707271666849958 0.0121713377118944
0.547619332157622 0.836278804069794 -0.0274012574681464
-0.914747308889344 -0.222192625135415 -0.337443029584455
0.282508831286469 -0.928592253136798 0.240634967657402
0.0383004458878575 -0.288567591945448 -0.956693169581343
0.422314966158326 -0.203691162074917 0.883266652744946
-0.880597769238275 0.468888233053419 0.0684937494711499
0.31016726892912 0.562409093915842 -0.766480447477829
0.46404391507249 0.74192666209994 -0.483950486051452
0.450976343585903 -0.509148718842352 0.733067472765693
-0.674673582159312 0.517930947934313 -0.525892660823657
-0.72363527392228 -0.267757186503212 0.636127408159176
0.207454180177763 -0.545842008305081 -0.811800015457162
0.104910177260113 0.824494540572559 -0.556059895400932
0.334515522406097 0.898949519596005 0.282823489985339
0.573369487794143 -0.70704014070071 -0.413934378742093
-0.448250379245252 -0.884782321344664 -0.127404243816428
0.558324086355002 0.576908309270596 0.596197129555648
-0.787289701477169 -0.372231517243233 0.491547173238532
-0.974868367202349 -0.114734882777537 -0.190964848341914
0.646200112286354 0.441074397456449 -0.622799157666045
-0.307604907714706 -0.286858840544832 -0.90724375244534
-0.612826053253985 -0.778599441531245 -0.135007918658046
0.612459899714338 0.232203697373722 0.755628423345679
0.947282095659558 0.27145920951304 -0.170195560498478
0.445928740322861 0.519816188648085 0.7286553976836
0.185747147474436 0.980138795004854 -0.0694689839535823
0.409752775480399 0.687119742648947 0.599974267988349
-0.999265472563963 -0.0102441279661934 -0.0369265918239322
0.671179400083096 -0.21894180831286 -0.70822503307691
0.379501778189766 -0.279743845018453 -0.881885356225568
0.264363988359502 -0.791626450212299 0.550853197306625
0.201786016787495 0.144933924012103 -0.968646767970394
0.535138342550888 -0.604912697560826 0.589667349156771
0.121133675183627 0.592380179620983 -0.79650006624527
0.583039827716837 -0.13727640464445 0.800761979631784
0.958248798286574 -0.27454835018089 -0.0798901996197787
0.875237997534192 0.451626430156579 -0.173182029253509
0.293441215929125 0.62049938439609 0.727236389874785
-0.0806957978259556 0.822576561871536 -0.562899625220017
0.0374931731549102 -0.459483876425983 -0.887394404575174
0.781710937216411 -0.27281772280364 -0.560801659020796
-0.670169825904596 0.0367904287598936 0.741295399148455
-0.732431133434778 -0.288438136837942 -0.616723662585524
0.799412506060272 0.503145318029401 -0.328305397609496
0.907847279466585 -0.135384385763529 0.396843023444476
-0.0243743932655302 0.913908457802034 0.405187881989139
0.811617359835879 -0.521218655346604 -0.263833990478321
0.900211845304857 -0.375504402973075 -0.220488269349319
-0.572774023075308 -0.334263947033078 0.748463447473551
0.132636944873738 -0.141444551625191 0.981020325819047
0.816345931252187 0.361359601705972 0.450553613660905
0.854591862608641 -0.344253582523329 -0.388795858109299
-0.863346099133842 -0.4867731172484 -0.132986636300999
-0.501798089867759 -0.813293814387298 -0.294536667470158
0.19058425744347 0.885581210920625 0.423584182517573
0.0942457739596726 0.96508570313817 -0.244391734084945
-0.873584634345457 -0.393714985987522 -0.286074110056049
0.84722036024838 0.20091317432805 -0.491784055823318
0.212221499910663 -0.210428474288024 -0.954296543106221
0.301124483956961 0.458309913739675 0.836227282579076
-0.305999164753138 0.768517391228185 0.561912386898712
-0.482065024602775 -0.213057724103671 0.849835112392098
-0.527444751782139 -0.0222550306141752 0.849297796670779
-0.462099981974486 0.858240168761054 -0.223354917976252
0.129855295881311 -0.83339845835539 -0.537200718300374
0.756326602161361 -0.356396942390342 0.548590275449597
-0.356575497588206 0.84883584479745 -0.39029683973448
0.653039479730435 0.697943610143144 0.293962846247204
-0.529039016071168 0.339541956965904 0.77770751503005
-0.371319084121377 0.451354344625412 0.811419369595665
0.0354320189069715 -0.613805454819649 -0.788661800564614
-0.648216619873745 0.644963186924796 -0.404768700903698
-0.663067554798927 -0.658346775512063 0.356259653828272
0.612737582685842 0.0500405594076246 0.78870057510977
-0.783119865902425 0.486954506124681 -0.386779762389188
0.0549810715985049 -0.295957376154243 0.953617487919436
-0.207265486023106 -0.706930632127335 0.676232282328826
0.637594302235313 0.149889285788269 -0.755649857912345
0.493304144466956 0.518951001284139 -0.698098044201468
-0.0378039601251098 0.105868618186955 0.993661258317966
0.00703081532302943 -0.996217412736902 0.0866108203152866
0.700883103418034 0.532027975090756 -0.475088527607156
-0.632364559473188 -0.754930297015876 0.173767979126771
0.466929711824023 -0.678056814737274 -0.567640379293331
0.369260583988234 0.0830597698525082 -0.925606663623765
-0.355210485242234 0.657892779071795 -0.664080268054372
-0.928381093114544 0.36273976815578 -0.080798555344359
0.779142100443899 -0.619331961284063 -0.0967755601787213
0.459706218081559 0.867616225169215 -0.189505353170493
-0.757020626139195 -0.6351052849211 -0.153496086807157
-0.842038704395448 0.00366110239520116 -0.539404687251869
0.136885435484442 0.214054244841017 0.967183104596941
-0.366868114479114 -0.856263621209893 0.363621228163401
-0.971866471885719 0.0659652886212219 -0.226106482705657
-0.154116493231655 -0.951637842131792 -0.265769682124814
0.0181728833607668 0.719961937397726 -0.693775579714989
0.751606946434278 -0.44328471260822 -0.488452312554243
0.607428452373994 -0.428129777081997 0.669130457550883
-0.268188609646064 -0.956871967776625 -0.111673214959543
-0.654362701572568 0.395316353195526 0.644619605416125
0.981378681783742 0.192080518971649 0.000978351667936375
-0.0358819645626457 -0.0895585705682882 0.9953349923804
-0.596803833916788 -0.408249961492916 -0.690765627954414
-0.843503864156599 -0.179254669693044 -0.506328939076293
0.522737713751548 -0.322936157981679 0.788959771147957
0.680074513318106 -0.253276498419545 0.688004121850644
0.379356014370172 -0.100966873498375 -0.919725342054432
0.135678904307689 0.386154758649933 0.912401083568995
-0.119068439712594 -0.297739502983869 0.947192638816058
-0.384324928035602 0.920612656104764 -0.0690411986437212
0.189157495312675 0.898615490154348 -0.39586568785599
0.247864410021988 0.774255687660741 0.582315519602083
0.509031630085498 -0.509954243471646 -0.693421566680589
0.0321709961273833 -0.748093757743193 -0.662812761369182
0.17138750055387 -0.703042643750246 0.690186471703526
0.535416521705777 -0.161525326292535 -0.828998623189796
0.389571323882466 0.665528508447333 -0.636636464595244
0.633191431048866 -0.741956166628127 0.220385250070836
0.826043761000801 0.562923721079978 -0.0277234405715414
0.779059269423639 0.537565946346131 0.322629056431832
-0.704296388379747 -0.458329925305709 -0.542125702106539
0.943908603006699 0.294062706321081 0.150212096453858
-0.368658267359588 -0.815299614979757 -0.446517211002316
-0.133403210920061 -0.697904044346793 -0.703657251934923
-0.812551779452993 0.183883300873117 -0.553124341687999
0.924189997254186 0.381734592296825 -0.0123105653519474
0.759567922345198 0.621808596521686 -0.190815724288987
0.538137600555472 0.776088857059942 -0.328776533249854
0.564671991620329 0.616331991563076 -0.548890169392223
0.931700935478081 0.154234061869974 -0.328854406977248
0.00578394255581376 0.911559027472868 -0.411128550992545
-0.177905099907932 0.894837859235443 -0.409408086272949
0.417319574497333 -0.80715272510944 -0.417551016152243
0.199231125636647 -0.694459431304148 -0.691399346868562
0.937491642730721 -0.25214020143629 0.239864000278743
