# command_history: dirgen -cart 0145 dir0145.txt -force  (version=3.0_RC3-1000-g3151ed7a-dirty)
-0.881421654155969 0.0771986900006482 -0.465978786906807
0.571351123025227 -0.506938641223683 0.645423200893877
-0.716411009516534 -0.692447323173672 0.0852758469504518
0.898682946327504 -0.438575026904768 -0.00457249992878161
-0.0542676293940865 0.738300600443126 0.672285094126938
-0.662322229862131 0.695966391846554 -0.277416735707389
0.0295915102865247 -0.644158669568962 0.764319272907669
0.793344202661643 0.370809456359476 0.482809820920775
-0.948462849756322 -0.0627537530795344 -0.310612602942233
0.54803805271598 0.328574179781314 0.769216030225783
-0.461842665754034 0.0268890833136104 -0.886554188579447
0.183412068562106 0.576711690333438 -0.796092732876339
-0.639876293403838 -0.100590355022829 0.761866070655562
0.748485829085094 0.239317914205895 -0.618462528855985
-0.894499324744921 -0.42509786080482 -0.138429645560648
-0.0320660873153828 -0.954125325224384 0.297685454481312
-0.691322893355954 0.128645082703949 0.711001476663759
-0.316275001877741 0.354695593791014 -0.879864284382811
-0.0856018541655608 0.0759177810285481 -0.993432842766495
-0.861271301640081 0.296943353330949 -0.412354689416493
0.835972548107839 -0.161922541555669 -0.524338620879903
0.00747269936436635 -0.361384199364268 -0.932387054400723
-0.853514919118434 -0.516716024745782 0.0672073851088471
0.441001311446876 0.838272727650455 -0.320650397441827
0.968262797848552 0.205333898974896 0.142496120067393
-0.118926080047635 0.00277921310744955 0.992899221199718
-0.970372905860136 0.235220460471904 -0.055206508202756
-0.21126917866968 0.429712948499238 0.877902110736915
-0.734627840832796 0.415861407377852 -0.536079495342861
-0.657928499102947 -0.600983607655276 0.45381581439808
-0.769076155174797 -0.0125319528905203 -0.639034285229127
0.900372976267355 0.294608927794562 0.320209436574258
0.949170406816226 -0.164041035517057 0.268637446181302
-0.803243468053916 0.578423736302667 -0.142217834009594
0.410384476576229 0.294045257502879 -0.863204476312143
0.618198729526042 -0.322555850147218 0.716790104806276
-0.287895578080741 -0.927084103854247 -0.240064992246526
0.543961236690555 0.831672684062248 -0.111475197074404
-0.13785206571357 0.898277447692521 -0.417246252164729
0.471444411941963 0.0957756776964396 -0.876679637045646
0.0966263147649392 0.989756241986189 -0.105099651494773
0.236120111345147 -0.61775804416981 -0.750081523490511
-0.726875320889611 -0.225397630087461 -0.64872812196835
0.633427312241327 -0.76211251582123 -0.133993855588097
0.446013759959738 0.891734555421282 0.0766890382922189
0.658437713733079 0.692224873829828 0.295439505119466
-0.0414236764421177 0.565021928867228 0.82403537480449
0.408050103746202 -0.498614829701236 0.764773407248658
-0.599099410712037 0.627135820706495 0.497775610562913
0.901221926252903 0.355474017989946 -0.247865411413312
0.319692449325496 -0.944043139090943 0.0811128188363887
0.624136584344324 0.775186757269286 0.097667883346214
0.0755341533485808 0.98585948180887 0.149585005282814
0.799901882479263 0.511638566565613 0.313660573883325
-0.632006741135886 0.616148580801678 -0.470030217682731
-0.156256650107876 -0.483293073957106 -0.861400989064998
-0.264632133322696 0.955715178173972 0.128756872519378
0.314388478864958 0.845001218411369 0.432588517231189
0.727746708437536 -0.618780201946273 -0.295796872934217
0.797060578867626 0.430511305941031 -0.423502596299188
-0.769605748137801 0.206851628457823 -0.604085586848091
0.128503846692297 0.818300499240716 0.560241960520343
0.26872916055698 0.150229210791009 -0.95142830654309
0.526437865358704 -0.10565654432205 -0.843623060708095
-0.993569335547945 0.0217433604315602 -0.111117963156096
0.480512148195769 -0.24445688497786 0.84222853598249
-0.444266518149902 0.669181952470765 -0.595670022192135
-0.253966746975514 -0.0672172765424082 -0.964874462904318
0.854049350765679 -0.466779399879792 -0.229601172263086
0.247303226146354 0.968353609032678 0.0336511843921287
0.10668921252437 0.924740643080046 0.365338411567732
-0.25613589178717 0.665304873120231 -0.701258747354259
-0.208929223629707 -0.281009128747654 -0.93668695361576
0.0428590475246278 0.148667309822328 0.987958062386999
-0.664883941889082 -0.576350830150585 -0.475130576160668
-0.503172393727489 0.843104150817668 -0.189718035686036
-0.261328727638667 0.889659448895356 0.37445074589586
0.637175970343218 -0.104063142383339 0.763660687225998
-0.990792352935081 -0.122684422553121 0.0572629533657892
0.216752790092021 0.379810402893155 -0.899312118144453
-0.0902715383786099 0.995803403470276 0.0150542683573115
-0.785316851887958 0.614626941617973 0.0742372196281883
-0.504593130307548 -0.720061207234756 -0.476337727544288
0.184989726119883 -0.514397383322925 0.83736141137541
-0.566517000124671 0.755165956195457 0.329822478271484
-0.387236148689593 -0.486773383565626 0.783006920914575
0.676215279629972 0.431285401382175 -0.597265266150289
0.50268725002555 0.568633360918718 0.651123359673137
-0.327209452060683 -0.570830890460971 -0.753051172881155
-0.778501528169219 -0.616375705232473 -0.1183907117867
0.782422005440738 0.566073828767517 -0.259569308252301
0.375517488148702 -0.275430670587294 -0.884943253431724
-0.563099532413646 0.306077588760157 0.767616718326472
0.347725358924718 0.927108716263446 -0.139844567248862
0.328087143457603 -0.0672207683093912 -0.942252723320939
-0.42443458716513 0.874678111562357 0.23408007683627
-0.663092578988444 0.74496302555878 -0.073063823064241
-0.577057312487843 -0.321931345420204 0.750576489733222
0.486235079823103 0.720217988448627 -0.494834817150566
0.424026264748019 -0.638976188201449 -0.641803052123773
-0.417082373698304 0.777169355289549 0.471221908180229
0.866778865870713 0.235909942314307 -0.439364196080132
-0.943667902951249 0.119413450728467 0.308595717281872
0.29869282801223 -0.80234197923829 0.516749400431235
-0.786973340304301 0.510469885333708 -0.346545029999974
-0.241507192479125 0.774023104095816 0.585288399258629
-0.944424215255812 0.286304966204861 0.161531321931314
0.990861470609095 -0.0778669406928277 -0.110137575829147
-0.0180380059460961 -0.45667501939321 0.889450705212886
0.900877403224737 -0.380243333362726 0.209367886248721
-0.328072854588659 -0.724572717446567 -0.60610442929758
0.859617699981579 0.150347059776975 0.488316671325892
-0.787148148474507 -0.0349291600148755 0.615774103169182
-0.624051948153582 -0.726824080098811 0.28685522933047
-0.130543504072783 -0.743729368682651 0.65561041762872
-0.0766744872656768 -0.867866791209556 0.49084443127958
-0.289533073372206 -0.817347890740405 0.498109450749386
0.750938928499095 -0.475089846794398 -0.458672391950406
-0.488720145193763 0.775227165219821 -0.400219267386052
0.944569447543442 0.324420693812937 -0.0503961525655421
-0.335742538891855 -0.672276290685874 0.659789009123442
0.0709873129781936 -0.872819431038159 -0.482853023391549
0.868489809184132 -0.3146244460402 -0.383062539668405
-0.418566076539458 -0.185684101198299 -0.889001605247451
0.144547769432995 -0.971063450108294 0.190109753078909
0.650076776966848 0.429151081930426 0.627080164673019
-0.957475625156286 -0.131835755599398 0.256631566213348
-0.137126870845164 -0.670780556049477 -0.728868758363375
-0.122385893639334 0.300261786727007 -0.945972807468379
0.37065607972748 0.394840451280095 0.840663481182564
0.898733611574631 0.0318141180997491 -0.437339407457818
-0.606825393312505 -0.111751613544843 -0.786939971599644
0.484808842849701 -0.87419549620041 -0.0272510608536975
-0.290467813190717 0.14583341570563 -0.945706648154612
0.727620776518288 -0.322298697893493 -0.605550621265541
0.523017448120519 0.557146177825601 -0.645012314220298
-0.233671279153143 -0.920668370100122 0.31267792630136
0.0956915276362496 -0.959311629797445 -0.265639470851022
-0.58845497821941 0.482759426700451 0.648586212111116
0.0943483839222639 -0.786620081634604 0.610186225361099
0.40631311060804 -0.47026438480079 -0.783429042438403
0.171267422470599 -0.221213414377329 -0.960068797170183
-0.0734140599504719 -0.229803622871581 0.970464152205884
0.48639431583573 0.826239722488521 0.284162788740511
0.325429197953629 -0.895240472125417 0.304368747061714
