# command_history: dirgen -cart 0270 dir0270.txt -force  (version=3.0_RC3-1000-g3151ed7a-dirty)
-0.552519159189352 -0.259914496796529 0.791938781146433
-0.818206922001314 0.0770641513545508 -0.569735508253733
0.929244839224945 -0.171172153031199 0.327420406817397
-0.263135046370656 0.887012974093998 0.379431062461197
-0.12935195753761 -0.966026301086357 -0.223743729947007
-0.491294383858906 -0.866458184371825 0.0887696069822212
-0.718123160550613 -0.507942604532895 -0.475703097300341
-0.162139284243494 -0.912889899811909 0.374623655588393
0.0452020803718351 -0.707923364043316 0.704841317298903
-0.526767771027046 0.808377662546327 0.262757055287456
-0.381036684969871 0.702962790267258 0.600545052603751
-0.657875839473494 -0.146503466539423 0.738739544175738
0.929401215931091 -0.292982455790648 0.224443000391394
-0.714405885209123 0.103766419616446 -0.691994769733525
0.349411239631184 -0.0504502555052683 -0.935610259316801
0.573661326182329 0.756943320594483 -0.312968835908831
0.274438785951253 0.238492778096531 -0.931560275860559
-0.883269955761653 0.310833285602973 0.351022583048539
-0.5224715510547 0.313401478254865 0.79297099049471
0.383133711082852 -0.337488247840248 -0.85983151954415
0.492720941392146 -0.0355496296160468 -0.869460923646255
-0.350233817847823 0.462720962348297 -0.814386630439869
-0.299250235480438 0.202908201066676 0.932350555587751
0.931563867513457 0.318577127601908 -0.175206662294242
0.651596532630668 -0.280952179521496 -0.704618926431736
-0.0145087814409056 -0.899825964237589 0.436007717070458
-0.769730794596039 -0.345370359063441 -0.536874118328441
0.426145601482879 0.236753525676438 0.873125245549899
-0.820463859658438 -0.571668504587206 0.00584601209435259
0.67347275898854 0.296852582722585 -0.676988173479636
0.614177784842772 -0.776153996947776 0.142725686642653
0.667267032925219 0.439087368780983 0.601628614136801
-0.732762902429813 0.498214679416732 0.463509074384008
0.887619749007761 0.453329319797425 0.0813861719421928
-0.734283800302298 0.66535759446446 -0.134634958692315
0.0639244005339641 0.541008102390893 0.838584464537579
0.122923443058017 -0.489107780216038 -0.863518040621562
0.770986003946442 0.19650429814205 0.605777717096294
-0.102267686008926 -0.739581061506569 0.66525271428172
-0.91592138751004 -0.116044947070487 -0.384215541280009
0.0325669041823979 -0.0983705861186422 -0.994616822971867
-0.156763298447111 -0.363397560707891 0.918350413040435
-0.394383216268538 0.79051733972982 0.468555454895333
0.167693172997407 0.305122359884755 0.93743231501182
0.755373350702672 0.353841634533784 -0.551549815264839
0.203511719102023 0.597926694885097 0.775284881660879
-0.588385864248147 0.494989174898232 -0.639365147225378
0.0287750741378829 0.876660075431733 0.48024900546736
-0.490183489505102 -0.5299798974796 0.691983709984646
-0.245143441081619 -0.0320059961661879 -0.968958363142644
0.189687285515444 -0.980186875676841 0.0570300137178327
-0.807701956308101 -0.566344246568506 -0.163926032572067
0.169247884557348 -0.772955130424374 0.611469966493451
0.426708018836703 0.816111388817395 -0.38972101265264
0.531152874703575 0.713815333983934 -0.456447469774489
0.902927612531634 0.283962568039538 0.322625148555276
0.0198357125839208 0.249140908638073 0.968264092151146
-0.437366028488735 -0.399734667120725 0.805557665860039
-0.764674191551588 0.242986035033743 0.596851043019535
0.299247839306711 -0.929101014556838 -0.217306317026724
-0.4797023848179 0.475391791960363 -0.737487807449543
-0.630441265351153 0.000100029329393575 -0.776236948963762
-0.833697298698712 0.539797852507654 -0.116477863006652
0.46361065579804 0.542611314765796 0.70045565235684
0.354711557810428 -0.0785097427618912 0.931673725639594
-0.451697056115427 -0.666238607062198 -0.593376683023929
0.00223791576073704 0.944933851679561 0.327253735934485
0.0602375207028458 -0.608210152542478 -0.791487113883624
-0.301038364346915 -0.388013935092131 0.871103374672406
-0.705677797863882 0.125612051080274 0.697309442231631
-0.219627725406054 0.948922313214394 -0.226517340874396
-0.0164170333745517 0.9855245613255 0.168735947679683
-0.893839974160157 0.0406143419802934 0.44654291598779
0.84204609489125 0.242270785331915 -0.48193696751033
0.369128526191355 0.929368279629911 0.00432804453973868
0.527937320149503 -0.745946052674976 -0.406013143250293
-0.313537784972543 -0.897656015914146 0.30968973907389
0.68296704359891 -0.730440409770171 -0.00358121942222193
0.86216772727425 -0.442823077273423 0.246118939297347
-0.940382914582906 0.265358958360976 0.212754781798524
0.445458019563711 -0.882184196497198 -0.152702967413769
0.150649995940496 0.911500339313395 0.382716226667612
0.528601612151001 0.11433058438551 -0.8411354546715
-0.96537589909375 0.24903961025737 -0.0776443556982195
0.700144480082437 0.670961487336109 -0.244148294120215
0.802107433292951 -0.355087561571662 -0.480142155067939
-0.512595820038687 -0.829330566340487 -0.222387807696899
-0.58418773342542 0.158916331296485 -0.795908469462749
0.223873455899723 0.973115119326536 -0.0541076730382694
-0.786996426166103 0.359543601250651 -0.50136316578055
0.0749729548758094 0.990821966809732 -0.112476158026865
0.0770803767890009 0.617897591707529 -0.78247120181902
0.563578729131232 0.399909822248735 -0.722807823795378
-0.100002489886253 0.432662388161711 -0.895992611513485
-0.201704982310705 -0.726627962472993 -0.656754828123391
-0.943882163228746 -0.330270550928846 0.00279734298590026
-0.988348085024657 -0.0296987880412631 -0.149285112509502
-0.558374099966934 0.7203750352098 -0.411434287745438
0.3944177275999 0.0806280095781543 0.915387229660976
0.853396184505339 0.23586240582615 0.46484823092019
0.823418059289595 0.395393479026176 -0.406997169989343
0.535059753801582 0.121422865845312 0.836042790478874
0.620549484287036 -0.535539808110957 -0.572813627176914
0.250836189695073 -0.374763565548208 0.892543262748003
-0.295172721002453 -0.852023561835543 -0.432352766676799
0.976290622801246 0.197969753059098 -0.0875476824597572
-0.38470587491927 -0.753261672107464 0.533477500122046
0.744199311312442 0.0318506026158111 -0.667197814860853
-0.732438405398015 -0.676684797846407 -0.0750444312496333
0.815720273836653 -0.549394286662043 -0.181014785680508
0.605274224661634 0.779305687464928 -0.162252144654777
-0.787408685398384 0.616062842084522 0.0213104847887075
-0.445248774006225 0.724057781778105 -0.526776857779956
-0.871599087113583 0.488522006800713 0.0407588053575242
-0.0737884651985024 0.982647666672417 -0.170172928478369
0.661517327879474 0.637427403041378 -0.395071045214812
0.607980897203077 0.583587189345051 -0.538317026545218
-0.198821198619727 -0.510840452664083 0.836368437293858
0.681148348147142 -0.377801851488774 0.627138492542177
-0.238491762328355 0.35315952081776 0.90465464800513
0.483859263158924 0.644152778139264 -0.592408146357536
0.0895344759651272 -0.357275384663625 -0.929697734280937
-0.644728014641273 0.706058518511079 0.292928584427439
-0.144742072182026 0.274747251832784 -0.95055966680203
-0.331889417423771 -0.640596688527631 -0.692448768682234
-0.789913743638504 0.475896808050586 -0.386727947914639
-0.20908529818012 0.609512063637542 0.764708037335319
0.780121494483516 0.536621501749641 0.321633048216076
0.00786349342351534 0.32435926805265 -0.945901279573893
0.0824765020028011 0.0532610127755486 -0.995168775201224
-0.977016927082096 0.200913134389156 0.0712168282429382
0.839389555988499 0.0758343440776993 -0.53821401464077
0.0717631454951955 0.677416452045186 0.732090842346186
0.671961270762137 0.627278734706345 0.393686981726523
0.75135209315549 0.0464462404171084 0.658264976177512
-0.888368506479988 0.413111761498692 0.200349866997617
-0.444777837463871 0.1869491058781 0.875912499689519
-0.581635139896604 0.61743911175904 -0.529593719097637
0.93416374722643 0.31610440921356 0.165578065708053
0.355941724960513 0.648700196681633 -0.672676403077546
0.0833510894920907 -0.012936710527559 0.996436268609893
-0.436092302662953 0.461110328425346 0.772787660730678
0.491344888196233 -0.567695161501499 -0.660531910244478
0.823576002737976 -0.455561041288124 -0.337915234007907
0.725074445583275 0.683140903166124 -0.0870950904671367
0.246181129544125 0.754776833106519 -0.608035182914667
-0.696774947679107 0.497759425488362 -0.516468998705899
0.464124665127098 0.85225340639284 -0.24135539462059
-0.975458764588013 0.129428184853956 -0.178125078396719
0.977632856693076 0.193192275999792 0.0831308727739342
0.498944328054498 -0.0332185768647264 0.865997161458009
-0.556192570354566 -0.274484941214046 -0.784415605230482
0.997954188020235 0.0639050073115789 -0.00189437413946436
0.765627774564345 0.189183516525721 -0.614836326098752
-0.858403301668878 0.200165195849276 0.472310984473779
-0.479009719385257 0.86559598861014 -0.145922147861423
-0.77103038102498 0.231139602345667 -0.593368886750865
0.219028183743136 0.640880145689189 -0.735730449001254
0.557639624788912 -0.830081336340104 -0.00173894367616321
0.952345908370971 0.00747599906475186 -0.304928483823754
0.293466296366755 -0.809817274266318 0.508009365264708
-0.458136270020125 0.191002761079163 -0.86811813905262
0.326573776879361 0.759291148203076 0.562873449822608
-0.517131398303839 0.66517931857965 0.538620080411257
-0.661754065837088 0.251660071218596 -0.706221470151067
0.770421612357001 -0.579785243273834 0.265140737901854
-0.389041786052551 -0.102408951283118 0.915510183123122
-0.195453407722928 -0.956591295933549 0.216173675440995
0.955568127021371 -0.0105836159729563 0.2945802805583
-0.0495633869603505 -0.478969727811501 0.876431098554356
0.988286195468351 0.0387298177525301 -0.147615707374075
0.422340952150098 -0.332208583139954 0.843365624996118
0.346177892957603 0.527336026276332 -0.775936583632014
0.138206136282926 -0.865845322933924 0.480843987845533
-0.118891743056534 0.896468326789434 0.426859804264037
0.887588598342889 0.451728674404142 -0.0901536733182951
-0.123350527777285 -0.20876226644791 0.97015615413427
-0.417829666518388 -0.253144553957336 0.872545818039875
0.77355258261641 0.543490273868688 -0.325936687314607
-0.0446294624829998 -0.959895417540686 0.276783305968533
0.627727082554146 0.762986488992052 0.154305954012288
0.574638411257361 0.746849525502364 0.334673695656694
0.655911428140628 -0.701995196285918 0.277458001913833
0.320869398873541 -0.710008172089788 0.626842264395318
-0.245782728901508 -0.962945169779983 -0.111029051023265
0.276367743163422 0.843267758560005 -0.460999303591601
-0.160612518833767 0.980360579476467 0.114441045968829
-0.869706142036253 0.330267523588334 -0.366789570963034
0.64145381955785 -0.629123805306829 -0.439021907165121
0.253254080796953 -0.814129945005589 -0.522546460331411
-0.340795593178234 0.592814643421497 -0.729677437101723
0.868095028512228 0.43162549812908 0.245174327443101
0.93496946191103 -0.349875688237137 -0.0584731397685146
0.237282951248656 -0.721125307849675 -0.650903288842083
-0.14983065934946 0.950473505546777 0.272306608022148
0.523584508912783 -0.803519421164622 0.283223942910608
-0.0667180494060684 0.580253601543775 -0.811698503003996
0.286038834046116 -0.482853825690581 -0.827667788689103
0.0333106075233231 -0.166105237503062 0.985545256951947
-0.20127224160282 -0.457572572096337 -0.866092850695189
0.860401256603276 -0.205034400368742 0.466551789516378
-0.810699950946281 0.0852941388691818 0.579215417103397
0.89988980084458 0.282558729250753 -0.33220311687295
-0.258248152882011 0.890355969820736 -0.374932178583816
0.91110798180254 -0.400621020813788 0.0968764325200931
0.410670366240664 0.85064919868374 0.328246540073874
-0.336849615365366 -0.506070538694577 -0.793993039323133
-0.744084595866453 0.587987970597972 0.317188052464677
0.673197250142853 0.299202618083467 0.67622722196914
0.346075527867047 0.925408263723788 -0.154438578222121
0.957752380395458 0.159663375809836 0.239202809916275
0.996313770612132 -0.083992556089084 0.0174390656360121
0.197664255738168 -0.123665719367284 0.972437983553115
-0.101792487214992 -0.9932753197942 -0.0551582145678794
-0.329489726530633 0.937089801378887 -0.115322262648835
-0.443069010166449 -0.392469685772184 -0.80601327407184
-0.308444392123976 0.232521096789213 -0.922386034432012
-0.197156373606958 0.0660106959325805 0.978147203834193
0.726563828705913 0.499140409655341 -0.472190485149059
0.506934495030576 0.859448047592135 0.0660792799458559
-0.846789122302747 -0.0791920738733417 -0.526000758350578
-0.907797118761217 -0.126102680014344 0.400003131565282
-0.0172133668408933 0.815081837740434 -0.579090060169986
0.145785556597778 -0.213779210574815 -0.965942555545352
-0.898704350879803 0.0470076109965407 -0.436028409874987
-0.428395686610043 0.903587022428866 0.00276199059465755
-0.721874587011938 0.673484990982927 0.159107031733582
0.282402218613635 0.193204593199288 0.939638745523403
0.576088454527353 -0.43036030847042 -0.694918770399484
-0.684544064565972 0.608275111065211 -0.401747200271642
0.823718362564635 0.400602409605799 0.401255241201736
0.660658929864954 0.152510519960104 0.735030829075347
0.103530195662871 -0.936787065596061 0.334232691874881
-0.131857905692294 -0.838790023835546 0.528246901193378
-0.0478525781947663 -0.786382594758101 -0.615883548588229
0.69904888998541 -0.395278530327851 -0.595890537659411
0.626851892825518 -0.00641353094735961 -0.779112040134057
-0.209543685737802 0.528741498566267 -0.822510712064783
-0.582155944311644 0.160671822650369 0.797043927214069
0.31287961231649 0.349799006114579 0.883032843963312
-0.930059477397566 0.153438194568024 0.3338354219532
0.955347886082011 0.163681778305655 -0.246005471502834
0.13262588313764 0.141896770691764 0.980956513607617
0.240544319942279 0.0859494580218517 -0.966825279359853
-0.0444952942207113 0.999008716024616 -0.00132442404842593
0.805891909439273 0.567281012035186 -0.169500689333874
0.977358915463399 -0.103527252582667 -0.184530914312193
0.624540709879958 0.780965459986152 -0.00646931304359844
-0.0861990102138075 0.721488233354633 0.687040362547187
0.562978435549219 0.671787634848817 0.481411107859785
0.176214056748153 0.828965571941474 0.530815115402815
0.399355348888101 -0.858139773538469 -0.322663035357025
0.583582348601867 0.562722162042711 0.58547024753296
-0.373881446398213 0.888622324505253 -0.265637023831507
0.104960848519205 -0.818229125064421 -0.565229439408847
-0.645380752086083 -0.457893376995014 0.611406035414195
0.466325892208655 -0.611470082108341 0.639253080510544
0.193624909108637 -0.659955656843744 0.725925564760338
-0.703919907278147 -0.66658003096166 -0.245291309386774
0.604786067593506 -0.784344555210362 -0.13797619779021
-0.561098332806944 -0.423932624515187 -0.710949921438166
-0.863739886019649 -0.434748445257821 0.254847402664164
-0.299699066727092 0.952033272615442 0.0617504432052261
-0.0489659463270788 -0.411008135550514 -0.910315686238342
-0.271880491966264 -0.921261201220303 -0.278134494829941
-0.413910982996248 0.816734287565161 -0.402023384482183
-0.353227519591559 0.597837979359269 0.719597158025809
-0.447421429521273 -0.770884583700635 -0.453377351681621
-0.383764063498358 -0.9084513754282 -0.165653982897606
-0.553682255467411 0.339696805022001 -0.760290760589898
