# command_history: dirgen -cart 0081 dir0081.txt -force  (version=3.0_RC3-1000-g3151ed7a-dirty)
0.332895309893011 -0.77944505119735 -0.530703424536904
0.68526670221693 -0.711758578154401 -0.154302538074911
-0.415673280591251 -0.500665783650734 0.759308565001017
-0.455833156375633 0.0920402957463517 0.885293577016998
-0.0231231208099051 0.38959296942799 0.920696822768653
0.0610040719069388 -0.805555163108053 -0.589372023768291
0.737362405288153 0.675470833969228 0.00598629472925101
-0.42947657744937 -0.130311417032906 -0.893626769973489
-0.432502901814409 -0.788395353073589 -0.437463149504145
-0.450817458374078 0.564593637343393 0.691373736770854
0.308242184040131 0.73507617915161 -0.603862374073795
-0.872755331583372 -0.474902679558492 0.112984849165554
-0.520282388155357 -0.851758739378474 0.0617518134774304
-0.00351306102393535 0.11850516651921 -0.992947221110214
0.904500601869999 0.28151805392971 0.320353315151315
0.354533171532856 0.918930185947684 0.172839647179139
0.143189907789675 0.91320022451041 0.381525884130188
-0.861504369660093 0.505911783540605 0.0431681402347958
-0.937806916239907 0.265020609427672 0.224237071937672
0.760586059506164 0.342457447915697 0.551572064604394
-0.514160462975264 -0.212573492548155 0.830934130108363
0.513586791113001 -0.857464331088454 0.0313612644081919
-0.21927001656518 -0.761151492140964 -0.610384359110791
-0.595197341169154 0.283837614701202 0.751782105098214
0.819883783963015 0.523438935842753 0.231953144488911
0.430906559719413 -0.866020544321874 -0.253629559797798
-0.687884568292408 -0.0932272452987958 -0.719807961500264
0.188103561611685 -0.621541743136192 0.760462301266949
0.686317943030096 -0.459764887225952 -0.563545853989758
0.571268934228557 0.620052017405967 -0.53776137876958
0.0599077365844243 0.990305740522605 0.125321998808293
0.602401311182169 -0.37938767635526 0.702266082988322
0.259168448048273 0.959494713888297 -0.110460896052247
0.810193131921701 -0.487394203034037 -0.325628591858455
0.965759216715062 -0.249167947423294 0.072280490498975
-0.354644817401349 0.394266740944662 -0.847809406927783
-0.279488158255942 0.130573132347471 -0.951229218697403
0.347121486319998 -0.90578683233726 0.24301623011525
0.928698906251621 -0.0289159150342706 -0.36970557391629
0.29801411261263 -0.792195902992377 0.532553509016512
-0.325167592567282 0.367497084186828 0.871327682251734
-0.0319292090499717 0.989877866120244 -0.138283533996916
0.936801904325606 0.235363715741201 -0.258855390835139
-0.215858581661725 -0.36325231602121 0.906340348670529
-0.0767348106651533 0.38951568924503 -0.91781768160357
0.436575832042427 0.588367771636227 0.680606279853693
0.86857894501417 0.0550683686111768 0.492481564179387
0.154114364586228 -0.93108588311765 -0.330647608319203
0.541505597691102 -0.131031698562291 0.830423013675009
-0.705411814644897 0.691917686729961 -0.15376633750484
0.179378489566124 -0.611608642047208 -0.770557088380962
-0.147733231319883 -0.146725691387474 -0.978083055701638
0.685513861370217 0.674001207867341 -0.275305498787549
0.609084499573224 0.758209800567839 0.232667081261002
0.897744560168242 -0.231237716116075 0.374945093758742
0.976320616875811 0.00869180077937527 0.216153893470481
-0.0109697498390765 -0.787884473306392 0.615725361919725
-0.469575638720321 0.609599351276699 -0.638660590958476
0.278203349990526 0.107383682022485 -0.954500728595501
0.693374480802122 0.00137476528146354 -0.720576116307506
-0.815924815629615 0.207549586019053 0.539620111358999
-0.8242814316946 -0.164408881087166 0.541783943268132
0.796883808865542 0.443209734981364 -0.410537849638369
0.154416429602768 -0.148474835016746 -0.976785948729548
0.767507578943603 -0.185490641677362 0.613616605148727
-0.84949354209884 0.469369656601379 -0.240941585024815
0.996906505557024 0.00299846889642618 -0.0785393427675659
-0.719276654267976 0.506153113873107 -0.47586775467731
-0.654997635108373 -0.585504874391582 -0.477663207779433
0.554917180201527 -0.740637772641465 0.378843784235502
-0.290157273568978 -0.390575710820161 -0.873647166030053
-0.586092047994409 0.689442588189624 0.42563485391602
-0.0996847475381137 0.916777663999383 -0.386757890546654
0.184574263060549 0.903937474590784 -0.385784115077449
0.11335101981301 0.597454811941008 0.793850926809238
-0.116106508042061 -0.598044694908123 0.793008084247903
0.449180122532455 0.824262162815475 -0.344715976526305
-0.961538860388471 -0.270254576623686 -0.0490457314839241
0.661326873638556 0.363205337248365 -0.656299207067748
0.560240982122968 0.354070486950643 0.748841860622406
-0.246082773108615 0.968139772712117 0.0463535249156335
