# command_history: dirgen -cart 0016 dir0016.txt -force  (version=3.0_RC3-1000-g3151ed7a-dirty)
-0.727680878811277 0.0437775316026318 0.684517396666607
-0.302814258725419 0.507777706632219 0.806514305737908
-0.30916479936579 -0.773525746706472 -0.553240495639379
-0.0132572538387372 -0.727695166310946 0.685772549864997
0.794055510395534 0.249914934593609 0.554092385688127
0.790130665148891 -0.541974154011258 -0.286282287917278
-0.731254814776199 -0.677311133118424 -0.0807218980231714
-0.267547120948278 0.91211916708038 0.310575535283902
-0.200072256444704 -0.971963516892186 0.123523333956378
-0.888414596878572 0.336149861537437 -0.312606421305524
0.481755383966597 -0.339442395403828 0.807892697220186
-0.984641911066242 -0.124743415782806 0.122144943369164
-0.479329697993516 0.828856762170004 -0.288512579321078
-0.196147414243348 -0.18007443077837 0.963898019121056
0.273329875111582 0.254626779785089 0.927607666197171
-0.617540076447763 -0.570993979518023 0.540934496344117
