# command_history: dirgen -cart 0039 dir0039.txt -force  (version=3.0_RC3-1000-g3151ed7a-dirty)
0.938956386148548 0.0739027751102655 0.336004887973166
-0.871811001255696 -0.166821667245748 0.46056064685
-0.0927438461072735 0.908896756401154 0.406577502098545
0.382346491311049 -0.320400267495253 -0.866691888257355
0.76340848971531 0.396008171625073 0.510279340985656
0.495775143113356 0.734928530453505 -0.46269543178681
0.0766713780886052 -0.283806673961472 0.955811315897087
-0.479596253537171 0.813878201919445 0.32800869810644
-0.26339486175123 -0.942621790897722 -0.205151909881001
0.790941882933614 -0.582262727920835 -0.188098520716185
-0.852539307381638 -0.50628462655581 -0.129817588494321
-0.200645085324611 0.622831817673311 -0.756189180449469
-0.489762816847341 0.313881024813354 -0.81339479067417
-0.689590565569359 -0.0522944995374936 -0.722308893200031
0.80190487715552 0.528322215533602 -0.278969899035464
-0.0532721359475901 -0.468335368363496 -0.881943344139186
-0.906518753231048 0.224393031325194 0.357591271612042
-0.969825956788898 0.23680886083753 -0.0579584072187058
0.260625284719332 -0.673542917813518 -0.691675067375007
-0.586073925466308 -0.809239207540296 0.0406110682950698
-0.546870461417979 0.645551276432738 -0.533100598315693
0.687547862420655 -0.0840580904508171 -0.721257356503593
-0.152274104047009 0.98825603718969 0.0127515565642615
0.617733919695784 0.395854996345282 -0.679487767605687
-0.243519708218942 -0.519596066468987 0.818973796539863
0.239819703543903 -0.891450974773662 0.384449826852871
-0.0630909259056672 0.0955454895043197 0.99342367321488
0.385581406641845 0.137623380960988 -0.912352335375409
0.808902155039192 -0.283742963181956 0.514943913856329
0.794949473398643 -0.564581638354968 0.222042582347714
-0.214461145516049 -0.753221388831802 -0.621823090975427
-0.984468413100342 -0.160821348809657 0.0704161726788508
-0.563945526726406 -0.728312373674722 -0.389264086755468
0.455616803036832 0.445756292247357 0.770528816276449
0.530972710350265 -0.84276868445143 0.0883681241811785
0.338702978990889 0.0780011715571415 0.937654578860686
-0.207181065572545 -0.956956576907863 0.203248901549335
0.112369320152004 0.813248032316088 -0.570964774589982
0.645483899454625 -0.496599817275661 -0.580292303090979
