# command_history: dirgen -cart 0015 dir0015.txt -force  (version=3.0_RC3-1000-g3151ed7a-dirty)
-0.288446024920522 0.00102985008684508 0.95749560318382
0.779261634897578 -0.18623059328735 0.598389062818327
-0.34075847982805 0.858291758867554 -0.383691171497751
0.662182099117574 0.548278601620857 0.510789039245089
-0.208344785369669 -0.971523790359226 -0.112844916479696
-0.0270963856520022 0.669168054326189 0.742616927462538
-0.211505741373482 0.45393723135332 -0.865567046136425
0.70546126048895 -0.389936873517214 -0.591839205038803
-0.292597707998097 -0.747210266316699 0.596710481879771
0.34238321130362 0.186086690505728 0.920948141989573
-0.726315816521323 -0.679136196219572 0.106015855679118
-0.995601168477361 -0.0915951864357214 -0.0197138313962271
0.397685855111332 -0.876269793026063 -0.272024282876417
-0.75958915977049 -0.249913741269779 0.600472672387099
0.844979132416411 -0.531331755767631 0.0608015714738955
