# command_history: dirgen -cart 0096 dir0096.txt -force  (version=3.0_RC3-1000-g3151ed7a-dirty)
0.312946163728954 -0.32899695077926 -0.89096896970954
0.370889680787501 -0.877055118973268 0.305311583416242
0.362344821420768 -0.911042162986158 -0.196744523814652
-0.135338689344952 0.985714583176734 0.100250684182746
-0.0405761074092975 0.763264544649663 -0.644810681043864
0.331260327331754 0.927164286198194 0.175022804041797
0.91053715441716 -0.413423043244085 0.00186487015635035
0.790675302084997 0.316227852951166 0.524244705925291
0.69102561297205 -0.633193492363339 -0.34863964697854
0.668853482556788 -0.363379754507526 0.648529238265868
0.784732658896969 -0.590540183251196 0.18830014876823
-0.237003681356525 0.087192907063092 0.967588059032015
0.546282812990634 -0.40881429220041 -0.73105811172828
-0.971971211079739 -0.210650617828904 -0.104394837230998
-0.94443112547032 -0.274625377802991 0.180639838101755
-0.745366434761921 0.503032247691038 -0.437478497429536
0.0777414594237017 -0.697527251245624 -0.712328575347358
-0.837548992939485 0.228189584270129 -0.49642844203035
-0.945306621418311 -0.0393648676263179 0.323799009725881
-0.742743816374627 -0.645113350730541 -0.179333175811025
0.453444510677141 0.274834100096712 0.847852754410103
0.540457784805589 0.772756310041424 0.332795835512104
0.111633651058113 0.957244532797743 -0.266872314750454
-0.385810971195034 0.920828783909991 -0.056782437675673
0.51538981894307 -0.175618379325295 -0.838767857856384
0.863689614503657 0.426359019628992 0.268808921316851
0.12435017377453 0.572999396453607 0.81006711200125
0.856928282587019 -0.436964999029427 -0.273377958375717
-0.000680272701211612 -0.319031236575359 0.947743956624493
0.981935892405703 -0.169283307849004 0.0845284856667571
-0.591360138162785 0.792695437004945 0.148078125135451
0.321557647194068 -0.569008618735448 -0.756855251244115
0.247914782381715 -0.634571641059713 0.732022604186107
0.479841325005076 0.303009376943342 -0.823369674145083
-0.381009225848596 -0.520325705767512 -0.764259857467206
0.734464352834221 -0.432514024812319 -0.522966282619117
0.960190138493932 -0.207929863621599 -0.186547768020169
-0.247841249336691 0.15848232555204 -0.955750002675828
0.829046894708661 0.0416887368027124 -0.557622897304013
0.227938878738255 0.670217952839042 -0.706294388517841
-0.874535817174646 0.207779902980918 0.43819472429037
-0.724258999680978 0.200662838955633 0.659684262691915
-0.0808429800582201 -0.95767140287709 -0.276278657675061
-0.250285794567244 -0.450084943341039 0.857193423222284
0.438903953670205 0.716821445509049 -0.541784398733463
-0.140721480090089 0.975667311777357 -0.168139114338102
0.5891231757002 -0.72754107032644 0.351593337310549
-0.692368462471383 -0.286127192312865 0.662387456096633
-0.610081190218816 0.784964393933304 -0.107851015749108
-0.468240936774785 0.789097204006015 0.397587761076925
0.480074049850065 -0.236915647494385 0.844630027072726
-0.240065456668325 -0.100604215018998 -0.965529579264685
0.890125076757917 0.455692713034364 0.00463670293347594
-0.231048710292447 0.410017120110483 -0.882327861221951
-0.173770862950932 0.910346391862719 0.375597036745255
-0.482441660347646 -0.0177102398646594 -0.875749046111352
-0.530245047264982 0.617480074985161 0.580997888849243
0.777981164097134 -0.623247335390904 -0.0794233418977491
0.454080073783497 -0.473639121378233 0.754637177253301
0.534787219375194 -0.622593683399514 0.571296538921753
0.478677469814444 0.525508426003193 -0.703355368282413
-0.437153545423398 -0.0628917467259365 0.897185268446554
-0.363197936743634 -0.864952307665086 0.346330426341681
0.851887105760317 0.283588549488729 -0.440302048187593
0.655989023595967 0.0487461362133113 -0.753194672794413
0.202546747936743 0.351469086293827 0.914026419902637
-0.634923494240346 -0.680514118829451 0.365749491503959
0.27905291914693 -0.769940728277338 -0.573864742997285
-0.99753032361036 -0.0337778140804889 0.0615817566634409
0.107259975739852 -0.8998496817667 0.422807104751866
-0.33465930116528 -0.938288298379696 0.087282422441753
0.00521477206258173 0.563028082816028 -0.826421311506936
-0.699700294034425 -0.564563690603553 -0.437821125324297
0.553138381662433 0.815122399839412 -0.172085455550152
-0.0958382931698207 0.462109090008711 0.881629293123599
-0.00364230015289906 0.047128169843376 -0.998882209901052
-0.822088018477334 -0.495453802112429 0.280529534716663
0.684888535996141 -0.107654933707853 0.720651169782871
0.950730721515017 -0.0654994764050352 0.303019659029246
-0.298106194270054 -0.856056651349046 -0.422255499216864
-0.0200346365573336 0.225739745778605 0.97398161199985
0.89630075035711 -0.35186721325914 0.269878545168986
-0.833462595882483 -0.0331538053050092 -0.551580389842343
-0.231825687302155 -0.73265511879718 -0.639901029540642
0.483711871882481 0.668825015628507 0.564531596520047
-0.226459277418116 -0.200321814227655 0.953198492663415
0.921401648209658 0.177711439593877 0.345597521568077
-0.32382371142644 0.780381576997783 -0.534923170371652
0.607487691947016 0.432456452732703 0.666288316438713
-0.164125763088012 -0.843828739740675 0.510897046261223
-0.561554378942696 -0.823346165512494 -0.0822056641975223
0.0280050184012795 0.851109055194274 0.524241447341447
-0.683476185911383 -0.500432630057849 0.531439070887165
-0.669072337389033 -0.16602448070556 -0.724415681185344
-0.100282712614356 -0.994955051940019 -0.00279681421282352
-0.747420565893533 -0.658702707906578 0.0864479049829037
