# command_history: dirgen -cart 0208 dir0208.txt -force  (version=3.0_RC3-1000-g3151ed7a-dirty)
-0.898349078554292 -0.324606012961921 -0.295972751126888
-0.694703152883491 0.431969562444112 -0.575143309528659
-0.3691112778861 -0.901289664019585 0.22679022480864
0.917914340080438 0.379894598916459 0.114513571199217
-0.574376516631398 0.697663799674351 -0.42820186800892
0.557306339227886 -0.0582245248726525 -0.828262970897387
-0.0891487500486395 0.519956877985425 -0.849527719030059
0.0846580705030664 0.474638548694611 -0.87610002807429
0.951837746906248 -0.174641041163396 0.252002798210264
-0.643103247370264 -0.0799671061164592 -0.76159272262882
0.944353952905616 -0.173856638334498 -0.279230157645204
-0.108611298949747 0.965683036335557 0.235923417816436
0.557910779967624 -0.828965344488213 -0.0393956753141113
-0.785504694320641 0.275100044783467 -0.55434857315625
0.314934121220305 0.0755195898785808 -0.946104270593768
0.0815981987460379 -0.925078957637807 0.370905184780625
-0.741730846080092 -0.670383374458347 0.0205300565793253
0.448151826406313 0.891942812325039 -0.0599829978442779
0.8672220633926 -0.195402566578976 -0.457977870359945
-0.542999531887671 0.763117280838135 0.350433337535088
-0.663312181904231 0.375004521121703 0.647602160647824
0.173418603041566 0.712076834942392 0.680347388660776
-0.401294811541754 0.419796221949297 -0.81408452034587
-0.912772481824732 0.407428124402598 0.0291327971417332
-0.277288515505042 -0.879568206848487 0.386614599660109
-0.202274692632475 0.0584968675320518 0.97758020909252
-0.373684577294747 0.855665662553902 0.358044844423486
-0.648593778523523 -0.585923330031055 0.485818856968211
-0.581797793612328 0.571755683010662 -0.578452043209148
-0.730826786078213 -0.374661724913271 -0.570544302079691
-0.390086566428069 0.919062171634176 0.0561889256298078
-0.0235124546375263 0.00703266906199561 0.99969880766298
-0.553043240492364 -0.409342842170405 0.725659432316263
0.255566281709315 0.421096766058662 -0.870266274922918
-0.28694543725196 -0.0998841104625519 -0.952725291213258
0.261145868235375 0.574653059785198 0.775613754637643
-0.357593640261779 -0.928152930669949 -0.103242073463842
-0.415996118385019 -0.340415749183417 0.843246314665229
0.97317117662538 -0.223289428376119 -0.0554949741962264
0.64753790899121 0.754487607094477 0.106972459820938
0.0592264789896705 0.624847906631518 -0.778496832212371
0.643289755648983 0.281142940932802 0.71213547660591
-0.0172547307536304 0.918745068453888 0.39447404662193
0.0975587446782063 -0.61657256492031 -0.781230160403708
0.451585437101392 -0.690232875447593 0.565375247644688
0.679336394821522 -0.677529900895783 0.28187815818727
-0.657368051100571 0.29018084260289 -0.695458355315768
-0.46955739484802 0.224991906297903 0.853753181571803
-0.226465824389138 0.393568879932471 -0.890963953890643
-0.278259297710706 0.805137656532496 0.523760553374255
0.762175046732278 0.114978794615968 -0.637078546905567
-0.934089866419872 -0.294209413647515 0.202279367145764
-0.775151028977147 -0.452796036899389 0.440586689816973
0.101759781914981 -0.991816206489882 0.077107453132855
0.381449323529433 0.239134248802464 0.892922854802485
-0.854469025024901 0.479725153658795 0.199365147957313
0.86939705317435 -0.476696816814892 0.130034259986765
0.0963739421971359 -0.838779375306494 -0.535874260275516
0.862008392772144 0.0866142562820365 0.499439186887749
0.764211677206795 -0.632176437094923 0.127802444431811
-0.533805114727347 -0.561624829742806 0.632162676933151
-0.54601097308158 -0.241183310392704 0.802310805151297
-0.965444180700013 -0.26038606044867 0.0107996979819547
-0.306501272680792 0.787246725939147 -0.535069679895197
-0.31732116022578 0.0770263176770906 -0.945184758477449
-0.753901970543933 -0.633202119629625 -0.175176752186257
-0.335083735423289 -0.855571983508216 -0.394607996992702
0.123924882441701 0.305849263459131 -0.943980323710891
0.685898693294903 -0.510150440713982 -0.518931122959178
-0.964010670779744 -0.205480410255782 -0.168704557211426
0.472592882397099 -0.857501684472834 -0.203339196009656
0.968322372339046 -0.00762527233984847 -0.249586935654544
0.534943779079025 0.193718037061757 0.822379763455784
0.810661853516115 0.56699500885146 -0.146095924622657
-0.928145462444137 -0.147398652219977 -0.341788879087798
-0.611585288646716 0.0896512497038395 -0.786082748912259
-0.053198451321164 0.355260087491272 -0.933252481921545
0.822952376953726 -0.567054337777063 -0.0346231609537435
0.602345226272192 0.711953623285429 -0.36097405263793
-0.191178216091943 0.953366993521574 -0.233542855500951
-0.194171647604626 -0.954714279119352 0.225428517521897
0.536655943552051 -0.800495743755359 0.266846327461731
0.443593452075952 0.810417346127189 -0.382685999706684
-0.103093888449669 -0.919422452363176 0.3795181211152
0.610825219497742 0.741942368753789 0.276430954622582
-0.0123593099832752 0.996265889612216 0.0854489593378232
0.630938564475624 -0.766591393257973 0.119390802159288
-0.761332741266154 -0.19869996416032 -0.617163496424449
0.798063203733764 0.440292188131967 0.411385356953994
-0.806362392087756 0.409365283703353 -0.426848634910533
-0.507455297060195 -0.853339677401343 -0.119584766831404
0.0375728472898398 0.320005064544093 0.946670502240703
-0.85408220468212 -0.445441178091078 0.268562366138968
-0.99623607287423 -0.0763040186197654 -0.0411264373196472
-0.520016401195709 -0.614215891161229 -0.593566998351897
-0.59266707929298 -0.456462607002439 -0.663617074472068
0.468861830472246 0.108605159976516 -0.876569166211481
0.628686832200179 -0.752833845184498 -0.194920672487111
-0.925216574224439 0.0425590362060906 -0.377045115626236
-0.14840720506204 0.788095673151429 -0.597394770186071
-0.150109189490137 0.0362467511243647 -0.988004759231221
-0.0810834648243078 -0.602720445210433 -0.79382210643029
0.883368938373456 -0.23334908998645 0.406457280559039
0.903371396414193 0.42169032589522 -0.0780857809530929
0.568703725176079 -0.641942980621256 -0.514281326320477
0.43893286246435 0.753731376459319 0.489108325823219
-0.599367122231123 -0.798383758608293 0.057813724831373
-0.295630650648499 0.951015295852739 -0.0904014681920176
-0.40675589493165 0.50318505002546 0.762466030305107
0.871057185751671 -0.342737493504407 -0.35183858471847
0.700784273029126 -0.564054801954363 0.436742009734883
-0.759083765032002 0.214805222129771 0.614532793437926
0.669015442114065 0.538149844954446 0.512652984569901
0.68308136594305 0.704062191931376 -0.194155291955084
-0.430708319809607 -0.528554886459944 -0.731519019059724
0.147661133139761 0.129436920350475 -0.980531627949893
-0.784201426604907 0.50174346426472 0.365077551457859
-0.843722197927891 -0.534589958729246 -0.0484399499338397
0.67444157616952 -0.642194329714161 -0.364300704387121
-0.705835564544551 0.707480792652493 0.0355961213038196
-0.350775101410633 0.36168728458848 0.863793457023941
-0.626165145416532 0.217518659474313 0.748734160731291
-0.263233143774916 0.544397539115533 -0.796454412646026
-0.844480253759019 -0.268051395992842 -0.463682596306343
-0.287601102070262 0.677245312632791 -0.677218127788147
0.281624355896891 -0.213200284763431 -0.93553907494153
0.524743920219107 -0.275720647181951 0.805370686647242
-0.909901969292851 0.0266387278289062 0.413967129681391
-0.783584482691667 0.359449444967587 0.506745947193785
-0.272858862253344 -0.929050176837827 -0.249827560944373
-0.582871497138864 -0.687164020061289 -0.433666262644798
-0.192625143434783 0.73276488005337 0.652649358137354
0.154147826884333 -0.338341238814167 -0.928312260817734
-0.821785159632314 0.0449741108552365 0.568019789057454
-0.199203997165629 0.901560396963576 0.384065903381327
-0.843692938916637 0.0977728532973492 -0.527847225985231
0.152216266029729 0.453623117605595 0.878098101313143
-0.797517776303514 0.531239190785152 -0.285920126353211
-0.786689477409622 -0.291420823724865 0.544236685305664
0.275054849135803 -0.613607095708557 -0.740156174103135
-0.0769068791200556 0.184290897216124 0.979858253599616
0.762443202402834 0.0290875478632772 0.646401019235747
0.177949324243306 0.979587384324982 0.0935018420818026
-0.233259404537786 -0.577562095316965 0.78231200696893
0.862021638553792 0.133862890569983 -0.488875670486152
-0.259416229293544 -0.796849000089934 -0.545650887504814
-0.355443888190949 -0.676501118220825 -0.644985177654242
-0.497852543015831 -0.696420087277424 0.516857724571447
0.994230406634095 -0.0585762156735241 -0.0898594763036787
-0.240123887352974 0.880028584975305 -0.409744076648898
0.161115718333051 0.901268183310624 0.402190734674473
-0.525717286118944 0.372005340976293 0.765005464922208
-0.934441965663151 -0.151415663130602 0.322322059074938
-0.0227525153841492 0.179589400149015 -0.983478505305434
0.374366014220822 0.651185299260293 -0.660157400491503
-0.0822032481786988 -0.96585854947238 -0.245682495102889
0.678070632353234 0.270389889839797 -0.683454113318889
-0.219002216893677 0.48259265194206 0.848022618381836
-0.160070174293736 -0.830506276920809 0.533513695509974
-0.292608463795227 0.931325061421048 0.21682692841176
-0.976119228667409 -0.0209748792357826 -0.216220502882558
-0.0206086191600629 0.858117307057983 -0.513039932309241
0.554826636565253 -0.438246559561173 0.707182689543858
0.0326580170467368 -0.474775617036431 -0.879500748942405
-0.00792044392468882 0.736071231904001 0.676857745860504
-0.399735974613018 -0.505946594943247 0.764348869081072
0.00716664200599864 0.974901283054202 -0.222522195615692
0.531420840749463 0.817152692302665 -0.223278676724044
0.891573638425946 -0.36130323359424 0.273050216367368
-0.093130682501488 -0.993427330044054 0.066549349345793
-0.404823509504686 0.658271755955203 0.634662289303502
0.202918212455626 -0.976689498745709 -0.0700130137450805
-0.117171343476777 0.664017607168264 -0.738479176171123
-0.705544956618754 0.0605129212087539 0.706076837572671
0.8392850471683 0.488425456483514 0.238832960578258
-0.722025827331105 -0.598304305732943 -0.347434400150957
0.0823908302472443 0.831257524480715 0.549747832269817
-0.634881624837365 -0.0929859691829601 0.766993436724835
-0.429764373175423 0.566938823924415 -0.702768065208101
0.278300112722706 0.958337967648519 -0.0643225234411287
0.754030676582609 -0.624795043719514 -0.202654612866088
0.464207095338327 0.836985810727525 0.289769779787922
0.982246952778039 0.131627360211944 -0.133660621732405
-0.357955589464591 0.262575150916498 -0.896059197872683
-0.107665956338105 -0.143934209146937 -0.983712857130091
0.462723540846168 0.0510038769110177 0.885034196676507
0.398109359508618 -0.0748169118224997 -0.914281886278506
-0.929081200579135 0.3185182129037 0.188027313917599
0.362796271254885 -0.894396422370525 0.261598748495397
-0.427248516673036 0.807708128569522 -0.406283502056644
-0.741618853726531 -0.588448960879789 0.322070328091308
-0.204280269038766 -0.71459348480961 0.669048371307417
0.490896007700067 0.36723795856674 0.790036322843367
0.729783566880739 -0.137730546809743 0.669661289000876
0.468640505181296 -0.876229354775633 0.112241680016374
0.871037473141124 0.30469380941134 -0.385299108343546
-0.332806063668355 -0.777074148474365 0.534224570530423
-0.675949213150442 -0.437435072150647 0.593079437254283
0.471621760295217 -0.119943981298582 0.873605378054809
-0.43654738178211 0.752131966413355 0.493683996660175
0.214826486663005 0.283649943215967 0.934554594628697
0.3007614706284 0.243593434361643 -0.922065494702704
0.547142493404244 -0.526318254889223 -0.65086418435934
-0.028149449274601 -0.753877197206916 0.656412050496471
-0.326327338849894 -0.414744556718448 -0.849410042671715
0.193032464953692 -0.220596499145663 0.956073036979173
-0.948202617981857 0.296711747143185 -0.113463361309243
0.990046615209735 -0.108643961210248 0.0894661355167039
