# command_history: dirgen -cart 0216 dir0216.txt -force  (version=3.0_RC3-1000-g3151ed7a-dirty)
-0.101633868831197 0.988471636267144 0.112224689804689
0.914057857575608 -0.0474292127945254 -0.402801070974224
-0.652372117073133 -0.221276525859013 0.72487745169048
0.378003653953459 -0.543643379843799 -0.749376482917529
0.627948921485412 -0.448251087557363 -0.63620053010741
0.490810619197592 0.162122969849357 0.856049694077453
-0.715469144570234 0.572632809531113 -0.400244386114836
0.989450452518586 -0.120318775180678 0.0806919720281225
0.861705099341377 0.379226187187473 -0.337122857012572
0.903285233893888 -0.358499503822999 0.235698731409244
0.0663173100699538 0.643192814478022 0.762826990731795
-0.950791608863885 0.298800340705422 -0.0819370057321434
-0.17687992529781 -0.308852457271829 0.934517871238316
-0.961018442733775 -0.170522520960207 -0.217636445870003
0.609875730796411 -0.554598618237726 0.566102433870717
-0.730870749507052 0.653746067824969 0.196071482675047
0.608358147165166 -0.112862006373163 0.785596927371276
-0.148660022099023 -0.347937935071827 -0.925656194905793
-0.915731956851598 0.0626644423871466 -0.396872965646503
0.139664579639535 0.982724668956764 -0.121433233580973
-0.470212802458615 0.64517378779809 -0.602204868746742
0.10475637348754 0.159007507595958 -0.981703985293867
-0.589784490930875 -0.659075686467905 -0.466662076629619
0.71131955361475 -0.201693641850569 0.673308374730604
-0.178828072087206 0.191460897097148 -0.965071627142943
0.402935837035777 0.911703755322649 0.0802432163042945
0.0501372656331992 0.429251374982927 -0.901792388341182
-0.269768539836763 -0.78258436100558 -0.561058511051948
-0.965428229355003 0.124633841983255 0.228942655258813
0.373003712960976 -0.69029079891546 -0.619973259947542
-0.656580915301813 -0.612830866494003 0.439704253713382
0.00820206755879097 -0.923877516742117 -0.3826003922452
0.328630855671034 -0.21100317411232 -0.9205864550467
0.332729181744976 -0.106098718807017 0.937034873141245
-0.428757651941333 0.767233166463242 -0.476990717080051
-0.0775682899180377 0.532657888669541 -0.84276849373793
-0.347604598014071 -0.0778483841586255 -0.934403912943095
0.423637909869306 0.898876102255064 -0.112038717041523
-0.887919098601242 0.236741848710434 -0.394402042855161
-0.829447530667173 -0.228112744910263 -0.509883682303753
-0.302803433639727 0.0395746247370257 0.952231027457578
0.42903642307509 0.109538521485155 -0.896620912083685
-0.615945344407522 0.275763880864917 0.73794689152609
0.0470502699762478 0.781603155245226 -0.621999019135778
-0.87355673037592 0.47657713325775 -0.0988578518417091
-0.0448554117811566 0.432092230254817 0.900713215506113
-0.0903969281298568 -0.99457897854856 -0.0513911550170616
-0.731126345524382 0.13012524371682 0.669717617976263
-0.24528699629508 -0.447436559299145 0.860020240954293
-0.923833343836756 0.320590292611571 0.209174131045464
-0.790473447329324 -0.398984985454631 -0.464717882643936
0.0792734139554415 -0.724337592245281 -0.684872819069467
0.178688053158599 0.689093614095624 -0.702296640082395
0.735247158954474 -0.462891846140426 -0.495118929173671
0.0554313344424585 -0.842478675046721 -0.535870366090018
0.385638090197968 -0.859833369771534 0.33461894688704
0.43044485956421 0.496973288100685 0.753481767389989
0.228657010556074 -0.973093284602397 0.0283801160194663
0.68040414785021 -0.68033856309093 0.27237774351
-0.66595378018196 -0.741957983139418 0.0774849270312923
0.973870108304211 0.223567651278756 0.0399314093571194
-0.379019309507816 -0.644891228821815 -0.663671353916159
0.624817013638452 0.512318405059068 -0.589180406416964
-0.0234471267074845 -0.102712497607581 -0.994434701267195
0.830366484446124 -0.406645412814649 0.38096064067747
0.598262294835417 -0.778603791612134 -0.189363043557787
-0.35377268294023 0.808784685722107 0.46980019257836
-0.659133143550503 0.374572994932727 -0.652103190101352
-0.71619079614428 -0.32848646903021 -0.615765688539307
0.504308028406227 -0.417872620075078 -0.755682397490251
-0.814556250714201 0.578697138222486 0.0400965913205611
-0.627363429408684 0.596163779558295 0.501002869635838
-0.19511195333481 -0.00473618402591986 -0.980769541853104
-0.88797120666779 -0.12202604388421 0.44341490811983
0.149048476642902 -0.949775614903977 -0.275156015642402
-0.275171163495778 -0.961111293502824 0.0233647658175453
0.0400845855421264 0.974669038101272 0.220030661882971
0.42440930311522 -0.391828555613686 0.816300879844525
0.228200333185921 0.961642014419609 0.152214467238929
0.178445558536744 0.181882428337779 0.966993260007774
-0.301116360200509 -0.409657305208235 -0.86110965034026
-0.482758328852204 0.80911990112654 0.335066234534019
0.234251062606525 -0.646826398964459 -0.725769969942532
0.131708186417171 0.86848043035979 0.477906576343927
-0.482374584205667 -0.795536355017651 -0.366656062758601
0.524841751238948 -0.479776298864203 0.703104429800155
0.0472246636437607 -0.926503028111189 0.373312161661699
0.922383170791523 0.340652970554687 0.182112162945927
0.221467137938772 -0.905894065434335 0.360982338936494
0.971229161248851 -0.00652931696649991 0.238057313182782
0.271408271101804 0.135687594376787 -0.952851734064524
0.13833166233296 -0.749542148999776 0.647341423106074
0.229088463460087 0.792750470355734 -0.564858537742203
-0.649053147962881 -0.750613080182438 -0.123733645297092
0.517010241865638 0.833205378302821 0.196135686128983
0.265025942927079 -0.821255674128256 0.505272567321596
-0.767866473921734 -0.621409342208414 0.155664728320545
-0.220104967937326 0.778420104335277 0.587891098976644
0.213761566926538 0.689391759228769 0.692130764243704
0.499571983415454 -0.712768383542816 -0.49233023958326
0.808496223970191 -0.531240628606496 0.253213843112336
-0.778077375990436 -0.178427369347975 0.602295003166554
-0.962749212538478 -0.0513027596213304 0.265484426307416
-0.707335144413533 -0.0428053482021945 0.705581104936049
0.927180923725988 0.218424408605349 -0.304345711985609
-0.532283852948072 -0.580371560461375 -0.616313841884461
0.623624767603863 -0.699412439565928 -0.349162410077982
0.568145245519551 -0.292626690660923 0.769142769520956
0.475246476667858 0.550782563457338 -0.686133627077226
0.729225317429479 -0.301182801218613 -0.614426038404937
-0.131872551333304 0.010222644528998 0.991213966681099
0.631458788253984 -0.764970090254605 0.126809146959797
-0.17049416781319 0.964085857480081 -0.203642328970636
-0.759104270695531 -0.649359955355282 -0.0457422626549175
-0.853899153953331 -0.501533459345212 -0.138997928168048
-0.822897303077027 0.315630964120802 0.472458594034153
-0.331930592096771 -0.249434684561878 -0.909727662637453
-0.0455246652609776 0.0763269004904613 -0.996043025734529
0.191891960892536 -0.880799112866497 -0.432863024660699
-0.0514610678923241 0.997267201828333 -0.0530083639520003
-0.539472270205797 0.784939823630008 -0.304695163989675
-0.995871834613977 0.0336059341432514 0.0843204021156821
-0.00563165739944067 0.273220000858502 0.961935089060492
0.834744585705201 0.45793679553119 0.305770122697555
-0.458468083388423 0.203217062606718 -0.865164632876104
-0.774069151952039 -0.546416399768621 0.319759387759218
-0.916936062651498 -0.113770517101849 -0.382471602145241
0.200850999060049 -0.623769595105084 0.755361084779339
-0.461653991706655 0.0679795176290685 0.884451455493308
0.0806596964551805 0.778578074912843 0.622342505886244
-0.0950511477862443 -0.873579406747037 0.477309437799016
0.13921349692796 0.938715568456727 -0.315329484523813
0.324822144689025 -0.894034896113238 -0.308532297906416
-0.739749923031371 -0.153139663803276 -0.655223850867244
-0.836159748623049 0.152841182796531 0.52676033224228
-0.157410965118208 0.177465921782752 0.971456450216042
0.664930842884453 0.695038881721994 -0.273473814241163
-0.541239492468516 -0.748177452554757 0.383784198842394
-0.272435485395132 -0.872888731368053 0.404776690223375
-0.306800722448897 0.29632568754695 -0.90446912805505
-0.868871671699387 -0.457961285911709 0.187972015801309
-0.374326162523504 0.565837222512333 -0.734648325166509
0.228306052324707 -0.49437684274229 -0.83872992305752
-0.179491797678137 -0.93007735889322 -0.320528939474244
-0.911523519560005 0.407197786374198 0.0575746129895278
-0.605432973150419 0.100327631797512 0.789547516822229
-0.361745527466115 0.378550601794007 0.851962214678361
0.509820016267295 -0.579125905395135 -0.636157792307443
0.924736478854408 0.380599697377453 0.00251297276986265
0.670481860042055 0.497919733636122 0.550027284968918
0.628573476179343 0.716252393801614 0.30311366418767
0.940877566770226 0.301770930050616 -0.153895127034374
-0.995950235423396 -0.0564291482970786 -0.0699919979894059
-0.143794335416944 0.379332935846886 -0.914018442310538
0.518569446241187 0.657728079766789 -0.546332776347347
0.732230130332714 -0.445542207956848 0.515103074308312
-0.744977814896169 0.568140460365947 0.349606167862781
0.822801092874454 0.0123390841374613 -0.568195484465736
0.575428567049652 0.077747845849778 -0.81414816629954
0.280443981760496 -0.949169022197232 -0.142931243594494
0.0107703627130807 -0.666406911498268 0.7455104476762
0.192742189425748 -0.339618561356353 -0.920602890065858
0.841206270859468 -0.505375167724091 -0.192270511817474
-0.848517187525962 -0.528097155040017 0.0336448705105398
-0.483054707235131 0.242447340723647 0.841354525033302
-0.583146403740815 -0.420226673921737 -0.695233640101534
0.972930448473922 -0.218996682780991 -0.0738024075708516
0.358972921806199 0.897885968656921 0.254831765482531
-0.311744099169202 0.709333972668497 -0.632187418295801
-0.844543990218546 0.416569906989351 0.336474309831554
0.350196537729502 0.2876083106548 -0.891427980604469
-0.420768227832755 -0.85444788129137 0.304750580972658
-0.398017529499915 -0.779544524733116 0.483624213795592
0.358128898642478 0.686014239791906 -0.633346788702571
-0.000750125147141822 0.97604556725565 -0.217564905149845
-0.624544508583834 -0.0685204104958344 -0.777977576889758
-0.259153032605707 -0.556576897706112 -0.789342677568562
-0.579890780647463 0.683663490504242 -0.443092444385629
-0.711873412356061 -0.34965803172107 0.609077585889913
0.831106092308046 0.286538678572801 -0.476611213684909
0.395876529139896 -0.918302641088986 0.00142584891958635
-0.265211706577231 0.474824388049124 -0.839168964635947
0.287079102743211 0.932985670664089 -0.217079080299398
0.418262210638756 0.426588722105501 -0.801921932187902
-0.752452102476214 -0.618781658568939 -0.225665886872161
0.552782032840362 0.810077963085153 -0.195462829951598
-0.107721271869363 -0.501480211291834 -0.858436791656523
0.842144019117728 0.0545748449542073 0.536483958159481
-0.487662650225862 0.859596905200239 -0.152572278428489
-0.693517101570996 0.719503071511265 0.0367336346475462
-0.762959570976898 0.635890079807742 -0.116346463018225
-0.574166749309069 -0.393602644699122 0.717920261640325
-0.722837610086352 -0.567855347145157 -0.393758928995019
0.890949446469513 0.288394954157053 0.350766922973675
-0.615079805671482 -0.248152597032476 -0.748396366400298
0.0827732509971898 -0.580059383647656 -0.810357760721558
0.983562713840349 0.138690027426571 -0.115626399387963
-0.545392908331486 -0.838175807083454 -0.00280926355531181
0.316831693215582 0.852815761588325 0.415118001248649
0.446832636730624 -0.878276260868241 -0.170209883225566
0.468964331012722 0.335239626542101 0.817121073668831
0.333069228488426 -0.925693079282544 0.179324320722335
0.0193674054909093 -0.274417426501071 0.96141561233271
-0.952892174971652 0.183911532620377 -0.24119090166716
0.79370155801565 -0.285487875631045 0.537154083733153
-0.907653358211019 0.222001954077583 0.356202910872434
0.830033512759708 -0.117999527689411 0.545087588522117
0.486820031693448 -0.0198613255609827 0.873276465095076
-0.0904672967757349 0.850736215421765 -0.517748548992601
0.73821919536828 -0.0249589443275164 0.674099006591662
0.438100630305656 0.731676599881488 0.522223315174316
0.306659482985768 0.574163036129781 -0.759142127297078
0.118377097048828 0.566865650070249 -0.815260815729988
-0.754357095182344 -0.456258650005795 0.471988789319138
0.551467466222465 -0.833864227813064 -0.0235389734673626
0.509182025374091 0.258095750412596 -0.821048262074098
