# command_history: dirgen -cart 0142 dir0142.txt -force  (version=3.0_RC3-1000-g3151ed7a-dirty)
0.794366594445512 0.602360552200905 -0.0783803469069969
-0.00183471842271939 0.926765673430917 0.375635488683441
-0.709081449460656 0.492538769588386 0.504588008659673
0.50716741357319 0.269066463916442 0.818770085313932
0.954614473463897 0.207019895270586 -0.214135401126022
-0.897964302778376 -0.426762376733563 0.107396390723639
-0.0970653575393779 -0.3399264218645 0.935429497121056
0.381458334566765 0.917107397059856 0.11577375025301
-0.928440082744479 0.230852726330065 0.291043006271241
-0.578439786402658 -0.075241109183556 -0.812247615567615
-0.19490540668186 0.794427280334685 -0.575236628446255
0.300146680390258 0.612887230547026 0.730945424011332
0.169958145084883 0.139464468270214 -0.975532619141673
-0.296728034459021 -0.286636756437618 -0.910929109988811
-0.211524424512953 0.976061022488302 0.0506191486846051
0.0412284808515524 -0.1428517927495 0.988885017418571
0.18023968207241 0.0659117178227884 0.981411892357172
0.626428508342181 -0.123050338680957 0.769705098129596
0.611722939293835 0.416008783747019 0.672853429349244
-0.196003435162669 -0.871235490891721 -0.450034857333402
-0.386151572555873 -0.858437027516921 -0.337598626775258
0.584730119605802 -0.198601608194271 -0.786541854225466
-0.393628517367517 0.869922751860557 -0.297138008525341
-0.165141955529723 0.72518794260788 0.668453874564258
0.539856902127648 0.598954365237349 -0.591445850089646
0.718955768072479 0.498206886922131 -0.484657096696903
-0.379549340387498 0.231556371515497 0.895725373662035
-0.186047446536483 0.897225681410403 -0.40046525973534
-0.689921108317437 -0.720531939282349 -0.06958871152749
-0.901017047444869 -0.139834486552897 0.410627077266244
0.442791439056916 0.462186136834573 -0.768322664260165
0.188067177446512 0.471515772043854 0.861570434428429
0.713179450977578 -0.615401289417283 -0.335643149322113
0.818147515615858 -0.291807963092447 -0.495462163406487
-0.501461041037279 -0.597663302549474 -0.625568062729759
0.855465299382111 -0.435507529366614 0.28020048789762
-0.377316268967874 -0.753286244131946 -0.538694967095247
-0.985784449147377 0.0877373824057809 -0.143287025050368
0.537258006983853 0.843020362830173 -0.0258940492279813
0.348175395951201 -0.579743012695702 -0.73666269953401
0.901832993036847 0.252503062235789 0.35062723258719
0.75494718830373 0.00303709246179009 0.655778559379361
0.187924702351591 0.981822964149275 0.0266077679484342
-0.390229249812515 0.906410269645277 0.161683504638963
-0.196379255283679 -0.949502695279376 -0.244703534407309
0.886188551252731 -0.0871220394338455 -0.455059998102967
-0.618579668959895 -0.680758064779274 0.392336144635496
-0.224433171332865 -0.516719776880176 0.826214514388591
0.576562693307813 -0.721019615653521 0.384325610034629
0.923709864919866 -0.218569813670682 0.314622507144176
0.623185435673747 0.412598484898329 -0.664381218144919
-0.200963826461259 0.940698439662994 0.273312981890099
-0.812673001953296 0.346690964676514 -0.468367341845997
-0.966750887959836 0.0153340993639972 0.255259840212995
-0.192555570404362 0.854299110986569 0.482799524931217
0.0386501008514721 -0.0627783982343014 -0.997278818796081
-0.0589846305249072 -0.637992003972184 -0.767780578179337
0.750510812894521 -0.141061845374319 -0.64562766011688
0.937964367469562 0.0122039743160097 0.346516822633935
-0.98400811082449 0.161729232393371 0.0746437755011765
0.6921611817443 0.21711692451984 -0.688311804034611
0.708372295531627 -0.540952067331545 0.453408813073787
0.664369965361062 -0.353010124309658 -0.658784032336107
-0.726211959819894 0.684487961608478 -0.0639720237886796
0.925866181073266 -0.362534145578031 -0.106493229995217
-0.249743204762901 0.137749356759561 -0.958464108032785
0.858362884843313 -0.507167879958289 0.0774202781064535
0.168217620519148 0.965847034713103 -0.197084595244737
-0.708065496900472 -0.646751301760349 -0.283471349117299
-0.37986752394753 0.840992912798357 0.385268198626499
-0.00955122883727732 -0.810449773717035 0.585730260708549
-0.260008489686649 0.0627235309885687 0.963566989861729
0.539749473219805 -0.552806366179734 -0.634882373097648
-0.124215246048766 -0.678325950092179 0.724185389303449
0.182608225460592 0.750837137200062 0.634742333073311
-0.0184436187434165 0.998337967601355 -0.0545997744797781
0.524570317936388 0.245310699669585 -0.815259861742093
0.528343060795652 -0.62212948120131 0.577761645256304
-0.369604765541075 0.727334831044989 0.57825285199304
-0.325105529621628 0.658546671625196 -0.678691885836878
-0.312947088839421 -0.332563713850839 0.889643465561721
0.817652851362719 0.463959583073898 0.340859677774168
0.0180297455271733 -0.433015165881676 -0.901206299574459
0.143026751767848 -0.253672868635849 -0.956657422485603
0.640680723688473 -0.438534440421626 0.630250549272356
-0.413226807890182 -0.450805561873405 -0.791212961613303
-0.47920597134006 0.0329037484526612 0.877085503454363
0.965769649572237 0.259272904245137 -0.0081575173558873
0.697725322428826 0.215370967960781 0.683223770518289
0.946267201182189 -0.304341853033447 0.109336272384765
0.975487971500098 0.13444367028548 0.174207109438143
0.137812959361714 -0.574744620950399 -0.806645032787377
0.858061932580361 -0.115632780910807 0.500358651204603
0.226530713345502 -0.51212936590357 0.828497041932188
0.433920761561427 0.759633107096984 -0.484427822578487
-0.376491158865924 -0.134773761812083 0.91656447695883
-0.488863638877106 -0.829555216485178 0.26990829069531
-0.223716976967752 0.958633287667737 -0.175991289533761
-0.573899033771256 0.797529498337247 -0.185974724944973
0.382669076757356 0.0877693973846829 0.919706969950974
0.553111244080363 0.805916074394566 0.211109527744073
0.477470169069344 -0.398576238480024 -0.783044838925593
-0.734489941281252 0.242327499425947 -0.633878465621471
0.346496754439679 0.645304325491052 -0.68082474005085
-0.40053937048495 0.913410624208761 -0.0724516685389755
0.803896558285155 0.0628910067694583 -0.591434734222473
-0.00265042080227543 -0.518612565819039 0.855005252524313
-0.124835806186167 0.340518833737093 -0.931913593292951
-0.777261024243743 -0.346676398377174 -0.525053116360429
-0.44098788454838 0.496153135699615 -0.747904908138049
-0.830130499558133 -0.544224914085161 -0.121254264223427
0.445324754031033 -0.11914664730187 0.88740629921357
-0.087101382634883 -0.902552277182498 0.421678474783547
0.553630103430304 -0.68838675041854 -0.46863353531726
-0.088527733471194 -0.259106789595717 -0.961782985913067
-0.361336342998503 -0.925070624031022 0.116963189864692
0.827548380213791 -0.545015630261207 -0.134616645243113
-0.869189307712967 -0.37081915962861 0.327113280393483
0.777180819367913 0.560268200934134 -0.286512682142777
-0.559183069862106 0.828315014841202 0.0347639262484791
-0.26480480267403 0.412702065803627 0.87152476807156
-0.0346827080852318 0.962299172616713 -0.269772889929779
0.392349949269748 -0.779363753681021 0.488521910211052
0.676136188188517 0.545977594134208 0.494720448056602
0.799289127370506 0.30017065563045 -0.520609708289887
-0.341455090760987 0.328186163168609 -0.880739611518679
0.65578291430931 0.734096624491296 -0.176212698777569
0.00731169118848375 -0.986645756823833 -0.162716593233417
-0.549355531451007 0.789947403050749 0.272381351192697
0.847040851856802 0.130130607235732 0.515352132377622
0.0996546122284147 -0.669452877486442 0.736139798602634
-0.539162879768624 0.312818219587526 -0.78195150142045
0.234278246718912 0.794561658107531 -0.560165577824739
0.5546857558897 0.717041989583252 0.422107210774186
-0.997999564653094 -0.0479420109495363 0.0412120436080175
-0.000389724363334386 0.816616437150375 0.577180597985369
-0.843282991627183 0.428971566527697 0.323816601092474
0.643487180783663 0.0271771304152745 -0.7649742817569
0.737158680048802 -0.623360482134797 0.260804121404132
-0.298121827397237 -0.88608287017107 0.354937351118097
0.916945943090819 0.364814213439557 0.161619080314691
0.69465019769288 -0.70500172493347 -0.142946390951554
