# command_history: dirgen -cart 0800 dir0800.txt  (version=3.0_RC3-1000-g3151ed7a-dirty)
0.508804809275126 -0.815234278997617 -0.276605741816286
-0.580297065199212 -0.576611222122299 -0.57513025884908
-0.0313359879088157 -0.0844865528010702 0.995931763856124
-0.047899080124117 -0.922724289013724 0.382472959289125
0.317446554530766 0.784797800297191 0.532278214531871
-0.642224127736367 0.765985560723855 -0.028535776068371
0.15738056967151 0.518419938786924 -0.840518960736778
-0.630350830736229 0.76631168263466 -0.124194344669083
-0.523719767824888 -0.647824541761294 -0.553209696120029
-0.586030282836834 0.800450096631847 0.125889437206807
-0.153250371841955 -0.948595750010853 -0.276912308487091
-0.11530126951096 0.265058272397215 -0.957313809303389
-0.069002771273132 -0.732976712454241 0.676744971578217
-0.273916730665772 -0.472184257612029 -0.837861355789102
-0.418226510226712 -0.891021992165222 -0.176540068034156
0.649960289467068 -0.120610360752253 0.750336433205196
0.138309218631686 0.0440458696538555 -0.989409177948097
0.479307515482539 0.846591025743012 0.231404279850982
0.534930197499342 0.809643858531413 -0.241508811735058
-0.443162756612985 0.864818238393248 0.236000393418274
0.988812384697684 -0.139725700692961 -0.0522187364299519
-0.697436720354035 0.0460015641856178 -0.715168425753182
-0.360854415476785 -0.467775070816503 -0.806827474714095
-0.512160668605442 0.785813739840501 -0.346681721196131
-0.48679807713636 -0.659951526369839 0.572268831003807
-0.0907730456952697 0.180178112460449 -0.97943662478253
-0.100219219022432 0.648876474436428 0.754264826875472
0.308676103249599 -0.91107474172769 0.273243258413572
-0.230169831955562 -0.969044988548038 0.0892953449373623
-0.304528814847021 0.939816713604292 0.154941104158639
0.368184684253317 -0.50769472907979 0.77890057154035
-0.0725760194594489 0.418697514487478 -0.905221029783019
0.514456367698052 -0.639449960454285 -0.571347874600003
0.469139266586652 -0.381125531083193 -0.796650285949294
0.546035624907556 0.506361521687437 -0.667415242323846
-0.636109854428647 0.682888856816723 -0.35920337183038
-0.227512164277855 0.20042480111695 0.952926080135725
-0.5936747504617 0.0243733588472894 0.804335893792351
0.139645445137053 0.905316099439766 -0.401125802894357
-0.954409153268726 -0.228162903900791 0.19247040666147
-0.391334663658641 -0.146746131780164 -0.908472758989909
0.875817109110807 0.306886089869486 0.37251217326875
-0.377382255268628 -0.580752057988714 0.721324947960514
-0.387230825784202 -0.919648913226607 0.0655603841020262
0.718214743496495 0.646829327637284 -0.256474956150816
-0.372091848490063 -0.927774049024292 -0.0279816054635877
-0.641396225415342 -0.567470573282821 0.51632163472105
-0.0157179815021101 0.0775470748398933 0.99686478332885
-0.590910697181503 -0.634411917837625 -0.498343321879662
0.94269226292653 0.112108190590439 -0.31426589223299
0.171640180080974 -0.132237231727548 -0.97624431528527
0.562744649415647 -0.723249598882997 0.400285494703024
0.0419400678456412 -0.932386178051307 0.359022347059315
0.815132827220019 -0.0814925155927874 -0.573513246482291
0.852020312220718 -0.477305357461761 -0.215037167256293
0.617757408708535 0.160552305305402 -0.769804352577223
0.0219150721896751 0.402723061221454 -0.9150594874495
0.882237988955496 0.0775587511614946 0.464371371815739
-0.248930183100232 0.489024859442726 0.835995484909283
0.38844823806056 0.2874773032877 -0.875479735026504
-0.737881151640437 -0.184958084977404 -0.649093146516949
-0.645508029618335 0.0869294758102088 0.758790254242645
-0.123428686224582 0.569893457444098 -0.812395720433882
-0.657068899730597 -0.608822243789645 -0.444517644727141
-0.316734174870844 -0.940653107607663 0.121865473440725
-0.564896638544384 -0.615314753525848 0.549799546975696
0.015050827235642 0.988730862631541 0.148945472839602
-0.953192716043007 0.297030376299925 0.0565384969527837
0.250390596550842 0.492009455601728 -0.833805279880983
0.183545643230138 0.678831675166853 0.710984214762465
0.470643859410795 0.242228482582693 -0.848421899661128
0.979582002286644 0.045777621538477 0.195763914351876
0.264974425699813 0.951775959532819 0.154632068408971
-0.96815633692766 0.118972274408872 -0.220270073293661
-0.208383667035289 0.630364298865116 0.747808196016343
0.895639417063688 -0.383246882085506 -0.225725191269287
0.0877687173760655 -0.980518773887581 0.175725883990252
-0.994064654585493 -0.0375774684417394 -0.102095035968138
0.801198109163927 0.016168102974512 0.598180727137171
0.763987247133503 -0.0567930308674687 0.642727032154598
-0.482084725668274 0.588201482857372 -0.649317590121917
-0.942923752743616 -0.214268550914015 -0.254919172682448
-0.884746927945166 -0.440458140616325 -0.152379460086987
0.531857200418367 0.298509893815293 -0.79247697862936
0.557875875498239 -0.362202804715038 0.746715230722954
0.669843515540857 -0.202508315652636 0.714352886729939
0.188624072770484 -0.94079220498378 -0.281657569067888
0.113020450239586 -0.929876363258503 -0.350080457724765
0.0795726640250928 -0.858455016349133 0.506678572711497
-0.938242415467525 0.0206178838976343 -0.345363681763511
0.424032637520576 -0.314760309801963 -0.849189183686837
0.705541176461628 -0.679157635817124 -0.202377256697576
-0.767439979705252 0.57060166997673 -0.292317655590231
-0.792516763573193 0.229196390552931 -0.565142631565678
-0.550569496890321 -0.124567543877404 0.825443005970909
-0.105998000837412 -0.884913608788534 -0.453533161741593
0.648273095210072 0.374802854512118 -0.662770559301122
-0.513135287038393 -0.218563634833552 -0.830013322016202
-0.610957983791988 0.658519766509959 0.439411036680348
0.861304936762218 0.445969343264483 0.243444348419256
-0.157333057528194 -0.975234066731396 0.155450391107173
0.795868146591193 -0.495449148277246 0.348028784316542
-0.590296305013254 0.614415992133751 0.523491414349841
0.936567316890632 0.202929230123644 -0.28576456829654
0.955535350005932 -0.292363468550471 0.0384161052968506
0.655203026685555 0.689657378896849 0.308353196116427
0.233751567003243 0.0523402851910507 -0.97088655334681
-0.479941656534242 -0.750402231298666 -0.454480469971099
0.262001598456278 -0.705967411589666 0.658000893752997
0.159086371848853 -0.692576662313314 -0.703583039243356
-0.822376466974543 0.429508614833675 0.373121021050979
0.459234611109287 0.80285016808387 -0.380177826243198
-0.453478730514208 0.515969300147904 -0.726727405755489
0.284019149080682 -0.88754929219794 0.362752500852057
0.736740330838141 -0.21305846882617 0.641731855043798
0.802503615569679 0.582057510712684 0.131137337248197
-0.555706000095809 -0.132467242581955 -0.820757742028822
-0.513243303987374 -0.384212552655239 0.767438613371955
-0.302662098962065 0.576726115538736 -0.758803427448426
-0.280063828992136 0.959524252618698 -0.0296219568359677
-0.433421780439348 0.659481764354453 0.614190005393056
0.0800280608501085 0.84016239694598 0.536397852563334
-0.34785464814243 0.673474922856829 0.652248934110816
0.125575549519055 0.991645549548464 0.0294938200935877
-0.380485314258799 0.278847110986157 -0.88174554965027
-0.112094399405035 0.759690862561155 -0.640550262636051
0.618839750664185 -0.178831623387183 -0.764889935529677
0.941332430294078 0.0174053377433896 -0.337031615571422
-0.306370401916827 -0.902593755955944 -0.302426335722707
-0.465103376676274 -0.87896215227967 0.105377340373622
-0.192872969265158 -0.642098089404301 0.741963652283714
-0.193208665851178 0.979553173686507 -0.0560891376355573
0.111450586857091 0.317167011971451 0.94179820195534
-0.715159462561477 0.0555462183782732 0.696750716348862
-0.460535589791975 0.722571373406907 -0.515555604050439
-0.539405739824921 0.506591066201431 0.672612027463698
-0.403662306366848 0.36145439062072 -0.840480497048921
-0.354701385561785 0.892588800114049 0.278338213315226
0.925357152594349 -0.240974109231952 -0.292652727344795
-0.61451908574976 0.279500839808724 -0.737730014162022
-0.955131151105411 -0.280415063534509 -0.0953513310394284
-0.147589561122127 0.639905111321598 -0.75414771096402
-0.449425865874739 0.882222252360863 0.140357716289725
0.640824314085002 -0.722562360163003 -0.259321873649634
-0.705403249806536 0.630043735146605 -0.324732423642748
-0.0546596840631585 -0.389322488767811 -0.919478286137173
0.633430466974075 0.122936554047792 0.763971496318979
0.497135445902192 0.378229195722934 0.78089629524695
-0.853543077700127 0.430692188599112 0.293203774174041
0.243205435528543 -0.946165226783443 0.213594194104634
0.543559762418197 0.210100204537299 -0.812650409913918
-0.895646364236044 0.331032379037822 0.297044027476258
-0.0367120661474068 -0.99779514288278 -0.0552908404595387
-0.720230048401783 0.129702994069746 -0.681502612400356
0.4323533894363 0.0594106713946959 0.899744918722731
0.299180405483133 0.32694662362196 -0.89643571452567
-0.345783956672702 0.862725143903213 0.368969892247256
0.787602174021869 0.170127385231999 -0.592232630197079
0.0639911235479663 -0.714277517359326 -0.696930960929465
-0.0322705886095617 0.00643029344531029 -0.999458483598493
-0.599005045688404 -0.434809864279315 -0.672408608782812
-0.966253028350677 0.0313538965424118 -0.255679522791237
0.977973628608139 0.197882592459884 0.0664082927681844
0.88202094791644 0.351530509244866 -0.313791887254323
0.430303890626635 0.421485717990876 -0.798240785252982
0.425460016963706 -0.464768873597598 -0.776513791313498
0.494287785090031 -0.788733335299928 -0.365485035668278
-0.333445753350461 0.825574341467847 0.455237230773665
-0.0698771763162372 -0.988818666260099 0.131737714742851
-0.289125664408493 0.759709954034009 -0.582449256091887
0.00246652989825882 -0.457312476300215 -0.889302656720661
0.725775667821029 -0.360416213645392 -0.585960606986902
-0.511119495158018 0.441352960378385 -0.73753944032482
-0.624618689286252 0.037191960963554 -0.780043749435896
0.874498014731184 0.37518283663784 0.307393983876722
0.260115174446977 -0.108799019167342 -0.959428407673362
0.281458493831635 0.875514960724863 0.39275268273682
-0.257451124613562 0.855027357204239 -0.450163455721971
0.914461018814736 -0.172754363333593 -0.365946683298973
0.982419243182655 -0.0139096410308165 -0.18616915026613
0.626027781526841 -0.33227697866758 -0.705465255136018
0.900163649993843 0.431425962861647 0.0598083756564507
0.70823942585438 -0.697820750618817 -0.106972499602698
0.643700230318646 -0.531826354881315 0.550282419982118
-0.258136740831094 0.679119243147248 0.68714079825041
-0.648288366351494 0.743265260455711 0.165163393804484
-0.668581519123952 -0.0384077348171511 -0.742646347996221
0.792465750136323 -0.175922404181203 -0.583994300116003
0.338364382636334 0.153890832371109 -0.928346463490469
0.70557572271985 -0.503994701048064 -0.498148813933984
-0.0847630672475036 -0.973134137464198 -0.214068150205971
-0.965293222292984 -0.130834121994449 -0.226034129098172
0.592624841929714 0.339588945075683 -0.730393828773331
-0.924150268974939 -0.36146544778627 -0.123648738004959
0.823109138015025 -0.506507822678615 0.256790133146763
-0.09751754524101 -0.141412916718673 0.985135886746232
0.0641808828624496 0.950292710444459 0.304671263415375
-0.195538531155454 0.898291379010412 -0.393493686390443
0.784646598859408 0.408812480313276 0.466049429608568
-0.169223116475863 -0.842620696957892 -0.511227833659702
-0.349912819352882 0.698943240389196 -0.623730202544953
0.164398238199766 0.211485964263651 -0.963455710552533
-0.731587758498399 -0.230470385207363 0.641609502078685
0.679950403196115 -0.624300717297054 -0.384598574588913
-0.854793131565533 0.505234865886368 0.118601992062415
-0.00207272764049531 0.664764168888141 0.747050402290627
0.956752828849706 -0.258434703798227 -0.133549722428798
-0.280100501801962 0.506508660053604 -0.815470837112518
0.165432330060177 -0.427321291733591 0.888835562858505
-0.985632535294425 0.0404977517237848 -0.163976941898557
-0.821525920888654 -0.293784171267063 0.488657366690582
-0.415539222011752 0.810945632437504 0.411939723989329
0.085671058705866 -0.298242951780175 -0.950637476335571
-0.198389803721397 0.909228470082 0.365985074793673
-0.847198877575739 0.141996352416879 0.511948335024844
-0.523988338368539 -0.449282728592118 -0.72358914519401
0.549676625619321 0.701147319632347 0.454145398985977
0.459492527801426 -0.227702116100076 -0.858497736291834
0.497478865902141 -0.860681427311003 0.108361702933344
0.33048923017349 -0.107457281084462 0.937672544911745
0.984481828944458 0.0762985186695921 -0.158031846559488
-0.433780398553669 0.899467623979352 -0.0528446709097505
0.685622282915096 -0.552301117359536 0.474221004315182
-0.962641212590654 0.205551725441595 -0.176267932392645
-0.344966732129194 0.434854472422893 -0.831804990089572
0.904219472723038 0.368227753356719 0.216322598926543
-0.827320641644619 -0.453031956922545 -0.332118355282669
0.761989209737387 -0.268193815759784 -0.589444247942076
0.0469942113242698 -0.338135259325583 0.939923449278094
0.490251274944858 0.466734303574709 -0.736079328117271
0.931750774510289 -0.0779233787630733 -0.35463846554149
0.0218850756655907 -0.749563424764613 0.661570643029341
0.658996064686473 0.751406330211114 -0.0333573627016191
-0.776505916599504 -0.596399119073311 0.203338762302084
-0.713464592801654 -0.700341930452994 -0.0221236359521745
0.833919251431177 0.409172267819897 -0.370346779842336
0.197131180458656 -0.426644834061278 -0.882674052671654
0.477837592598755 -0.752548302637736 -0.453147092340323
0.694832469149513 -0.656141755423006 -0.294424585600467
-0.591993498956592 -0.805919380019699 -0.00613596787759075
0.0978865739886983 -0.441912441055382 -0.891701526898563
0.0295467862732892 0.728579967189641 0.684323183028942
0.453058777799553 0.727904900954594 -0.514676790835819
0.811884099756437 -0.577934323903208 -0.0826808672984343
0.43571107744425 -0.064819132187424 -0.89774959598701
-0.382743034853095 -0.723630494439105 -0.574340209970762
0.459122972642158 -0.708795021198519 -0.535551784532943
-0.71947333481727 -0.551694572355601 -0.421890055962791
0.667942473550729 0.196311764640521 0.717854123823677
-0.373656724261393 0.245931545577583 0.894370352429052
0.516901841382571 0.584904904029387 -0.625058988910391
0.161383769113506 -0.843816827953303 -0.511789448825926
0.963501564002275 0.267702353802354 -0.000431200475416767
-0.414928730210931 0.111255342043977 -0.903026244199039
-0.724282267798051 -0.633011369197598 -0.273334599017204
-0.908102340591237 -0.417390142005919 0.033698788835727
0.209964514468136 0.738426271468356 0.640813189837337
0.256183680896012 -0.431784323958045 0.864830745999854
-0.909009843001377 0.2724122003325 -0.315424631943382
0.738307519027375 0.0277423687862097 0.673893439886286
0.210289862946495 -0.793471536604965 -0.57112266120309
0.588886476943026 -0.435279307593858 0.680987989361224
-0.478160318441284 0.854804027508854 -0.201674947434659
0.816449218637842 -0.41954515917389 0.396727277609459
-0.46606326076562 -0.304091941618748 -0.830850845824361
-0.40869149176889 0.632725160439511 -0.657746254951341
0.766955640619176 -0.467593066630288 -0.439472148562014
-0.928984963239886 0.369832314738427 0.0145257374822611
-0.596738882669988 -0.751303491059765 0.281861260607386
-0.345292410672515 -0.232873528364174 -0.909144141992448
0.767735711859545 0.569478190234494 -0.293728561060655
0.0248112264678115 -0.944000657108489 -0.329009365246498
0.872378821961313 -0.437475495830294 0.218106353739247
0.405678281291459 0.0951058401872818 -0.909054460002633
0.318488967869111 -0.177956534989531 -0.931072633579244
0.246432705196118 0.614290980839937 0.74961157452939
0.270483447523964 -0.189852368137074 0.943819253315112
-0.855893248762821 -0.435603052663324 0.278741326739718
0.983404962519842 -0.127620548869927 0.128948343135875
-0.612123874009913 0.76022980425693 -0.217612057539482
0.173878083928921 -0.70501523672693 0.687546309649086
-0.168581330616537 0.860958626043249 -0.479927681228411
-0.171376070589023 -0.0723344635317433 -0.982546674624184
0.872176739172627 -0.202243496776879 -0.445427102518094
-0.596961028421843 0.198732330317096 -0.777266358098865
-0.541304002288495 0.205383709899263 0.815357289054604
0.665834617463934 0.287356552409737 -0.688542281907107
-0.275923983110423 -0.411065893634683 0.868844512346599
-0.696641165880841 -0.267644089176129 -0.665625816453405
0.900233857182094 0.26438708412728 -0.345945764722918
-0.989914411036274 0.0760878773980417 0.119499346172972
0.601399056551693 0.777082256217693 -0.185640356200784
-0.454732826363677 -0.89057740714024 0.00948359207626123
-0.913053343711093 -0.080444928544711 0.399827719160928
0.756925589246047 0.56067186241122 0.335724165119012
-0.722151142605096 -0.687982698691424 0.0719550799834104
-0.294018535409299 0.412639489213731 0.86213789661353
0.261168841295187 -0.872445909015345 -0.413072599162567
0.534779395447739 0.687766820889668 -0.490905080731367
-0.602876455952966 0.605725717323716 -0.519265186807533
-0.163732038719519 -0.863095002196274 0.477764415460763
0.899642307458253 0.376453848912451 -0.221192717489053
-0.312711735849894 0.617805455478893 0.721476118414368
0.305923007920149 -0.78591635408964 -0.537351465615882
0.868436469805523 0.459722798008752 -0.185669186734703
0.526826510417943 -0.514293770558876 0.676724275820801
-0.19563967877972 -0.976132201026163 -0.0942923231593449
-0.50779474635908 0.294460846879577 0.80959082580343
-0.256965186583382 -0.236881796715968 -0.936939649747401
0.855966453440498 0.00394978240059498 0.517016276149488
-0.145678700156813 -0.793222559785261 -0.591249259592213
0.483138066410294 -0.363445787508835 0.796545521817432
0.746212309435257 -0.650223504939533 0.14274656868538
0.395063043746886 0.878765340661852 0.267762334014524
0.174797862466791 0.966939782242572 0.185669504210378
0.742855293180298 -0.299991427486302 0.598474023520441
0.496452775892277 -0.114032975384587 0.860541179626978
0.925686410477451 -0.36921044430329 0.0823912451340468
0.409319402522154 0.195462911405642 -0.891208099707211
0.214020508609329 -0.575672982191271 0.789174150279653
-0.578802107868597 -0.809035478826606 -0.102223842261349
0.242330007663106 0.938602076672329 0.24556528470529
0.638374752670015 -0.536095129597093 -0.55234019152672
0.821422333299639 0.516929396948086 -0.240934324925831
0.617813765515953 0.676419579913463 0.400952245346865
0.820414334630464 0.245322722290952 0.516465953825235
0.254826093847459 0.683640048698293 -0.683885915712732
0.893892060046329 -0.10948492147629 -0.434706840244618
0.854874211510047 0.161890532235944 0.492931575441701
-0.674186430236653 0.61217379130678 -0.4131778146535
0.314361751041369 0.0725920897126935 -0.946523680629993
-0.787438519586756 0.506099433058532 0.351857843068546
-0.487083793690638 0.58685919607213 0.646796460959326
0.0510763843779191 -0.807680179279471 0.587404401547998
-0.699328274232166 -0.704937271194682 -0.118335998496041
-0.255159299424578 -0.168633198838509 0.952080131168932
-0.232711165636421 -0.792090236506332 -0.564303615635661
0.652884275113667 0.555646190503992 0.514780957580701
-0.875221307967239 -0.0476995002454064 0.481365162591202
-0.0279469260070246 -0.157655187906751 -0.987098683543264
-0.405381851787184 -0.68802005686413 0.601908594052512
-0.501191030267409 -0.854007961529974 -0.139563436554536
-0.375852558171161 0.544353704962184 0.749942596743336
0.125660980966372 0.542781869582283 0.830419869653497
-0.682647395921354 0.708463204388903 -0.179087746283213
0.386806980681878 0.882094392047317 -0.268867705785658
-0.547543236382826 0.0316848988794184 -0.836177296674827
0.0569973717608786 -0.630241089890763 0.774304506138028
0.390352857595596 -0.57463654736963 0.719317374316834
-0.416017219811347 0.897495805037191 -0.146393144515317
0.599780937581373 -0.500867231305521 0.624015098790367
0.0352698723871655 0.614861701986551 -0.787845875493421
0.835650958592214 -0.156836245569822 0.526393263140283
0.773551583777337 0.633490286595085 -0.0175500434543773
-0.910455889097362 -0.174101675023368 0.375178198676295
0.743805596964865 -0.583573586817375 -0.32587590075494
0.318688124755297 -0.356666130957587 0.878195394071102
-0.877586434180446 0.260777848014372 -0.402289652523456
0.618044856762429 0.501596843921536 0.605327317405602
-0.832534094242109 -0.202933709997863 0.515465703292639
0.017286989662891 -0.89486360311195 0.446004811424601
0.732067077899357 0.48567840631173 0.477696848533036
0.407255027045139 -0.157505405889565 -0.89963069648719
0.377073605984782 -0.921083700087442 -0.0970582974446908
-0.900483104661958 -0.151860143958237 -0.407515244985197
-0.559376204360318 0.574535396199865 -0.597500912559059
0.426762176591673 -0.84425063668953 -0.324214291912095
0.128874964370896 0.921154894588653 0.367239572668534
-0.517313839562901 0.642457221083015 -0.565362813134167
-0.761432699310336 -0.643695660969904 -0.0766559878254426
0.776148125800116 -0.0207875055972826 -0.630207875568062
-0.867151495129882 0.347111573137761 -0.357158004653178
-0.690935816209028 0.148387016730792 0.707523138240227
0.729138563793724 -0.642783079389298 0.234918853308193
-0.0734573400496277 0.865520022017187 0.495458485324655
-0.329120899549819 -0.919332501097509 0.215655247803795
-0.209415597352217 -0.354030101892865 0.911486584947547
0.452352281031208 0.334832523418198 -0.826598206571527
-0.830300999662249 -0.319989135304951 -0.456297275081344
0.975357365134388 -0.219510362325209 -0.0222083567595687
-0.200962285776797 0.763541648173005 -0.613692358760165
-0.782885167220299 0.141634705888454 -0.60583035994768
-0.283220936302386 0.266289307616939 0.921344618418587
0.224751586490921 -0.965424575079292 -0.132068596580654
-0.0340831925396413 0.999327533667276 -0.0135209630124682
0.412359964227035 0.79024667395975 -0.453287385880339
-0.855782121201081 -0.323840082844717 0.403440902457478
0.537338946483989 -0.686586275936163 -0.489761311546337
-0.383876110359689 0.399336189188495 0.832568159311613
-0.237746853740111 -0.882150330400169 0.406555319866252
0.841434568597189 -0.514722132595056 0.164465780594205
0.0875454473808311 0.97050578195446 -0.224620394968607
-0.54038304179137 0.281278010088856 -0.793012515150145
-0.651974109523247 -0.69173110847224 0.310544415636696
-0.302538571807753 -0.952684232592386 0.0293796790040592
0.999516619974883 0.0302487329509252 0.00717917466352482
-0.315438389114723 -0.538473103878103 0.78137400716468
-0.0393975199758892 -0.794583836159925 0.605874873825551
0.0569085828963599 0.787995064917595 0.613045830960658
0.371357146678252 -0.868106355051747 0.329370954896993
-0.0540245804058258 -0.997800213031001 0.0384197811975006
-0.476757957478854 -0.136289489195399 0.868404873958828
0.18408596748954 0.472515641855741 0.861882430946992
0.667058076213758 0.00506668861001061 -0.744988490934276
0.662854337549612 0.715806947097167 -0.219646401470861
-0.220617261730119 -0.74861887133339 0.625218209355922
-0.684289300988588 0.283175351983347 -0.671982047812036
0.24337211800895 -0.103294389636683 0.964417068101464
0.0516277941597708 -0.995401344417677 -0.0806891219538107
0.614455567821799 -0.480795187452097 -0.625524054609968
-0.762982804072287 -0.256550492237994 -0.593328817454904
-0.0611354700303826 -0.00345877699621608 0.998123484928521
-0.507733097495638 0.445246278243452 0.737538374200177
0.757402166843096 -0.65115288524805 0.048392950876372
0.390073733693354 0.537708318592213 0.74747056557383
0.80274500243839 -0.586575152568621 0.107378077135368
0.990039359768689 -0.135739794920025 0.0373734422267087
0.786391509428896 0.0751075510540645 -0.613145374012398
-0.998274247215722 0.0541816119290967 0.0226468601499028
-0.0921895532312604 -0.674632236894762 -0.732374515679915
0.151169604466471 -0.88704482621532 -0.436232996195936
-0.788691707750967 0.581108055081028 -0.200695835643913
0.698136376533808 0.406569801163962 -0.589327240624206
-0.438487843657675 -0.894786662998501 -0.0841738598642727
0.403482234573118 -0.786174138001728 0.468115702707272
0.865423148800313 -0.0475905951751966 -0.498776411602856
-0.304939896838494 -0.151626523253748 -0.940223939687833
-0.00545111668675914 0.970784085171726 0.239892778766188
0.826676099068775 0.55987237289121 -0.0561208811548708
-0.455686226226194 0.840382252155288 -0.29344119255847
0.13914496970053 -0.984628681128259 -0.105570060654825
0.807364607286886 -0.38000322129174 -0.451397765511077
-0.462660249207052 -0.862459033190639 0.205206992745219
-0.838801849540531 0.246298328286606 -0.485539484172614
0.359193994513159 0.670068592451248 0.649605846430036
-0.573247086441276 0.816499806171104 -0.0686720060078128
-0.661162531198738 0.240928990875175 0.710504981470748
-0.0794990429169205 -0.0759376572362691 -0.99393831518297
0.0725428598461958 0.881772560970752 -0.46606296163117
0.194445984071323 0.883801822441691 0.425540947415499
-0.978155409937512 -0.163921569218989 0.127834710289349
0.365870507452456 -0.930660179689923 -0.00322516914322907
-0.992752609154176 -0.114371394010015 -0.036897713340839
-0.800371007719924 -0.172920678535495 -0.574024989818577
-0.503015056626803 -0.591225794766381 -0.630418838875867
0.322409646836918 -0.642168903927471 0.695464678078681
-0.836224908545771 -0.515813854519047 -0.186182624897762
-0.489841980659866 0.138305615220958 0.860770811994442
-0.940155235341248 -0.334397056881371 0.0654732144431627
-0.612954869151287 -0.0657248174068719 0.787379563336871
0.059741079334897 -0.521367678783096 -0.851238360836862
0.244376841629768 0.952798165607088 -0.180154419570624
0.518855974464948 0.853616626500833 0.0461208491180123
0.664202040828192 -0.447140146216305 0.599083749238224
-0.91433623267536 0.364514136339576 -0.176404926307751
0.550017185524558 -0.358931998039776 -0.754088135704851
0.982513950940225 0.18364686421358 -0.0306621178712179
0.0475005336045014 0.319394047732009 -0.946430737867622
0.118519939975087 -0.581743758364356 -0.804690762611586
0.0630522856780862 0.541175228987005 -0.83854265294118
0.204765451661026 0.318832774401595 0.925427885776865
-0.0308566639162946 0.558135575094432 -0.829175823396923
0.291613389661362 -0.736406683312286 -0.61046443610026
-0.160786540000263 -0.710430747631214 0.685153881529469
0.696787119787827 -0.301611838286269 -0.650782612477747
-0.266811451022671 0.935301208768605 0.232429125711827
0.624965615070563 0.458605449352312 -0.631742844679571
-0.754804131910111 0.487806755839347 -0.43853767387639
-0.0112322874533395 0.830594625431172 0.55676422651192
0.142203701167868 0.987814562828281 -0.0632494809348806
-0.697121997488869 0.711861489386195 -0.0852885721887649
0.685613669675924 -0.36869565239769 0.627692131427943
0.58276350098554 0.734884861341372 0.34688750696782
-0.278329219942452 -0.78034802653258 0.559990895294677
0.105690728858274 -0.990991157426867 0.0822556729664601
-0.779902610781672 -0.26243588454651 0.568224712766193
-0.208695989569159 0.977265730779236 0.0373854969510312
-0.00232862067341969 -0.170016574101818 0.985438451683534
0.912662213678965 0.295742635690946 0.282106322433906
0.2608764782594 0.0686278697137683 0.962929737098986
-0.574869857272781 0.116044226837471 -0.809974311084534
-0.336331932084912 0.331889272990764 0.881323063316564
-0.822665565756505 0.0691642109717325 -0.564302825475105
0.222741594336721 0.569166737980097 -0.791476725197546
-0.53351188191396 -0.83269903722561 0.148247715868299
0.382023169273511 0.311711268876221 0.869996771829527
0.216330285679105 0.545743112633103 0.809546578345884
0.661025626808875 -0.584140619896754 -0.470982862627261
0.34115774088139 0.827421625552826 0.446077178752988
-0.215777600804307 -0.155248985491558 -0.964021669618987
0.889760796436659 -0.262735345323191 -0.373223610510248
0.726623940984938 -0.548414519363549 -0.413834705333863
0.129711812080945 0.774783659717412 -0.61877712178261
-0.576480225044318 -0.718084338295749 0.389904389853728
0.0900256336157852 0.4636592348668 -0.881428102124507
-0.395036107271543 0.887092476308062 -0.23877481531639
0.648388508478149 -0.758213588668792 -0.0685893288454786
-0.297334755777876 -0.733968214187962 -0.610641223279469
0.821213939559835 -0.235181147143084 -0.519901426715756
0.976037114632924 -0.174473553477991 -0.130040493677158
0.827700105787977 0.541000347892028 -0.149101168537598
-0.772683729106509 -0.100693177652158 -0.626754129422671
0.106457989360675 -0.900687640708247 0.421222590059809
-0.464042679163772 -0.835746716377878 0.293584430748812
0.00432293479881841 -0.482313784752329 0.875987856806594
0.876770763530612 0.142239206149729 -0.459392029155756
-0.351399688854858 0.0891724954412774 0.931969165117326
0.373644677238984 -0.90687142351874 -0.194868869694649
-0.378020185898305 -0.00444922364764478 0.925786661959625
0.241582602465743 -0.348575857415281 -0.905611792002004
-0.912459165158157 0.0969049405281274 -0.397526985775958
-0.212075819530971 0.0154589190970963 -0.977130937280474
0.517760457234801 -0.835956563652625 -0.18193606737012
-0.869284121589273 -0.235824410356635 -0.434432921672278
0.719252238328348 0.337205698310222 0.607427802036404
0.570932768183255 -0.75813952034413 -0.315055934568736
0.948133884143069 -0.288842650456832 0.132710440496782
0.249581458830184 0.837698530181183 -0.485767709857791
-0.431248490017762 0.440785320080307 -0.787231250306479
-0.658330011905909 0.392836559476027 0.642091140698113
-0.891627811539985 0.427079748367994 0.150342057396953
0.329459376042002 0.39378938645056 0.858129616466479
0.331700807203749 0.919201395640149 0.212234230871419
0.0841518432227496 -0.697956765228591 0.711178473488796
0.681152422316402 0.589275860273037 -0.434494347571944
-0.156579615781848 -0.613553775905438 -0.77397324759567
0.294872421616075 0.316618903214048 0.901555724898803
-0.780092034295588 -0.583220090186581 -0.2265187507279
-0.805341452997611 0.527640424240024 0.270223475648406
0.964703597168171 0.139994152925079 -0.22304395700754
-0.849295118820815 0.428313057269007 -0.308619063118295
0.586975574843384 -0.269741452499166 -0.763347380516184
0.353284837504907 0.927720284312865 0.120519283368211
0.0990852694354551 0.665627596331619 -0.739676964885817
-0.571597768521241 -0.424589046163634 0.702139681900542
0.388994781981485 0.849344549495362 -0.35678690535626
0.395712658417595 -0.771597399585431 -0.498045123378476
0.111708836705062 0.942132804378105 -0.316080550993965
0.367513411454703 0.859103766813386 0.35619462411437
0.43070536955651 0.226889819969758 0.873506665246054
-0.18437402231429 -0.122905619209656 0.975141235238435
0.131330626364132 -0.933789905130859 0.332849334766506
-0.377312154651696 0.745388141998247 -0.54957443146538
-0.512038119928301 0.858863913464218 -0.0130285029538963
-0.0732326268991524 0.14831002888512 0.986225693079198
-0.818128162092831 -0.573824795178248 -0.0373016732768009
-0.932765281247718 0.281524505858662 -0.225150799909531
0.57535233581985 0.365512945073694 0.731689809038091
-0.256305463486031 -0.838349085213248 -0.481121939542691
-0.424676926425894 -0.808529825519598 -0.407343871203071
-0.803131704243673 -0.380510002339719 0.45846657867077
-0.384826153411821 0.0238112863265983 -0.922681881416198
0.983627427843129 0.12250673246944 0.132171039544869
0.707708159119925 0.616928254795857 -0.344309003584897
-0.664342208729959 -0.736543405125471 0.127095405369261
-0.898033237025077 0.435420446827366 0.0628119390157542
0.35697231283308 -0.194059265384691 0.913735065207063
-0.20611523234231 0.270574225678468 -0.94037550978052
-0.214472146332537 -0.976727373502399 -0.0023100429910614
0.831718413829179 0.0889520803959256 0.548025553684052
-0.123774605068919 -0.15761510244987 -0.979712879684528
0.535337450175518 0.041000564432982 -0.843642559473947
-0.724135297911188 -0.669670494196695 0.16483173093015
-0.420024577548322 -0.601443314360408 -0.679592005446298
0.342202529936568 0.458908796872864 -0.819939110335464
0.693273261979538 0.624208377810029 0.360188957765259
-0.610851882468937 -0.750252152499081 -0.252946012727327
0.233288805460029 0.264883135765872 -0.935635216114631
0.684300840074912 -0.450652879143032 -0.573275102191666
-0.852360275382885 0.518146012320616 -0.0707578325378648
-0.344975395508839 0.840747455713905 -0.417295689175092
0.681907054797881 0.698587868727165 0.216743531124037
-0.867335012679864 -0.497724682889381 -0.000340326733115501
-0.908244328809345 -0.398582861420334 0.127373238035476
-0.294683287552222 0.274548604556613 -0.915305863508713
-0.467524919062362 0.0278906730974642 -0.883539789941518
-0.203684069885949 0.563365280985969 0.800707412138976
-0.547840087678633 -0.517045082627611 -0.657674403381243
-0.607753972763619 -0.251340595930386 0.753301409415512
0.677445907385658 0.196526415802245 -0.708833133013931
0.403132240674149 -0.605100833326015 -0.686540150346069
0.937481967982531 0.140927212408911 0.318224889834617
0.0226923520261962 0.955716843776535 -0.293411607952612
-0.0290561309561307 0.229489786618204 0.972877268257303
0.546729269163152 0.293459180533992 0.784199474369017
-0.581537162810975 0.782694331610727 0.221819998048416
0.570098359536752 -0.115245402609604 -0.813453353076164
-0.292305351484226 0.0212037463437642 0.956089944845501
0.829528199041228 0.0138477667856654 -0.55829311866659
0.347928684993798 0.0642969402987527 0.935313601754356
0.761840092930323 -0.646061272156097 -0.0469521610148404
0.286354474253177 0.613503446291747 -0.735944723782524
0.324850714186901 0.849476628513141 -0.415766125486682
-0.190253875215441 0.503411748447409 -0.842840479859997
-0.463873948850485 -0.545591964268371 0.697961580678793
0.261781022802859 0.926675878552603 -0.269708198260732
0.218089062847844 0.916008592761456 0.336697815040914
-0.104973039078287 0.812735629011114 0.573098122839866
-0.3085481585697 -0.891018199456253 0.33299339645252
-0.942948029031219 0.196439777759833 -0.268812998680879
-0.996298008085164 0.0484223000156088 -0.0710321050422533
-0.122879786466017 0.0114469708344935 -0.992355543611654
-0.399485386462448 -0.771481395903327 -0.495204888685484
-0.582980062285615 0.811987398541759 0.028472997503723
-0.598797271513993 -0.795711714750384 0.0910202979362375
-0.935656363376112 -0.31428687238922 0.160533272306995
-0.0708742817140106 -0.237320568808428 -0.968842496906472
-0.304624406561064 -0.543723194813827 -0.782028809155241
0.0725156206146193 0.232518889085168 -0.969884761703923
-0.366724430775218 -0.375263304870122 0.851287638751172
-0.220312940197974 0.926703271472621 -0.304439246851102
0.780350028594317 0.328892628404595 0.531867908276073
-0.944473388242098 0.108754561310767 -0.310068483236517
0.26322914125814 -0.957033584995738 0.121643480642028
-0.938656353812692 -0.288165075320225 -0.189433731982326
0.154790494448691 -0.95788294140072 0.241868090912865
0.779736070706731 0.484033307628273 0.3971440760546
-0.627829757001724 0.694471465808145 0.351481406907169
0.0628802230408528 -0.0938018401946183 0.993603186552074
-0.870123299578308 -0.234804919681174 0.433303696296806
0.565520830617808 -0.56369671552493 -0.602023423999225
-0.963413410666207 -0.249904765921883 0.0968617990646207
-0.965123272298504 -0.206150977585235 -0.161365559238888
0.0222746962708271 -0.254978232275181 0.966690198032372
0.0546629045924953 -0.907597452666194 -0.416267739292089
0.895065612875512 -0.356366843434759 0.268067568997315
0.80784994404089 0.519018436342199 0.279281812243529
-0.376273223774853 0.725877549518908 0.575777946933107
0.349932019597963 -0.932489330006663 0.0895054807473581
7.37092415864584e-05 0.979624352150582 -0.200838550185217
-0.338835384320524 0.479908230623777 0.809245742968055
0.404985016967656 0.503404202942583 -0.763263614022999
-0.66226356846008 0.698827035958096 -0.270273453569794
-0.746808717879817 -0.541691331259677 0.385807258273898
0.486853438824947 -0.757727079102885 0.434538148726363
0.0962431826654339 -0.959920109543493 -0.263231140035589
0.81102504729049 -0.584880898532679 0.0123574754324802
0.762274225881114 -0.631110393488792 -0.143658190813371
0.832395008612774 0.389247299636298 0.394468109436479
0.923584788027889 0.0664697812848954 0.377588277756895
-0.536050836640614 0.804524635426032 -0.255713925177156
0.474916386758946 0.14054521702186 0.868735556749064
0.748645067111127 -0.416369967916467 -0.515913377717051
0.168594344858064 -0.965367628902897 -0.199101200268303
-0.152772476145607 0.502778148302569 0.850808265193622
0.129811156389289 -0.217415903205289 -0.967408594498883
-0.120649850027102 -0.736747516356288 -0.66531700025723
0.737290036101401 -0.556590587944974 0.382897270918275
-0.165705781114304 -0.238784959978389 -0.956829837010436
0.00997726198798388 0.848602339404077 -0.528937164322143
-0.648607937919223 -0.758523050569612 -0.0628531989857621
-0.718016929828257 -0.320384851036738 0.617903904912545
0.129102140400257 0.594178854457356 -0.79390435586399
-0.973725340681121 0.213097696813486 -0.0803015101241783
-0.535678537146325 -0.794376255339177 -0.286382383875267
-0.961229653510462 0.0472204500376939 0.271675877306754
-0.0164587531696113 -0.878853943413839 -0.476806937439092
0.294363514406007 -0.953677532858471 -0.0620426039711706
-0.0419984006453819 0.377478590154938 0.925065429209129
-0.995785871943791 -0.0122292437699842 0.0908897289794479
0.317560945517559 -0.804195560920606 0.502418695589233
0.0333801137151586 0.534571399323796 0.844463845900676
-0.672439162600822 -0.488885088237666 0.555713004256292
-0.276853766984078 0.906397264021249 0.319054840868338
0.100537411607395 0.832705317666496 -0.544512702144978
-0.202625311743882 -0.920042633718548 0.335357324626932
0.832384903467256 -0.334756715328552 0.441671047299058
0.537933488532954 -0.686391827005981 0.489381059844124
-0.879365275835602 0.172249540426057 -0.443899546606648
-0.804866480512711 -0.49086887991478 0.333523149538815
-0.397031679172908 -0.903516830705939 0.161317024409195
-0.70631884796349 -0.112369121037858 -0.698918354064842
-0.0144000867876665 -0.309335784439055 -0.950843840999132
-0.791065623309299 0.318985526385576 -0.521980280829446
0.139844323750727 -0.347682520839644 0.927124818898347
0.85907826096628 -0.350133010774084 -0.3733515987664
0.0660890321308445 -0.960999432721451 0.268537390582871
0.189517226143392 0.809776945006747 -0.555287781542558
-0.94718595927215 0.143670529929167 0.286701129030859
-0.459685229777052 0.527898061845843 0.714152032710277
0.764158159362553 0.350645872245791 -0.541396139399444
0.334750476726206 0.80495900387555 -0.489880720595596
-0.091705994462752 -0.467571466882889 -0.8791853808706
0.184162372936214 0.438385426783381 -0.87971724888083
0.559343543324748 0.805646735269023 0.19511058016233
0.446628355789765 -0.893721722225909 -0.0422444674021006
0.334307181381801 0.609910495359044 0.718503929096732
-0.872041275035909 0.0832413423044879 -0.482301662411705
-0.871717432691717 -0.481122850943338 0.0928952089266006
-0.0178621521545509 0.994062875213036 -0.107331000384789
-0.605243434055942 -0.643064613370711 0.469199625492763
0.502991631707703 0.747151834914193 -0.434469278564522
-0.455137652269944 -0.830265856316291 -0.321727097586727
0.588704830274626 -0.746927786355247 0.309072005820284
0.530517352088091 0.846201765100661 -0.0499390816291804
0.0271419155251816 -0.596642023945864 -0.802048384876753
-0.533069350672649 -0.77646567139481 0.336062685400874
-0.461190064802236 -0.0296453930782836 0.886805996143995
0.714365938864114 0.514178831004969 -0.474659283209711
0.93609749099482 0.350505074211565 0.0294564136504834
0.0758541446988177 -0.981730432182865 -0.174503602421431
-0.52040575081531 0.198557973781201 -0.830513446950895
-0.734935853558184 -0.406230217581418 -0.542997515167848
-0.712109818947661 0.472409063090148 -0.519354679259385
-0.51879670589166 0.850681249446075 0.0848020624562086
-0.272564651973108 -0.677153803180782 -0.68349925920412
-0.97269897476191 0.111420000066043 0.203573790263907
0.742155751177458 0.434604479138484 -0.51021935254064
-0.608745332174068 0.654604890844421 -0.44824274387752
-0.105375690941915 -0.986880511825554 -0.122322602725118
-0.922269279195476 -0.290925974784423 0.254522010537382
-0.314633415543116 -0.719352278501262 0.619304539979093
0.330755734101295 -0.926022578232431 0.181886857587002
0.757520610433928 -0.608004291014024 -0.23768320697168
0.174592984420866 0.953166260047886 -0.246964310169186
0.115913308200316 0.382510432217443 -0.916651446421639
0.229132389423921 -0.813864681024559 0.533968752922563
0.444488111547959 0.4602705475904 0.768492902838642
-0.443394071828211 -0.658557784478476 -0.608032352404377
-0.319584405039515 -0.240326732111848 0.916574530460006
-0.200419647159118 0.0341453159064788 0.979114938316366
0.116621368333174 -0.0633472775140783 -0.991154165041772
-0.0982617231307376 0.496015656253337 -0.862735824293248
0.857889367857786 -0.51324712564995 -0.0245605482152247
0.855453216093168 0.509378525510684 0.0934521953964595
0.757059316740245 -0.115949005554147 -0.642975130971485
0.887329249622534 -0.443606049581888 0.1259383799271
-0.778823931891032 -0.617366364214241 0.110869542484323
0.149207949656073 0.395950885559899 0.906068366065035
0.141862472943081 -0.363929354345192 -0.920559864330596
0.00683630478865073 0.684773527737401 -0.728723871330501
0.810052519166967 -0.558145707383705 -0.179689414046555
-0.466911120098491 -0.707892832494988 -0.529982776730146
0.901603464661646 -0.00872055652021753 0.43247559977887
-0.230468716784311 0.352894886442854 -0.906834808389201
-0.907484918032196 0.0144905416932055 0.419834667155461
-0.628033957353302 0.358939477279752 -0.690460570967879
-0.181639936492002 0.185771834994502 -0.965658199775654
-0.175694432874232 0.97306140094551 -0.149274834607053
-0.372393719333454 -0.749568040550691 0.547239134552706
0.285056938933971 0.956446112457936 0.0628758739875378
-0.514093242845504 -0.0539634138290355 -0.856035097194332
-0.927776548439262 0.351342236893968 0.125655516156169
-0.592347578356554 -0.20764514704009 -0.778465053374797
-0.435709435964307 -0.620043659225456 0.652459307593946
-0.430804883806656 0.817248225284644 -0.382769500296761
0.735224806156305 -0.389449552482184 0.554773404629179
0.596873517184423 0.538745310135223 -0.59455487155619
-0.0650792264673078 -0.607583907188194 -0.791584796473723
-0.993272101337243 -0.0984850317763357 0.060919875419374
-0.778473908938839 0.406748990083501 -0.47805191367417
-0.515675010343269 0.0487543512851571 0.855395988380956
0.236096683093907 -0.643668775810581 0.727975867236383
0.705166805169992 -0.708968483723198 -0.0101718225297863
0.682871747620342 0.481568520192788 0.549343186597657
-0.956057369761985 -0.0554743465452659 -0.287883487889061
0.186074468573816 -0.284260515221401 -0.940517012940774
0.34732317966396 0.652810631891785 -0.673204937412943
0.244579941837382 -0.836585609233755 -0.490209312920317
-0.623640654961849 -0.280027943276303 -0.729833326495303
-0.14042819439726 0.814503414888952 -0.562906838964105
-0.894887752426758 0.445112452883412 -0.0324162743802979
-0.649395424921835 -0.34970090937585 -0.675273911884868
0.46240243838187 -0.281255753982767 0.840880006796502
0.208411119000343 -0.739481074038418 -0.640103543667751
-0.299569196123661 0.0195377343026555 -0.953874506249193
0.154119092348763 -0.0992271272992647 0.983057110539123
-0.633384247307516 -0.757160585121733 -0.159788120962747
-0.557133970807914 0.814218259213288 -0.163249394900837
0.585521045212178 -0.421241503800648 -0.692618727070967
-0.73601615211605 -0.136382505089882 0.663083732366955
-0.440357859160333 0.197172970621387 -0.875903976205192
-0.038168986075275 -0.918479564565544 -0.393622176684031
0.678150876495977 0.10104693878705 -0.727942926931435
0.121801155906101 -0.992488422756851 -0.0114546546677001
-0.288571627753207 0.557187999953509 0.778632100779099
-0.140611357457943 -0.298181498912515 0.94409546120089
0.915108624271978 -0.185470817308035 0.358017851105413
0.930243431883125 -0.299783923770122 -0.21160519012372
-0.835270756990065 -0.109158042544498 0.538894501980766
0.787675645423304 -0.325608356561048 -0.523016515747443
0.471783624748962 0.529067133769805 0.705342597170576
0.778142368233177 0.463146190832856 -0.424252354946297
0.743417092142047 0.646147592856603 0.17269717819548
0.729800526733404 -0.208895107997648 -0.650963919917453
-0.640348751418506 -0.660925499741335 0.391319511842213
-0.95453384138187 0.206082475345099 0.215395355131923
-0.593199965129835 -0.0472708725456805 -0.803666140868665
-0.440237238119279 0.676799762799456 -0.590028181740254
0.0328544770804459 -0.776017560859684 -0.62985500599198
0.7304678081192 0.0401233461099594 -0.681767481182898
-0.511390842003183 -0.772692169282377 -0.376066773651927
0.415045696374468 0.387618711048408 0.823097081009406
0.240817296753885 0.396906719821551 0.885704287753338
-0.669529359024586 -0.416581539428846 -0.614971754157229
0.843453414570396 -0.293161663803955 -0.450158390264179
-0.966711283038713 -0.0490560596884754 0.251123073916927
0.910686661368161 0.224654689694699 0.346669980246764
-0.554936408053335 0.727007539652731 0.404358282102574
-0.123873490127128 0.758940420189689 0.63926895517147
