# command_history: dirgen -cart 0222 dir0222.txt -force  (version=3.0_RC3-1000-g3151ed7a-dirty)
0.439143820616577 -0.654011261743857 0.615972381139352
0.20019951164237 -0.875745463084737 0.439306316167497
-0.483200560336198 -0.569531794155671 -0.664944173548882
0.02358778665741 -0.780002541008174 -0.625331633888288
-0.232670091760421 -0.88117073018473 0.41158568083196
-0.140300021025914 -0.960606925083481 -0.239896310062884
-0.45140069228734 0.892238537236038 -0.0121576179165667
0.197408885114758 0.976405953794673 -0.0875279696557837
-0.849626582742885 -0.520923508544439 0.0823004747398152
0.72093070405122 -0.566366435432768 0.399359463104848
0.593868268721198 0.617334352123134 0.515963930032709
-0.995597659238719 -0.0689486883007215 -0.0634931437242983
0.98941939829714 -0.110853435260889 0.0935989859142974
-0.190119715085063 0.816151177943994 0.545666334564086
0.445087984918316 0.699161641006771 0.559526304498789
-0.149763673905641 0.786433436564553 -0.599243933495828
-0.488973999663597 0.383298159770203 -0.783573192732983
0.723499662535864 0.669130253752699 0.169743753414788
0.842673319184403 -0.451540744333306 -0.293279104850081
-0.637101313389694 -0.761699667802406 0.117964115504806
0.946703978849061 0.198986842954208 -0.253289977619474
0.173263184863455 0.0623070319939722 -0.982902692302282
0.0722540991205076 0.924892002097759 -0.373301660344395
-0.965640095985315 0.158493292203414 0.205958931226578
0.965228371957796 0.256589797087771 0.0499586428774662
-0.0942078939419619 0.236778546592105 -0.966985414881088
0.391500497944566 0.323567819807092 -0.86141234382521
0.818130293764666 -0.368413237232168 -0.441513883198089
-0.972717428904146 0.227306591398743 0.0463952261853724
-0.652494176571363 0.359548021605397 0.667065641222889
-0.217180403672486 -0.943166345748624 0.251535119829902
0.69170774375023 -0.463504806209744 0.553808353003487
-0.963323427311419 -0.182582951425072 -0.196650553627217
-0.383694671196618 0.320534258292257 0.866046297005162
-0.0693563269059897 -0.353413482162803 -0.932892603970935
-0.371988996909247 -0.0093754676167347 -0.928189790282903
-0.333458844678344 -0.792078020227968 0.511290141482825
0.735202394690275 -0.545544927399083 -0.402316008916889
0.450543292008058 0.159261527998066 -0.878434122587609
-0.824350418697999 0.479967156282108 -0.300129832044235
-0.230531166443782 0.286362052491666 0.929974277166218
-0.600028627592352 0.798581927228324 0.0472498843801164
-0.376345688622729 -0.868292378604459 0.323159817911346
-0.801559389685969 -0.432903255572357 0.41242855880881
0.621292228922051 -0.688040634128577 -0.374961400772153
0.621000161004011 -0.753841595864194 -0.214666365269268
0.722302939279024 0.587033113353119 -0.365609884625438
-0.467079765997691 0.748341391438564 -0.470979462455993
-0.950764711847314 0.164002005311444 -0.262963504995883
0.759358759159652 0.188627930679422 0.622730903886352
-0.501727169983614 -0.863425607930105 0.0525934071035694
-0.364793377395565 -0.918858349297227 0.150416507521989
0.525137430014215 -0.34507437703005 -0.777916675432137
-0.526640399176642 -0.256387077132355 -0.810503273672966
-0.882701434115581 0.44865736453588 -0.139802530227517
0.276749193006282 -0.676778539514695 0.682188165114822
0.0727599183003997 0.655350976025641 -0.751811873084723
-0.105470357088272 0.674309286587589 -0.730878231853575
0.183291825031419 0.594396855286462 0.783004779871883
0.0333752818502408 -0.868051439495981 0.495351177398794
0.107903879649578 0.236832550300787 -0.965539795075581
-0.649351274539994 -0.136327215285603 -0.74816964160928
-0.246860738795911 0.285498286871393 -0.926040227978589
-0.906493856070718 -0.27627701640589 -0.319280282998968
-0.201843112677603 0.111942762326485 0.972999576478496
0.0191489669303224 0.377800726146837 -0.925688893953268
-0.415030744106655 0.484055582287767 0.770350358409943
-0.293928026662262 0.604079851393317 0.740738717958672
0.047351165796803 0.97805392851504 -0.202899926106398
-0.914940740571668 0.403033190874487 0.021158645885235
0.130815747665713 -0.566953672769044 -0.813296239445598
-0.913828564168168 -0.0968886974997665 0.394372838323259
0.686013165182336 0.501778282737456 -0.526881857886152
0.63709215160064 -0.0411645799746504 -0.769687642959388
-0.215016776581248 -0.359603533482444 0.90799398923977
0.827374872193384 0.505650837115232 -0.244475053507811
0.84382573636106 -0.519052090244946 -0.136172883743668
-0.277841537752487 -0.787424956610928 -0.550241781043216
-0.140195729250537 -0.829265678498721 0.540983911002874
0.251704859200112 -0.932831342371337 0.25781844492732
0.951534025059131 -0.283801532514789 0.118489194853478
0.105087963583086 0.912395178835669 0.395590138334348
-0.564449463004512 0.815733187266 -0.126396878548368
-0.816904984657915 -0.165781069515674 0.552433600563263
0.511244462959291 -0.806002432175384 0.298310540244278
-0.733955012338952 0.672567202982351 0.0946752202797913
-0.653834983841672 0.202630960297456 0.728999662437295
0.548121284953646 0.555018482638829 -0.625713625319168
0.324155828911753 -0.940757775671704 -0.0994877183161992
-0.642481212558446 0.348988770093918 -0.6822204408091
-0.234404907888756 -0.282735819954427 -0.930115474160258
-0.488080658184693 -0.770951270151947 0.409159394560478
-0.0424749604920333 0.951386402689417 0.305057028289614
0.595691568711918 0.648192799172501 -0.474339171971336
-0.200816883166431 0.903273128254395 0.379170456666708
0.00768517853378985 0.656788214780304 0.754035926834129
-0.649421296943101 -0.312571858745816 -0.693217723516159
-0.767514370199477 0.272780681669841 0.58009688091304
0.92333745473974 0.10774495934936 0.368563384520957
0.550556273268502 0.735534233377753 0.394812843628598
-0.547742536277883 0.501490018779826 -0.669690880194797
0.120766079870325 0.83409588159337 0.538237507297414
-0.127725913968142 -0.500436810780086 0.856299649256765
-0.352679197867001 -0.52024045502995 -0.777796408028553
-0.72163058298475 -0.518759111345014 -0.458408427166889
-0.82999182719099 -0.547893583112041 -0.104528409443613
0.327144599953314 -0.419555823422427 0.846728599820341
0.478786800219943 -0.726135017029392 -0.4934482110403
0.599662578101318 -0.60355713877719 -0.52547461656675
-0.80507919452003 0.393818227104069 -0.44357039413332
-0.765889455308015 0.104076377617386 0.63449306526552
0.518657221067878 0.0793769874195704 0.851289598727918
0.742329694333057 0.643477773962205 -0.186769856583002
-0.760822921814756 -0.336353058904113 0.554991082277097
0.660445903445317 -0.711503039397449 0.239947147410614
0.121954029104317 -0.982188041488654 0.142947073918655
-0.608510445935659 0.689093579075665 -0.393529003332506
-0.601314363528421 -0.125149365533368 0.789150601926531
-0.0497016162671845 0.879098025219696 0.474042626137418
-0.186530394886916 0.960652686954359 0.20579802436054
-0.48030122587617 0.102194336698466 -0.871129754955373
-0.739464206245181 -0.0639394865991795 0.670152542139189
0.149669299419693 0.724834428460314 0.672468699739868
-0.775114434228374 0.599886214725478 -0.198328372234447
0.556801273880518 -0.500142929276117 -0.663196344757823
0.313861510886687 -0.780363326498603 0.540854907197819
-0.0984462556772864 0.41178273664412 0.905948846538811
-0.142773210871921 0.0301990026246004 -0.989294612589092
-0.76754124196352 0.287267322538286 -0.573025241404583
0.803137409587901 0.528551906931215 0.274960329865624
0.391320342458172 -0.543522079490043 0.742598235040482
0.261687308889233 -0.453941591035463 -0.851737509033448
0.162540757044286 -0.703289459120144 -0.692072567719575
-0.238224755536904 -0.728108880036758 0.642733556507672
0.00882430535794375 -0.990224001845102 -0.1392068884963
0.385771428749898 0.604154705828207 -0.697264294357523
0.901168534054602 -0.326709960323184 0.284878702355062
-0.573292945017902 0.226033995542033 -0.787555605688897
0.629981446851122 0.399835164897853 -0.665774149043407
-0.241416743216413 -0.103922947010534 -0.96484090770418
-0.859687841208276 0.176214480336802 0.479463525826819
-0.62427890182844 0.045325445907252 -0.779885540759146
0.515273537195664 -0.179632669050634 -0.837988834099605
-0.22923000533134 -0.60900698574298 0.759318178349527
0.32320683407162 -0.730465967692637 -0.601628467122575
0.0694492462211907 -0.241342463709618 -0.967951763989239
0.922322231059427 -0.34203206981658 -0.179821481782762
0.512205180948837 0.420796940104395 0.74871609292705
-0.342507953269634 -0.939232776763765 -0.0230237486017024
0.309985146607959 0.930341321418981 0.195893426492129
-0.929670483962249 0.0766107153703728 0.360338159982865
0.345273715704906 -0.897375503850264 -0.274778576917511
-0.479181660031445 -0.870037024699332 -0.115846934969568
-0.092818965728953 -0.176518190128587 -0.979911204219411
0.852568334862159 -0.00309011960745236 -0.522606626011552
0.848594724767174 0.0600297468072676 0.525626695094132
0.873474220474777 -0.229777614805964 0.429237735876127
-0.91292150701117 0.0617430195476141 -0.403437878208774
-0.493256042630512 0.0109336198976432 0.869815458798256
-0.337394570787287 -0.0228856915579221 0.941085091118321
-0.446160647229511 -0.690346073744311 0.569528730907896
-0.477434679662936 -0.452941380925874 0.752927773494983
0.707805353451588 -0.169241517541766 0.685834448220146
-0.751325751243689 -0.659846036616897 0.0106218397219532
-0.408411025858994 0.25214389692437 -0.877282103545146
-0.377798650946529 -0.363077943978159 -0.851729174056857
-0.548356964457847 -0.291743243940719 0.78370308098509
0.318111645217092 0.662366692354883 0.678288541872946
0.316948414516457 0.475544577870375 -0.820610173586454
-0.0905275583954094 0.942959119968944 -0.32036363594884
-0.750098060554306 -0.363148210959308 -0.552699083072988
-0.0310544350856213 0.0630422520380366 0.997527591858734
0.0391478613258601 -0.543775496056625 0.838317156475986
-0.97255561185185 -0.00613685466424596 -0.232589597510947
-0.973533400005415 -0.0277290370378814 0.226856385360538
0.408759018508607 -0.893002103684125 0.188317040130751
-0.171147766565326 -0.982204490422849 -0.0773484388523235
-0.490098887586532 0.805571526121448 0.332952844542294
0.90974199982848 0.413849289871835 0.0331399912591412
0.704449730093193 -0.459167517720236 -0.541216932885755
-0.904828481722216 0.265127761351752 0.333155652548292
-0.345037999394447 0.826746147869403 0.444341744558152
0.268010747317828 0.889165482210048 0.370884058121014
-0.628429795242212 -0.474576286567388 -0.616322432400233
0.703068353495929 -0.707762139511326 0.0690481294958371
-0.0215334803932739 -0.999280978840125 0.0312063222837123
-0.479585568952596 0.862175476328646 0.163251738336493
0.588728690325536 -0.603586113704171 0.53766377275308
0.593161122652967 0.771795833658922 0.229109305179429
-0.86841261560643 -0.263964848783581 0.419740500383582
0.440963156106149 0.852827587756672 0.279708063019357
-0.984146952949642 -0.152162533191265 0.0911116814286295
0.0406139136695119 0.513877883437462 0.856901412608405
-0.826738752896316 -0.404470347591333 -0.391032955617287
0.363799880397237 -0.149910565434595 -0.919334797227885
-0.934639457996462 -0.336133883660302 0.116030581363369
0.845851487932555 0.23497418426205 0.478876177203113
0.89899499242354 0.390205687818357 0.198865594791062
-0.512565599052601 -0.828249106205593 0.226450711496972
0.821385753030895 -0.569718448626269 0.0273191144209809
-0.747881339608613 -0.00955199471628683 -0.663763708907143
0.359659906850635 -0.85555086406606 0.372394240556982
-0.387711067115968 -0.192410419459513 -0.901475656309815
-0.153042402295655 0.987642123799842 0.0337795558838991
0.00320849180268639 0.105891640507908 -0.994372498639668
-0.399046468478349 -0.807008733224727 -0.435314622421507
0.218873434533342 -0.555186882377358 0.80241008548727
0.144660634963588 -0.418686735784338 0.896534839239495
-0.627179945400077 -0.776847268830353 -0.0561572524147753
0.44632836480049 -0.624297591119339 -0.64112674916674
0.745086200827767 -0.617345425668179 -0.252450349064165
0.996545056166969 -0.0428187543894736 -0.0711653377825632
-0.625248624391263 -0.719222514620387 0.302957310788106
-0.212941867031012 -0.446189447326822 -0.869235720825791
0.276898048850765 -0.126144018416847 0.952583412179894
-0.823129670299529 0.114625248555163 -0.556164182832962
-0.285142625694299 -0.19670102579439 0.938084425552197
-0.685967079206073 -0.643066406701413 -0.34046257183077
0.892373824066783 0.358888823656254 -0.27361975508917
-0.693523540284402 -0.233449218161075 0.68156185457475
-0.288077182420242 0.954576421388373 -0.076127476630865
-0.0264413259275179 -0.767257898934658 0.640793393228714
