# command_history: dirgen -cart 0185 dir0185.txt -force  (version=3.0_RC3-1000-g3151ed7a-dirty)
-0.150375176135589 0.826115777832486 -0.543065399393496
-0.993345850225342 -0.112750150915127 -0.0234824468211687
-0.045072497016633 -0.180069886917795 -0.982620631697757
-0.256520360077454 0.321334342674477 0.911559951447899
-0.430435571287322 0.897686668672594 -0.094254251140508
0.727925578547693 0.33240455412977 0.599692891811963
-0.593806143840037 -0.390673888307691 -0.70339759491512
0.141873679867534 0.629885401020436 0.763620482008026
-0.419313194210908 -0.103313540427321 -0.901943877148139
-0.331636960345175 -0.598731561285033 -0.729066145184509
0.143640730098422 0.358169264792053 -0.922541120175742
-0.429149691504013 -0.859294413139219 -0.278286999031101
-0.787295447374036 -0.510101916101512 0.346355184360914
-0.425844100415616 0.58172688555306 0.693001178040811
0.91436500948259 -0.370495279578342 0.1633091462352
-0.254248141543359 0.839280633328085 0.480589118730497
-0.589643083330703 0.79477924577902 -0.143690586884433
0.393250465938595 0.883935197471569 -0.253007189048011
-0.0531809945076791 0.860416328177589 0.506809159377147
-0.673862038561695 0.720556619798333 0.163426162686015
0.0548543225087199 0.932465197901316 0.357070942537991
-0.890717170579193 -0.394818100681143 0.22525893857943
0.421444331990556 0.427868846946956 0.799570462714398
-0.660273989964596 -0.749589938285646 -0.0464023986142246
-0.734102167771943 -0.0157950281199924 -0.678855304434769
0.473149501662875 0.429737378707511 -0.769061333326394
-0.805708466608299 -0.567404851456793 0.169957645838599
-0.982304762142318 -0.074409411039615 0.171873772930201
-0.972548532523285 0.224618405554397 -0.0607941096900539
-0.648540936320605 0.479749086155365 -0.590961477805013
-0.0665338000119075 0.997455551850379 0.0256061621261585
-0.713086209747273 0.700317078264897 -0.032619738790896
0.511529169315208 0.717763482912657 -0.472391248370232
-0.806465744928166 0.582480152700536 0.101635987560597
0.0570092137898269 -0.341335872233889 -0.93821094209639
-0.154132184553353 0.924330006189414 0.349080663089047
0.331768339210884 0.826840204949988 0.454164116345087
0.165756901472399 -0.700227566582084 0.694410544716022
-0.757362589315605 0.181813296608683 0.627172889625696
-0.932813913982068 -0.211987049689235 0.291409836219557
0.988722867699706 -0.0413751142481842 0.143927727726867
-0.0443938848285712 -0.955760849905294 0.290775481734858
-0.337315899661122 -0.572502593071364 0.747300986726481
-0.895668700152101 -0.44327290342647 0.0358707771830154
0.58254160951504 0.051888734981255 0.811142917349139
-0.044069720452613 -0.49411422622739 -0.868279327854197
-0.876847275641197 0.177515275899235 -0.446796577899865
0.238080303579532 0.919538984604881 0.312675270591235
-0.571628551048723 -0.0958593535522935 0.814893725563324
0.464397708672027 -0.751774601396539 0.468155654537299
0.0327432266915329 -0.306994316125243 0.951147922761029
0.15918821303688 -0.172787087188565 -0.972010151866233
-0.507704335759272 -0.54390103237316 -0.668137691224382
-0.165915594201307 0.18595569929871 -0.968448498113945
-0.802775314438428 -0.493251260687012 -0.335044755755044
0.309117322189306 -0.0476358911284286 0.949830144288395
-0.0422543008536826 -0.760986987509478 -0.647389665426176
-0.699815815225838 0.376007397294425 0.607351843612637
-0.403164918287919 0.909780671228841 0.0987784334776369
-0.950089239161917 -0.29912376201353 -0.0886307656945569
0.200742621475969 -0.37997060647842 0.90295334216967
-0.446066502474268 0.84819215788799 -0.2856479278197
0.186899722944632 -0.550986649962637 0.813315563066495
0.353593459626872 0.715298762087001 -0.602759774923563
-0.995802266648606 0.0743226557082004 0.0534227347294999
-0.593373055990725 0.736987100712597 -0.323664069379765
-0.603247905094656 -0.273191924618904 0.749305102960021
-0.0158725771690252 -0.77307210019686 0.634119538566057
-0.0171915545212567 0.481734377571987 -0.876148640310805
-0.0460496631984669 0.977561991322695 0.205552868237142
0.516423580550564 -0.823085663940291 -0.236297852862243
-0.412963399425184 -0.703342611350512 -0.578593468502573
0.323341590661014 -0.736636025145146 0.593984496605059
0.721416719698785 0.115065613078457 -0.682874674611618
0.126639273581566 0.979702487351243 0.155388322162642
0.514462703794057 -0.461026895809168 0.723036878551482
-0.941637601468277 0.0182067934151863 -0.336135597898537
0.793280471808499 0.608748709225118 0.0114499809623042
-0.637408469945426 -0.588404033879185 0.49748480917163
-0.903284955837928 -0.16049901352679 -0.397889878249999
0.0733839213358592 0.164345000919135 -0.983669416400786
-0.544734901331563 -0.831914887927051 0.105742642848638
-0.165483404837902 -0.534399530915792 0.828874166614111
0.962583778203969 -0.102687508445281 -0.250774292039421
0.856415798380352 -0.00596641368578914 0.516252246670437
0.851672488090777 0.323665050232311 -0.412183100438848
-0.513254735219701 -0.250804252228394 -0.820772077886858
-0.0526943836337275 0.637547761461135 0.768606631372224
-0.667336112305431 -0.19443012908443 -0.718929369352293
0.721804931477357 -0.652012520795871 0.232114871605379
0.54359428744246 0.785913755981757 -0.294694449928347
-0.285868960471754 0.928848763935579 -0.235624513101132
0.0281272297812766 0.880950302288225 -0.472372124329026
-0.145962761336616 -0.331692690694416 -0.932027269581147
0.754606732394562 -0.591114457573187 -0.284872563566166
0.133645677124912 -0.92082065067165 0.366371617735958
0.235661461636219 0.0293053431855045 -0.97139326349335
-0.257035934594847 0.965626543705734 -0.0387027959955385
-0.907164190652773 0.278262078367482 0.315631663398825
-0.513426092719175 -0.75464880522114 -0.408532530030875
-0.49759372060965 0.619076275735425 -0.60757308534151
-0.00167633720238871 -0.637740919652261 0.770249121579942
-0.86594870887365 -0.476567047788296 -0.151712499690721
0.581981420845173 0.620556098591746 0.525554711035516
0.182694559079329 0.686810910369163 -0.703500868144945
0.34426845755014 -0.241992379964821 0.907148784475297
-0.566191697530715 0.823144750387711 0.0431240252810466
0.212616332214852 0.977129681936163 -0.00344673103638253
0.519018712790076 -0.097232785952464 -0.849214555403789
-0.477405532180393 0.0975130183631183 -0.873255500465511
-0.52253667127759 0.670211973790574 0.527040166740524
-0.867367597316144 0.344007057648246 -0.359628412968465
0.686420007935143 -0.555858269225151 -0.468880749487903
0.743403931758855 0.279757856611563 -0.607524596958493
-0.342579001601576 0.128212500958822 0.930699297442279
-0.966160580746583 -0.142535187293561 -0.21498244717794
0.338949117873447 -0.894190626301916 -0.292466441368234
-0.655002748736904 0.311698618282235 -0.688342480534251
-0.239533739828686 -0.47392895196839 -0.847357619880666
-0.345787047871247 0.459113353041226 0.818319159364933
0.22881022256253 0.953132291438329 -0.197951299739118
0.817717541207242 -0.0108084988710139 -0.575518200541163
-0.704276649496415 -0.489791848686885 -0.513904996992622
-0.234821162330031 -0.742009968496868 -0.627917373842491
0.5040511108042 0.859127128558569 0.0885045460513788
-0.385708090937195 -0.920649884410179 0.0602748614358284
0.959993968475742 0.261571477386587 -0.0999597054217081
0.207458490891096 0.901558533262688 -0.37967510539726
0.906285112462519 0.324362305316751 0.270991493996402
0.612107535728478 -0.705976863752551 -0.356259782392741
0.0618799499727146 0.993178462908075 -0.0988302211215139
0.589622939679058 -0.518642569975388 -0.619156420958025
-0.874448316593777 0.436931644384479 0.210786336705646
0.0570474831069951 -0.0160562362899785 -0.998242346300415
-0.601645601516438 -0.7644590013235 -0.23157073535186
0.411132672540203 0.0626795790976329 -0.90941805344632
0.888068908213238 -0.12411589370498 -0.442638519781956
-0.437174190116035 0.795796886991159 0.419029882170199
0.439470440134068 -0.275370965780919 -0.855006762226622
0.333481927984555 0.29014063080877 0.896999564136791
-0.49532172709968 -0.59161520287746 0.636119358601239
-0.154016933821202 0.755514326334535 0.636770670492595
-0.616830456579627 -0.442076634360009 0.651220728469768
0.822891012752316 -0.504620683432573 0.26116727778095
0.628431376029369 -0.626848530424476 0.460581073782357
0.363434860519301 -0.428121395544438 0.827422004080384
-0.806068351749387 0.440482540373219 0.395258072573327
-0.304194247688182 0.852260427026922 -0.42557963320313
0.925942493580262 0.0442637296872171 -0.375061622692249
0.749877543155527 0.633360153814451 0.191150688806412
-0.119341296594666 0.0146783564033692 -0.992744781290942
-0.44357581822468 -0.250661185574711 0.860470489634936
-0.770755478817123 0.162156481060515 -0.616150361132296
0.313752731302641 0.401733515403257 -0.860330986424338
0.741080189575818 0.436370917779121 -0.5102749991278
-0.349057472831126 0.594197782114888 -0.72462947524269
-0.154173859548788 0.489374981365919 0.858337083344846
-0.671755507190647 0.0568117178546864 0.738591204438177
-0.686305613379889 -0.713429248871721 0.141433065078809
-0.147933822867005 -0.853420443018343 -0.499789087006038
0.345816985522038 -0.724425589577112 -0.596337301944382
0.849442248246743 0.158340931935526 -0.503364694994899
0.523448697811302 -0.406279994666966 -0.748957960564585
0.678494348678949 0.637811157043994 0.364475440545629
0.268727589010893 0.214051767294004 -0.939131153685525
0.819902905228659 -0.29133239912044 -0.492833297597001
-0.676393428546772 -0.66111177837393 0.324689307360133
-0.234570670523377 -0.141190054828582 -0.961791021453057
0.329042470776568 0.934063694627892 0.138766230774433
0.831164250336838 0.336240562434829 0.442841137582669
-0.776406772472521 0.336057502390182 -0.533158399301817
0.24446750677758 -0.621167377872263 -0.744571505496451
0.752615952781922 -0.502487800373283 0.425529362199814
0.115163015682186 -0.978079080435196 0.173490034970387
-0.946338587569743 0.195671751975467 -0.257207782066087
0.508346614905385 -0.284279341709515 0.812876974081221
-0.366935084417185 -0.823041088904365 0.433545856627497
-0.82956193870596 0.552417369941878 -0.081621316069442
0.910801298067688 -0.412123803268232 -0.0243919293608128
0.9570945394465 -0.258993921286955 -0.12996996306108
0.227276956465505 -0.961986253797228 -0.151418732543078
0.616945382193637 -0.246355944255462 -0.747453773901736
0.19486538956451 0.810970672814783 -0.551682923230554
-0.634629029250057 0.133466948323025 -0.761204682682962
0.80646172324397 0.165142247795475 0.567756573661128
