# command_history: dirgen -cart 0127 dir0127.txt -force  (version=3.0_RC3-1000-g3151ed7a-dirty)
0.736485398071384 -0.520322088033852 -0.432266333562687
-0.489901489440253 -0.868992459884825 -0.0696321427757508
0.515914283054763 0.838751171016394 -0.174152018818953
-0.195706524712863 0.834109218632553 0.515713842723855
0.321526157386833 0.293135152464956 0.900384758037032
0.100295812910681 0.994846847115132 -0.014849265896569
-0.410558087811401 0.236096599473912 -0.880738583377327
-0.606764400812922 0.147567990949244 -0.781063793779573
0.508301262341032 0.209740494080512 0.835247718850747
-0.300999649398317 0.439114235065147 -0.846509243673831
-0.294922387467484 -0.944795764068942 -0.142764664983544
0.537111331480994 -0.330867052292068 -0.775911342424037
-0.0954013897298395 0.930959826614231 -0.352437761977937
-0.0995773677021394 -0.343419238649765 -0.933888416443168
-0.506721064681754 0.860080545337469 -0.0591203699226545
-0.781676091878246 0.581858667735152 0.224550613821083
0.187472486258832 0.474708048352346 -0.859945542302208
-0.910192835920191 0.315511300199217 -0.268331177626008
-0.538996688455653 -0.25887553227016 0.80153978605287
-0.910703788599945 -0.0182844790545782 -0.412655167489041
-0.321516985535254 0.946224513859691 0.0358608056701921
-0.327764318331907 0.69975449744166 0.63475522442796
0.616348777878133 -0.714742265238869 -0.330541492538142
-0.840177725084911 -0.450746701051317 -0.301544029558701
-0.122963533666955 -0.890258699031433 0.43854237900914
-0.621798540758197 0.519729941652606 -0.58587316243429
-0.123173216570213 0.357496856694656 0.925756099722377
0.298139096378429 0.785718157438576 0.541996361871537
0.784289223857545 -0.0703092957666638 0.616398423318657
-0.728933205365371 -0.208011929879033 0.652217309754782
-0.389418863582171 -0.62827553120993 -0.673515260086399
0.161371465031834 -0.278633766005876 0.946743088020643
0.6570956129562 0.310029643975999 0.687100411359091
-0.654266032649559 0.436152027543141 0.617824706038059
-0.673783778906249 -0.572284289029974 0.467446373194051
0.314436508759427 0.285206660033186 -0.90542080991763
-0.915615894513672 -0.278657228003889 0.289823537683049
0.525664488308065 0.750566470767505 -0.400408314962905
0.0824197180584204 0.2800591394459 -0.956438115346724
0.963007718506305 -0.179186704710497 -0.201266636460876
0.901868036132469 0.239472946707761 0.359564671787517
0.289153907804347 0.630545955303989 -0.720278984735259
-0.0346144088791725 0.0736480102205424 -0.996683406748853
-0.110409001767783 0.986187682786164 -0.123465406691503
0.114819397948575 0.965836581260461 -0.232327794621804
-0.789932193029801 0.613193478011527 -0.00094283575238855
0.628465646330193 0.424030730198804 -0.652095753114404
-0.908688897799451 -0.406609530767609 0.0946212265031699
-0.281326231556076 0.741768925302165 -0.608797513870194
-0.314476174362419 0.928193993088749 -0.198898584591092
-0.897548820720402 0.434505931987438 -0.0749046693547468
0.131718278807847 0.770999081625607 -0.623065575329249
0.978516222127731 0.197580641316269 -0.0588888207550792
0.975663917123976 0.132478435461811 0.174726600607605
-0.054680376613364 0.926797414054025 0.371559698724436
-0.969700577746393 0.0939815108197657 -0.225495598942297
-0.320044192427104 -0.942690441377572 0.0943739722012508
0.15251259863162 0.687839381419446 0.709659701989019
-0.548337909809517 0.63837143661664 0.540192045089278
0.903072075512229 -0.403726889330756 -0.146510836668646
0.646777329510165 -0.756363889401357 -0.0979425997273479
-0.966933020495963 -0.0512756801977613 0.249822614058078
0.265155967120548 -0.0798480625867126 0.960893646561114
-0.339842022835903 -0.778560320466482 0.527590017826276
-0.815058047596246 -0.495708665468005 0.299922153280689
0.244274969760952 0.507511957501265 0.826293744464715
-0.717861758798765 0.296352658385477 -0.629959996445969
-0.180325092833263 0.624069906498749 -0.760276010865342
0.333549714238709 0.886502754681405 -0.320713975488374
0.413104800128571 0.0801095821493397 -0.907153172820661
-0.222608378853404 0.550383213317809 0.804688652934924
-0.194218632019045 -0.0731854428360058 0.978224419002894
-0.425755568729394 -0.45678581868696 0.781075483895375
-0.0808218939043702 0.817188175512031 -0.570676184249026
-0.903207703255026 0.105453920641868 0.416047251405462
0.867227541392939 -0.203843222353165 0.454273411229666
-0.475424901415246 0.130701652349326 0.869993242035511
0.787961661526154 0.597886135731178 0.147134593707197
0.621003166929452 0.0447910147870857 -0.782527208254086
0.794490208931141 -0.0159581357403245 -0.607067249830071
-0.86792161118344 0.345668556211346 0.356686593647007
0.269049055484066 -0.919500658605564 -0.28658531812894
-0.0816825595351464 -0.974904754675394 -0.207095820283989
-0.674600240946151 0.169945695118074 0.718354352409888
-0.0384475709752011 -0.642113260599336 0.765645051475287
0.667510235477185 -0.727368403705553 0.159264844909442
0.443266076176735 -0.529857029527402 -0.723026081114146
0.794022285782139 0.360348039172681 -0.489569096599971
0.453871139253353 0.00961732461307886 0.891015429731803
0.471336007874061 -0.859459039015803 -0.19792050913277
-0.535453269543543 0.378626292717897 -0.754938359469057
-0.0540005717935278 -0.830410313447756 -0.554529214348146
0.658910645890174 -0.644885930409376 0.387245267876351
0.261628731644411 -0.142460677277093 -0.954596963229974
-0.496905208843534 -0.617684732504767 0.609549657250891
-0.0347235567557619 0.143620189111473 0.989023516346206
-0.121180119448225 0.986094669261162 0.113721949971116
0.806331110571312 0.162003795667065 0.568845242851075
-0.483632699396829 0.710987530201231 -0.5104861839193
-0.999730810997673 0.0177338655262625 0.0149604664175709
0.424650147652809 0.84899894418336 0.314440844792765
0.76821996824823 0.390564747183597 0.5072447719219
-0.924185655434921 -0.362192302431561 -0.121233701369091
-0.202547083953764 -0.125144896622182 -0.971243241228092
0.695130955062593 0.603227434042752 0.391036594364215
-0.499096033739281 0.813937925648791 -0.29733516828028
-0.599338989880707 -0.53244568787706 -0.597741051518045
0.0907355364761394 -0.711971262343829 -0.696321753226856
0.204945075713099 0.901736904369876 0.380615384920768
-0.421267924826908 0.574456121835751 -0.701807309450008
-0.29760534357903 0.858684376960456 -0.417243574231216
-0.792007908125759 0.266289762783164 0.549375314064207
0.00907322658649466 0.545287083847187 0.838200258141657
-0.972552560700103 0.230535476376132 -0.0315422067665382
0.46777414785275 0.435698887679408 0.768995335405593
-0.416887869707255 0.801271173588053 0.42914917041487
0.661890172470194 0.749582792079084 -0.00519975059995407
0.663499180561617 0.071765296393944 0.744727184697559
0.876450682888776 0.135615951833381 -0.461998391850149
-0.619736468700449 -0.7491378471821 -0.2339213442208
-0.33748746128626 0.351246564637499 0.873343039306383
-0.0520760278535092 0.464506945775021 -0.884036981494418
0.512179594073505 0.715735577655526 0.474757460491997
0.784889631141479 -0.429143500197764 0.446972172696025
0.804521005840732 0.589504848772399 -0.072318631312043
0.801406150725911 -0.544815633225182 0.246828092753079
0.683090243943383 0.687140436162855 -0.247438355190321
