# command_history: dirgen -cart 0265 dir0265.txt -force  (version=3.0_RC3-1000-g3151ed7a-dirty)
0.434594857620297 0.7039988312954 0.561705398999071
0.981879733145106 0.180150433617471 -0.0588048544453051
-0.417111497118386 -0.204205917744537 0.885617266165114
-0.753196073994808 -0.0576127619899701 -0.655268222771938
-0.254905492254389 0.0889590211853682 -0.962865246318657
-0.502042008444492 0.787111814853191 0.358341754021963
-0.0126193001069435 0.977188822884827 -0.211997070012245
0.0236259336870304 0.186447851651789 -0.982180743993614
0.901924235261965 -0.395251712877119 -0.174094104767574
-0.960136102835585 -0.164641531842016 0.225902257678865
-0.65924126491186 -0.0786660196147074 0.747805196555486
0.365775866211805 -0.866497396567302 -0.339691444459661
-0.781863657659063 -0.477662682219198 -0.400658935813434
-0.502116647187429 -0.0381846214134093 -0.863956484612951
0.40337856677636 0.810750303263764 0.424228331943028
-0.867905317330158 0.475704719943492 -0.142987340605808
0.536242711414084 0.718894211479593 0.442306304676303
-0.927610487618376 0.373416965322102 0.00992739996330104
-0.5132938303804 0.830012282745419 -0.218194991200891
-0.511824727130882 -0.859053358314911 0.00792314743468057
0.21733947467175 -0.924255188204883 -0.313872426036062
-0.0389965627600284 0.945265068300881 0.323964841831695
-0.417501085911964 0.546257102505042 0.726151513959123
-0.441960816491853 0.892944831662505 -0.0855579586775915
-0.920527037275644 0.143445074274422 0.363391640397698
-0.50273965557983 -0.450351788698095 0.73785913636947
0.110024954040076 -0.990687440617328 0.0802053894172222
0.637294702010657 0.0494560510621219 0.769031573995821
0.534677954470518 -0.487252257855815 0.690438065446592
-0.129168239080141 0.596505033543769 0.792147278585165
-0.621035266414037 -0.717784270458635 -0.31480301611041
-0.123884383032884 0.464391357993582 0.876922645540323
0.473569372086238 -0.737912177365742 0.480850983483652
-0.937292829149498 -0.202721359132568 -0.283524607356002
0.31498649166333 0.929404463303104 -0.192330064373452
-0.873267159564933 -0.206361949986232 -0.441383295587038
-0.583111932144151 0.809115486495621 -0.0728876128300919
-0.713934306529399 0.0581441739757191 0.697794426026081
-0.889088469912271 0.358962080829498 -0.284020980203248
-0.863212803994856 0.501501358447053 0.0579658735386557
0.795715630010568 0.348019476217096 0.495700595450987
-0.766835676910667 0.449707987045199 0.457958263387303
-0.0305484574847274 0.997646573936159 0.0613848943857318
0.11576582546291 0.924384907647625 0.36347051622956
-0.0717080356952102 -0.0204775478403365 0.997215436929845
-0.75663177951404 -0.266692064565678 0.596978804420319
-0.618828071847424 -0.676065377089361 0.399984278934335
-0.627916882128989 0.687584604864295 0.364620076642826
0.362931636637121 -0.711936417907116 0.601188126949863
0.730432740176296 0.413937241294576 -0.543253138369198
-0.407302317829631 0.0811521538720837 -0.909680795561021
-0.0400509850592268 -0.098278232438832 -0.994352707857974
-0.814234452734788 0.542362351525121 0.207039454278218
0.523885704029497 -0.622585999042247 0.58131785015608
0.48938911449384 -0.153365333017597 -0.858473860547505
-0.607234309198718 0.233525740970549 -0.759428878853123
-0.0148931548093237 -0.875893210721711 -0.482275105465166
0.93120002437354 -0.337516422989199 0.137656016284413
0.751440502746176 0.56785371554132 -0.335975190421095
0.953088660347804 -0.205509976994211 0.222233334295886
-0.762364167576252 -0.108799379188251 0.637936964820209
0.860558749120156 0.44138086721252 -0.254207728779981
0.123997587390061 -0.974101644368356 -0.189078250362935
-0.566528354325857 -0.191212302826718 -0.801550671506512
-0.250844973265704 -0.763557877371929 0.595026190424088
-0.619902218695382 0.63252264578947 -0.464366602825862
0.857054247291888 -0.302032229356479 -0.417414122459806
-0.947745558528943 -0.31880351556294 -0.0119446537569232
0.218228739896312 -0.035086089328407 -0.975266724244659
-0.548133703077822 0.566251629941327 0.615555468775142
-0.530555879586876 -0.302365146246069 0.791887477468478
0.308976983832761 -0.226453432035059 0.923716442736164
0.997943280039533 0.0522448160102891 0.0371441654097934
0.144870268774327 -0.216933566169751 0.965376834761498
0.704650885456082 -0.706679812680088 0.0638026016428553
-0.317075471164467 -0.549835108391541 -0.772751253098883
-0.246672708753209 0.209958289651573 0.946081440132371
0.691988396953479 -0.091227263117421 0.716121250170569
0.6273719258094 -0.183806279373435 -0.756716405510743
-0.27928886578493 0.637215712630183 0.718299286527402
-0.561783072543903 0.097898206866523 -0.821471679667322
-0.358195506674984 -0.510165203072231 0.781938261355794
0.388232363031879 -0.483346479969125 0.784634827544725
0.761583801456793 -0.642204302673985 -0.0869698050224375
0.158782521171024 0.841124119933189 0.517009019106235
-0.295573294003084 -0.949614071686531 -0.104257099168807
0.298731120764122 0.783248183636993 0.545235729126735
-0.23620661151738 0.494284030425452 -0.836594127365145
0.260534535064553 -0.370059706829101 -0.891727295433002
-0.209515955360676 -0.948537282247474 -0.237444917056315
-0.0954348695294173 -0.793460268918931 0.601093160271352
0.913828080437031 0.151987664280153 -0.376587293082806
0.961867604633112 -0.249402801567584 -0.112289597593007
-0.738755460314287 0.507032946417404 -0.44402473028325
-0.829861946055486 -0.557275463511333 0.0278066225426841
0.667392323748336 0.606527579238895 0.432101587389357
0.665687924586358 -0.452624271066955 -0.593288173066862
-0.310882076716319 -0.259521882228743 -0.914330753623107
-0.647119127948761 0.758174403032864 0.0800525379272571
0.873112255225937 0.338701449709157 0.350651276540088
0.804996732704021 0.434793972800124 -0.403651410938369
0.311941414516261 0.644080312820805 -0.698464819834363
0.925520550443252 0.330229894570374 0.18536431004716
0.111972320865766 -0.596492290476618 0.794769870315862
-0.274590046710321 0.839914954935361 0.468127306107596
0.0839353631653444 -0.0696604093206476 0.994033340579471
-0.525145209650454 0.302782152534825 0.79532727658968
0.190975509426559 0.0493914290353471 0.980351386767578
-0.2594053150925 0.900873898538852 -0.348044683098552
0.746813351328796 0.595629037480768 0.295797004695427
-0.158091464366455 0.868711506236964 -0.469411767881862
-0.445328713017093 0.871569226929488 0.205059552403866
0.010787129493819 0.880344369212415 -0.474212430703033
-0.185585371496849 0.958114470869241 -0.218116323546246
-0.975417784886049 -0.0639425172407319 -0.210882667417008
-0.745462021321751 0.56844014171217 0.348083581998832
-0.320907203240731 -0.0852221221791447 0.943268655685905
-0.0615228025867469 -0.995601309138318 0.070661007662925
0.788702913893647 0.206466623451911 0.579067566883207
0.895902317237633 -0.0067085026151369 -0.444200443449691
-0.296878719666549 0.936937756788326 0.184419808354772
0.245517358852823 0.415647662288282 -0.875761524238317
-0.74270792392762 0.372569025768693 -0.556396675738535
-0.26352136756479 -0.879232741950647 -0.396870601479538
-0.452387104347691 -0.321761028026199 -0.831754620464133
-0.0486946583596154 -0.584675104835405 0.809804823419167
0.4589295096898 0.587743131709337 -0.666289513848433
-0.172718888867082 -0.862618486982444 0.475455078156328
0.493734422273355 0.817849126365108 0.295548856817659
-0.132069524311485 0.712205626067596 0.689435121636403
0.938367273969168 0.306196495990632 -0.160345143321312
0.970821047786764 -0.121092072148545 -0.206985997683375
0.8468025032146 -0.169823534137723 -0.504068931598111
0.0321681391944933 0.260243002438549 0.965007145311647
0.104939736569055 -0.153133134827094 -0.982617878275601
0.246236659356014 0.908096193521821 -0.338716416638416
-0.569104610582982 0.742893245208192 -0.352462151779782
-0.837383102957092 -0.290295686547317 0.463160828712851
0.898560024737909 0.302553518248221 -0.317885593474495
0.273719795791179 -0.511440433491609 -0.814558872262743
-0.900583925046316 0.220757102285163 -0.374452795074132
-0.765136906073456 0.612601590999481 -0.198203949681243
0.63806635060486 -0.366845294959278 0.67697552525334
-0.336724454136366 -0.0694369965532761 -0.939039480264928
0.204558020868805 -0.977492134640329 -0.0516250212061054
0.457152184134229 0.459762906932143 0.761334322062659
-0.088845491951331 -0.451759987882721 0.887704563415177
-0.426476598417052 0.834540874834949 -0.348796845215576
0.410015286497436 -0.769645019058861 -0.4894221178863
0.353293368903649 -0.358894617147806 0.863931970279513
-0.598665503324738 -0.788572147739335 0.140547440171316
-0.729033062105665 0.2306868155749 -0.644433384824801
-0.462888373563877 -0.870264444487808 0.168446283068865
-0.370928983428505 0.927309265442084 0.0500920700107181
0.384157668125079 -0.266214825257846 -0.88405460964447
0.083856059429336 0.934946602810936 -0.344736147204312
-0.279260687457351 -0.2600499427027 0.924330836736052
0.845305335742264 -0.428025624051563 -0.319770158896868
0.432832751779865 0.173949912263108 0.88453221366456
-0.887150275491205 0.0798641767162236 -0.454517438579993
0.173109069403427 0.496281087320671 0.850728119000478
0.454893557240619 0.0242888118529172 -0.890214527627891
0.699202749287316 0.347418300183267 0.624832809707388
0.685724766850048 0.201511881161927 0.699410112794366
0.645415670699356 -0.504743170930686 0.573300046585151
0.851147056600731 0.459960089771247 0.252953363008952
0.170463199784967 0.626324388073947 0.76069708716602
-0.808478336759029 -0.569170709487569 -0.149691290504064
-0.418202565625726 0.665326164461269 0.61842356761957
0.225441402377974 0.972543063640055 -0.0577595313300553
0.0203617142687193 0.678317376692511 0.734486852890526
-0.825780223073212 0.228540505001192 -0.515612510277783
0.140755796697821 0.987092791487007 0.0763912736531505
-0.990160249293619 -0.0346426627274653 0.135582324209128
-0.356682705974338 -0.894889573741009 -0.26823515442324
0.80919435710891 -0.585067126141953 0.0538604709512865
-0.924081733302355 -0.0675295208221142 -0.376181756594403
0.0184153036227192 0.786230636649078 0.617658694253443
0.994771154425334 -0.0919881665848924 -0.0443680913679932
0.130294282320805 0.305664819462601 -0.943182070513113
0.0231376382636942 0.553781292337236 0.832340633366459
-0.721231741234723 -0.683932088120493 0.109825653991552
0.503888009845358 -0.359483132944675 0.785409925238003
-0.0633464206760426 0.80322464794288 -0.592298401082234
-0.206084510713065 -0.556150926088944 0.805124413897981
-0.132442177083672 0.810447885926576 0.57064287774972
-0.0247757337924456 -0.414049037814375 -0.90991733542121
0.570326888615521 0.805740082242107 0.159719003223231
-0.0303682345305845 0.334407863266378 -0.941939038004643
-0.462581518684546 0.223591156711151 -0.85791918804283
0.131243041229002 -0.889898596868504 -0.436870405750299
-0.813284376728623 0.49781033690079 -0.301253034912277
-0.181803038419648 -0.197813439743729 -0.963232837001593
0.400946508261463 0.85831200932608 -0.320222410458056
0.00285964703276598 0.703472592815549 -0.710716633811407
-0.846934141266838 -0.134898850450902 0.514300360201729
0.538004155374546 -0.680150166615332 -0.497943048603811
0.155466358816089 0.966188199014495 -0.205695345989143
-0.690492233732402 -0.700310401013539 -0.181068543340622
-0.317046291646831 -0.412365463348902 -0.854070473432982
0.580511283277148 -0.0376302997516681 -0.813382204457731
0.357127230796264 -0.0946053889717419 -0.929252366906481
-0.400993755951091 -0.714199959847372 0.573691925202237
-0.745710985015587 -0.664929799554858 -0.0422313685667416
-0.59977256155445 -0.516013458331048 0.61155783473654
-0.159277384352511 -0.683030903127581 0.712810984908723
-0.39325862739198 -0.363979086891235 0.84431444159602
0.273351466380167 -0.619939562583189 0.735495693102262
-0.75005282644173 0.193071001710107 0.632569637151064
0.646942060199475 -0.732202246116353 0.212945630448305
-0.17761902637551 -0.140879161360741 0.973963317257745
0.329214105293736 -0.819439307060963 0.469187910030825
-0.801042771886657 -0.568957119980697 0.186059864644184
0.570123421014684 0.602732235715636 0.558276935615062
-0.172266029425452 -0.353575329016152 -0.919406820627903
-0.656290043309921 -0.231727752052321 0.71804291513881
-0.974423494322702 -0.193708960978099 -0.113910895654109
0.975431755921342 -0.21503251343697 0.0478947565521285
-0.70205639144095 0.675045102463517 0.226783890250016
-0.659042820611092 0.573653442463301 0.486399309776423
0.438753670444014 0.888761549957121 0.132657920946022
-0.115396916456386 0.315015367923214 0.942045046504975
0.800763285597257 -0.0854696595889613 0.59285166587371
-0.826407912850811 0.369485096708824 -0.424889073627033
-0.543847003675182 -0.143089368412141 0.826895319397166
0.0728329683104204 -0.471615118667575 0.878791521676935
-0.54559502059353 -0.785382696340094 0.29240399072706
0.701114125909445 -0.628905077271087 0.336031823244291
-0.544590507387458 -0.645001496144654 0.536091642571146
-0.406359686495392 0.413295233799651 0.814898064122046
-0.693020987289704 -0.482508910298828 -0.535637062438964
-0.579988429943214 0.784079921477272 0.220979858512492
-0.849366885426138 -0.0622591662164004 -0.524118011676321
0.815829523138687 -0.0321199570278721 -0.577399772718894
-0.156361275575064 0.705751789047256 -0.690988830414166
0.684111469616184 0.550863032375641 -0.478060055538526
0.516784986519396 -0.853511889840264 -0.0667138037399222
-0.279810625301231 0.747187145219912 0.602841093478748
0.635681573750108 0.771732254770081 0.0183919477509254
-0.584539051721617 -0.476516945773396 -0.656693000878787
-0.0523478379645499 -0.977611987278318 -0.203800162389964
0.195408672395445 -0.359362815577556 0.912509625994609
0.767977707385986 -0.32418979842322 -0.552368731515894
0.451553293865181 0.587408591220538 0.671603134120002
-0.584305357262875 -0.339215977724304 -0.737237933051772
0.636802156697669 0.37781141741859 -0.672117211573512
0.310012559037075 0.67364626258049 0.670889652737782
-0.329075248326029 -0.823077705708904 0.462874249990349
-0.37486613227953 -0.926442600044449 0.0343437285784055
0.988420312550091 -0.0755224538505099 0.131611719473527
0.415811999843329 -0.596873581466692 0.686179501685539
0.922624732850535 -0.272925513921396 -0.272534889845725
0.655645328405283 -0.32225841842957 -0.682846040547648
-0.95054265394843 0.07026756060982 -0.302541126048377
0.955138477517831 0.0115649857747066 -0.295933674780264
-0.678328685957592 -0.688170599389384 0.257471202162692
0.16623777801562 0.742123969622654 0.649320425423338
0.355701262978565 -0.907980399853284 0.22146829343661
0.543780796054203 -0.440256827961437 -0.714476291612249
0.478072073051812 0.762029473853076 -0.436758713647647
0.228403556872778 -0.779770871823902 0.582914404233465
-0.889990056408487 -0.448688224238194 -0.0812193137375233
0.894293129868427 0.43734074231135 -0.094725249984839
0.0856651706326028 -0.934445141201611 0.345649760053712
-0.280826089301066 0.955813195379478 -0.0869358562754259
