# command_history: dirgen -cart 0183 dir0183.txt -force  (version=3.0_RC3-1000-g3151ed7a-dirty)
-0.427098851816651 -0.884515527647011 0.187666864758349
0.255175331236198 0.253755005690501 -0.933002651344309
0.324201434543707 -0.690432444577429 -0.646681118724397
-0.651784276113838 -0.684100348105876 0.327389631986383
-0.815252570171778 -0.534865815307775 -0.221995059502369
0.9567629029552 0.18395509838954 -0.225311493948342
0.931822419189826 -0.155497193810791 -0.327914015882501
-0.470333797280642 0.213660159501419 0.856233294947937
0.552659606666246 0.818877010365483 0.154944509597466
-0.314210809955136 0.949343889942248 -0.00421254515219858
0.405598334761559 0.497905110412774 -0.766537991141661
-0.547628767026787 0.629116450994865 0.551647735980442
-0.740972331253841 -0.655970150148415 0.143746883202782
0.860810621317282 0.495698945241848 -0.115271982343818
-0.768736767164947 -0.315097656879038 -0.556558397149955
-0.607318096223353 0.784654835582606 -0.124424752346451
-0.88643466177091 0.3471456117804 0.306142964369107
0.150964807151995 -0.621840825734888 -0.768455343172857
0.852873672662697 0.127560739458981 0.50629512759607
-0.48927462637041 0.529728376532281 0.692819014668744
0.683449689030466 0.413831560384093 -0.601365082287146
0.459951938906151 -0.644613848760861 0.610669468601618
0.213894131621079 0.748458884169891 -0.627740869439952
0.387984196184006 0.657002072707004 -0.646387298738266
0.391686817003073 0.114204586020838 -0.912983433539629
0.532111956991593 0.682174303514176 -0.501492856231797
0.480439696122756 0.373092433482012 0.793712627131473
0.414847839809564 0.867447758365271 0.274655522996361
0.402771755898864 -0.388793367296864 -0.828622127508137
-0.224059589385388 0.121186038404335 -0.967011501741481
0.992550824088313 0.0393020188276221 0.115317877701957
0.399600190998709 0.668870424371972 0.626842917128569
-0.539795249586465 0.818632923754188 0.196115335120832
-0.686768006850566 0.593929109501876 0.41904405216255
-0.3123457586432 -0.890624388168109 0.330497089635878
0.678560807956317 0.489993826064199 0.547230554999113
-0.107922648826107 -0.367340365246217 -0.923803960768264
0.636925963751278 0.346729906294481 0.688551878060416
0.141204782932584 -0.84828121157513 0.510372604442667
-0.994669892513064 0.100644878755124 0.022414578033399
-0.00642829988000491 -0.0195676074503101 0.999787870350168
0.0802201230472945 0.993800889808326 -0.0769709248642447
-0.569043714051325 0.176404566748375 -0.803162922655791
0.692151596890619 -0.682482615472029 -0.234826843653415
0.102553411636441 0.891679537311768 0.440897267513872
-0.836406265833536 0.380930840371734 -0.394101831165608
-0.129038601243208 0.730544487731325 -0.670562294521973
-0.966134682008294 -0.234288711128043 -0.108132215637581
0.108443388202206 -0.422819780644265 0.89970187542939
0.6099611704796 -0.519169010363999 0.598674293071635
-0.653645329307995 0.472210641593783 0.591409243620212
-0.217892371077898 -0.0470118718549828 0.974839883535108
-0.886364753856968 -0.226169023534929 0.403986504617832
0.828898460904322 -0.213245014598812 0.517159458251707
0.35774782048945 0.536586334494994 0.764258858351197
-0.218207999296514 -0.67371378307174 -0.706041788807275
-0.233404000399271 -0.604597803528801 0.761566851015567
-0.529740000254095 -0.519814805787285 -0.670200044624827
-0.992029101182994 -0.113745117468512 0.0542246314707148
0.839336003311158 -0.253611522688499 -0.48082873157214
-0.295177854887908 0.770400913648353 -0.565112790718416
0.35983034268374 0.926369864140842 0.111180031011777
-0.949515666496287 0.313225556545123 -0.017599710370044
0.98039165543892 -0.0225866663605007 -0.195760170740767
0.120902340444015 -0.587547475249153 0.800106610648547
0.2895307951388 -0.477515639594255 0.829548511305507
0.279922295536149 -0.263978100696018 -0.923016289571693
0.193875118917556 0.978510824279986 0.0702068731080264
-0.247101600864145 -0.790856301200481 -0.55989919601824
0.915018785245259 -0.217076721684134 0.340026939449156
-0.351737537306396 0.0826923601523749 0.932439101723036
-0.443854320238684 0.767330672890274 -0.462814196894623
0.325335425456927 -0.554062440826995 -0.766271278730707
0.0597873984325543 0.790698742878318 0.609279053471653
-0.812365145992099 0.527014883918841 -0.249636098561979
0.547087791955051 0.173355304294217 -0.818927888380171
0.247142272567259 -0.951986157880361 0.180673883875005
0.157191287401863 0.954471926596347 -0.253523648806973
0.0860494326944723 -0.236550088032678 0.967801400590375
-0.405684769855904 0.149295038106886 -0.901737688634353
0.729802744203265 -0.529922569569276 0.431937524202842
-0.927561612442195 -0.0521002202866864 0.370020299672484
-0.903454172527373 -0.357124252804432 -0.237134616203026
0.0866475516215481 0.181787601142743 -0.979512873763667
0.600050215559912 -0.357864075748714 0.715453032766667
-0.443507866540804 0.331935596059167 -0.832538006571033
0.959262904776873 -0.23520685723179 -0.156500523418232
0.780595876581602 -0.429999406935021 -0.453619430248893
-0.347486298379376 -0.0416621491714723 -0.936759060679433
0.947309039487445 0.311749815943988 -0.0736045920052843
0.86801544544848 -0.492763918312118 0.0610975226385236
-0.118473793657139 0.992417559431757 -0.0327314519690408
-0.686719068517681 0.670837954879897 -0.279988141225243
0.944886508665243 0.146507138008179 0.292788565786063
0.799364092553135 0.450308951392911 0.397792528627825
0.514783259184456 0.0167433507292832 0.857156844614675
0.0433434338643837 -0.975328487137583 0.21646174932019
-0.810619472293265 -0.0853649122142112 0.579317618324912
-0.908739320047889 0.363065058525374 -0.205855802631033
-0.0101689005802074 -0.992806734164459 -0.119295356400373
-0.972473281521967 0.178541743120532 -0.149728296221456
-0.568785853529405 -0.74943444011112 -0.338866747852543
-0.559090686120095 -0.368532770069652 0.74269859436958
-0.0216531905204019 0.50352932204387 0.86370675647602
0.0325241251671112 0.661897409802443 0.748888509845712
0.077458811742096 -0.873953538067846 -0.479797192345053
-0.493586737791451 -0.796402548757495 0.349449728300021
0.0212093664417102 -0.953544863296604 -0.3005035048977
-0.663917166934424 0.00964572819893036 -0.747743910291004
0.209735259452701 -0.445538308975444 -0.870348629100782
0.659050928031819 0.752047157562683 0.00877194746261
0.342423954055964 -0.870826584277715 0.352713617264612
0.246896796941853 0.439050218485542 -0.863873183579425
0.0875880366193136 -0.32318700047501 -0.942273048837299
0.179508413065565 -0.971803762384308 -0.152886157170579
-0.563650139804201 -0.644749658479238 -0.516329737463969
0.682653811482659 0.220065400682706 -0.696817761750199
0.424107030083775 0.211209959754193 0.88063816629428
0.148601560719807 -0.129706709796778 -0.980353887932991
0.425544090023397 -0.750662983877371 -0.50538827853689
-0.255537268913894 0.826345699545098 0.501850066294058
0.178524950724339 0.95125421179372 0.251484127756763
-0.697781989175973 -0.609480120177002 -0.376343298984651
-0.805000597677506 0.525516555109239 0.275329598926409
0.161431512429202 0.0472804124894478 0.985750693324457
-0.564459702722067 0.738152890149068 0.369480114170566
-0.660836313534048 0.748499627983151 0.0551694990353821
0.459044824092826 -0.498878017027803 0.735118067795911
-0.533343294478769 0.791463224095296 -0.298547977951975
-0.710781187426671 0.201278718691115 -0.67400072774619
0.0517258219339806 0.685018811052785 -0.726686774235697
-0.753082497459597 0.650699193860768 -0.097248707595333
0.285121881117884 0.953621234137129 -0.0964989881324067
0.588947437989972 0.185394632979044 0.786619186994326
-0.868649940004197 0.0671988073219728 0.490847839992405
-0.42933148933118 0.887475471862196 -0.167516444302175
-0.546936342099905 -0.54336351166005 0.636880469073149
0.794568303923045 0.605909950465577 0.0391706819912318
0.297421850214858 -0.633542836799284 0.714257458452543
-0.873616025127902 -0.275170645668541 -0.401342941138975
0.628864071297062 -0.166269287525587 -0.759529132987944
-0.213204957778801 0.919120096979277 0.331303325228322
-0.732750310125328 -0.156086031871262 -0.66235499067035
0.186614213402461 0.864715879519856 -0.466306318917492
0.41362467716712 0.316668935121257 -0.853601436249708
-0.302363354649692 -0.385039866316832 -0.871963705157331
0.495324017464297 -0.868570477964996 -0.0154739306799344
0.365839548082444 -0.914486936279338 -0.172844058136991
0.786478330145331 0.54358246530285 -0.293206308982408
0.130897698864456 -0.75788448136328 -0.639121980016884
-0.698160013903401 -0.6890360678252 -0.194427087162229
-0.897915866470013 -0.435342770941001 -0.0649905264697581
-0.893744869025051 0.430081687477408 0.127474904149716
0.678587219959125 0.0334484905158035 -0.7337578506499
-0.239040130730323 -0.220431792763129 -0.945658310723098
0.269845685607318 -0.304811343416205 0.913385652878304
0.598184752958641 -0.659571771238374 0.455126443873881
-0.526655351793035 0.0208110519088649 0.849824123302111
-0.396440132212682 0.851091371232222 0.344207349406208
-0.721611507626345 0.297858952310201 0.624945498895626
0.572447122971873 -0.35507399600739 -0.739071545089222
0.0337042679561405 0.815020407279494 -0.578451171698622
0.791262489132259 -0.0338199168055445 0.610540650996711
0.80328538662959 0.41316204358097 -0.428986845219462
0.0634429700586067 0.534008535709479 -0.843095411765217
-0.486861345823624 -0.873358137459923 0.0145462598403987
-0.733768254134369 0.374489677112241 -0.566870030043016
-0.169484109880269 -0.530991793034803 -0.830254691180832
-0.892813191682833 -0.368800990997122 0.258593182038222
-0.278663114840402 -0.878222639520732 -0.388679641685391
-0.762837868817549 0.109782902947541 0.637201773473921
0.959567855146652 -0.0370568228321332 0.2790274596717
0.364003075793223 0.786358808664022 -0.49914084670519
0.795086542722557 -0.600027595602274 -0.0883418026601526
0.679971692126944 0.560240345531748 -0.473042548978936
-0.894026533175173 0.0392287779683279 -0.44629324547644
0.0762544655623926 0.365675516417699 -0.927613428737663
0.168658957869136 -0.921185455593322 0.350672942118181
-0.59415322543078 -0.786218246565333 0.169831721059211
0.425857635555402 0.7758028732125 0.46559121142306
0.0370262654684676 0.187944497930253 0.981481493133316
0.023343786989462 0.917733112314213 -0.396511036632095
0.790080670248021 0.264740140740717 -0.55288804687841
