# command_history: dirgen -cart 0295 dir0295.txt -force  (version=3.0_RC3-1000-g3151ed7a-dirty)
-0.530039551431336 -0.292245242129247 0.796021854204572
-0.791618050086401 0.265623822962771 -0.550258891297585
-0.52509477280456 0.114252181363865 0.843339740927063
0.583324387501495 -0.251283711798885 0.772391840409115
-0.260895845180251 0.460975659337953 -0.848195024428711
0.177557786667673 0.0456232061333994 0.983052264864787
-0.647993392151663 -0.391573519931129 -0.653279987613678
-0.200758965284857 -0.53350913089515 0.821622690235156
0.67402907422401 0.403092813434413 -0.619032301950596
0.883134308729833 0.0770181155763577 -0.462754797508731
0.536035138312247 -0.628613933061041 0.563481014459315
-0.3162618426065 -0.304647656735737 -0.898425429379961
0.179596029647813 -0.216416537378052 0.959640114044862
-0.829720225415452 0.515160672548248 -0.214880964713416
-0.725437498395695 -0.471301989598777 0.501612271103519
0.813293957603364 -0.212963485911243 -0.541478985921327
0.54373715580475 0.716270384098985 -0.437386147768826
-0.250476294891715 -0.17707959648656 -0.951790125082981
0.992632268910674 0.0869491292775394 -0.0843861815413247
0.588483457101495 -0.251288988920107 -0.768466697238978
-0.671080341432903 0.66027595992203 0.337174779737957
0.0297163711218475 0.90163205083417 0.431481844572767
-0.4216976029945 -0.536816604209774 -0.730752396556713
0.244544433151904 0.657727079608446 -0.712455689123302
0.799942525962032 0.0392485253207943 -0.598791707038121
-0.707615902282027 -0.677999141256086 -0.198989696450856
-0.264916127441931 0.882238204356201 -0.389198145159399
-0.897361177882825 0.426645950345281 -0.112765905675078
-0.00489795115643764 -0.294655257612658 -0.955591067997021
-0.515513477407283 -0.409347638631054 -0.75278175147823
0.711000608725507 -0.232544668747003 -0.663627238311769
0.368633931131004 -0.919272433279055 0.138011659768685
0.460003820021927 0.637722117375325 0.617824397847452
-0.0950913116477458 0.971744389286325 -0.216033525962194
-0.0154900980699227 -0.0341670041045411 -0.999296088600523
0.470111397890034 0.547355809588818 -0.692384929994326
0.146948995873429 -0.783179539875059 0.604181927016095
0.521345480447972 -0.603007839334919 -0.603804964965598
0.643755933910292 -0.363048362908694 -0.673627629885091
-0.152832369417467 0.275063333704515 0.949200942535142
-0.633225982245484 -0.704711826493145 -0.320009526436227
-0.760616229102084 -0.370999317683637 -0.532749902210035
0.237005544864502 0.754415441279041 0.612115768187057
0.721482746901473 -0.388700370335048 0.573039848548861
-0.664306601740614 0.489759936840805 0.564652054941383
0.909180264004146 -0.381935195850616 -0.165881746180533
-0.152465970058335 -0.397393442983251 0.904893684058016
0.900831687236902 -0.168081381348872 -0.400313527767639
0.983149115631938 -0.182763824115112 -0.00389884944048141
0.114982561447851 -0.928283610628587 0.353650319950718
0.894814241026429 0.425443630207773 0.135296679825956
0.131924273020756 -0.865144684884343 0.483860166168198
-0.958347721406201 0.126513132824587 0.256054822447168
0.780387565646946 -0.542877529151126 -0.310288955211754
0.669387812167766 0.657104368662565 -0.346603239462392
-0.69436686044267 0.259768209544055 -0.671099948166639
0.474700716512427 -0.879983823378363 0.0169617314855215
-0.397124469101828 0.492770952207974 -0.774253798634942
0.212854697818259 0.95075534164139 0.225293492931025
-0.0775052558800766 -0.996943121974331 0.00986645118766554
-0.292248404373239 0.714744662393056 -0.635398251273902
-0.0859354835084065 -0.950396026874089 -0.298935586332779
-0.906643447563515 -0.215188726340637 -0.362893195094697
0.0388167185722484 -0.238860103031308 0.970277853781666
-0.627804521015214 0.756093312511214 -0.184890200304605
-0.728922805509582 -0.171931554033111 0.662654573919021
0.84762296687021 0.351281858064296 0.397663629502421
0.953261232679147 0.28493073576957 0.100536053656612
0.770621863659755 0.316899060608178 -0.55291674656789
-0.196123186644373 0.979924410670397 0.0358307833117315
-0.754482599365709 -0.58154970703274 -0.304230086455132
-0.373649856772196 -0.425526684753178 -0.824204358819514
-0.388892992886454 -0.741228445306142 -0.547122136229979
-0.0735649776470294 0.99458311727067 -0.0734344394950268
-0.78217174948817 -0.615576678378171 0.0962948977854666
-0.988797623829571 -0.134691620852585 -0.0643228293928206
-0.291987300799228 -0.839517620367634 0.458206919703584
0.764354503974041 0.642748447925724 0.0513480763385672
-0.787937669166057 0.612878351344371 0.0594504496414219
0.578237730918123 0.613722835450702 0.537573630109412
0.78352233915763 -0.435381726453513 -0.443323241338996
0.786218911532335 0.130045339010277 0.604109288912704
0.325579953518511 0.655802058121736 0.681117724354739
-0.187256877851607 -0.951871051171122 0.242644521140808
-0.50387544123254 0.848174707516436 -0.163429511570348
-0.416300047641037 0.72934968938268 -0.542902662483303
-0.913141698351418 -0.321267686450618 -0.250916943179522
-0.601397267590092 -0.281046028458636 -0.747886660144971
-0.739075323527695 0.643608943079111 0.19883459090667
0.309742551621332 -0.255404678327148 -0.915875538489654
-0.258440737742278 -0.276861110884015 0.925503274092154
0.0188006563302962 0.896209313241453 -0.443232898351233
-0.41816049664191 0.813379329795444 0.40442040614898
-0.521176394439711 0.797335482533275 -0.304353896265929
0.0256703871004707 -0.832639821308328 -0.553219630163055
0.74008276993792 -0.581760594076009 0.337390137409712
0.961490449839184 -0.234172091418253 -0.143873369561033
0.556362142347493 0.420940842082162 -0.716428624518639
0.557481138359037 -0.823401253679011 -0.10594883583006
0.68154073184342 0.728891881570858 -0.0649527198693807
-0.338651592103004 -0.547158486021282 0.765462402957192
0.895558723524598 -0.36126430391215 0.259735780049385
-0.834084054125647 0.341182607246243 -0.433472281888912
0.0928586527445442 -0.468243643770119 0.878706527049475
-0.572401470459393 -0.805303966559065 0.154408801757417
-0.704814009082107 0.555415170099421 0.441306244489062
-0.389167639724717 0.877431663547198 -0.280467866244763
0.453380771994456 0.887241130867796 -0.0851413605843006
-0.407237552379292 -0.751922981974738 0.518429749445711
-0.112547273044791 -0.257365328488029 0.959737567787377
-0.907618285699668 0.0426209750026661 -0.417627226068199
0.0914123731355297 0.17172115265392 0.980895317436545
0.173792605875979 -0.521829783177331 -0.835158552331195
-0.940447689242919 0.3389788106468 0.025524688639353
-0.246225647056906 0.93563238479253 -0.252912971709345
0.969318716118075 0.241027689364695 -0.0482377398177364
0.0259965833489289 0.657181371887272 0.753284024852874
-0.467841198985941 0.7192229186157 0.51365650572081
0.0565223258386161 -0.952766931385435 -0.298396382585605
0.650452139527501 -0.11247784431135 -0.751172915328534
-0.931383367319264 0.0216910896370031 0.3633930650293
0.316804370958762 -0.233651916840264 0.91926153639663
-0.317498160282868 -0.89322007781183 -0.318359562147618
0.679678220299649 -0.729004812692545 -0.0811757348067162
-0.433417326707668 -0.815860824390234 0.382780010103539
0.0693566582049281 -0.156140104657512 -0.985296869821571
0.538390491582287 -0.10740100389553 0.835823368263903
-0.859018676425219 0.0708009712679802 0.507024788368553
0.129160134387882 0.55129872582239 0.824249582706302
-0.405679615784656 0.813735824312633 -0.416242786804833
0.201239599103648 0.976924812023726 0.0715579164384423
-0.673083325770468 -0.148260811509114 -0.724553357828411
0.61032697736001 0.0233588156894535 0.791805118975736
-0.765817557123316 0.128657990065683 -0.63005602194879
-0.0652780297866927 -0.985000286256231 -0.159728566331483
-0.602198978258629 0.797266496843322 -0.0415032961997067
-0.313248646841388 -0.894812120508463 0.31809834052253
-0.544117126703794 -0.160688308273289 -0.823477880705897
0.351649908531199 0.147394496456951 -0.924455085033449
-0.768623947894651 -0.482010061428258 -0.420575233941286
0.280729749250611 -0.612562143862596 -0.738889997084918
0.852344871510732 0.442811886212625 -0.278255015117735
0.829148015048733 -0.00740326938041733 0.558980107645368
0.943205844266303 -0.225556750272063 0.243899339377122
-0.917802813096312 0.274823735546648 0.286548269324179
0.57666384587245 0.0211648073616505 -0.816707328112672
0.188023453996909 0.899776806599804 0.393762465265713
-0.0531147248097691 -0.112853014121771 0.992191021533663
-0.616138978242669 -0.157776712735247 0.771673032059913
0.436495848533836 0.869111811424407 0.23262853104319
0.0768296163421874 -0.74519228621685 -0.662408987420624
0.508690504160853 -0.386770547348198 -0.769183017675606
-0.107078714241566 -0.63985033858207 0.761003083550115
-0.639214882680124 0.697554403681045 -0.323762548274838
0.205656405319981 0.974476093938972 -0.0900099177441419
0.850284756750653 -0.305862040039346 -0.428327263783725
-0.857375980070807 0.413633494125009 0.306290321975016
0.0144550665636256 -0.724537464929907 0.689083821435088
-0.854397438261191 0.148778606526403 -0.497865387160803
0.737301651230801 -0.644911815899244 0.201184057037017
-0.178715415234123 -0.661975450090183 -0.727907483019371
0.0815144824626806 -0.412770313247271 -0.907180278473133
0.562209192217993 -0.484027061002975 -0.670550988667092
0.385608121707364 -0.66302702611858 -0.641639726879244
-0.407605235780331 -0.816133668138406 -0.409614217887284
-0.924210477099437 -0.346946839701422 0.15957093858478
0.86338523803686 0.486480380424662 -0.133801233932693
-0.632510320031757 0.512769865143439 -0.580515082021219
0.523724017855795 0.718615718391449 0.457498199342604
-0.565113610337262 -0.768684473983573 0.299617734568871
-0.97364564348006 -0.0334146135498315 0.225605018857327
0.225226208804428 0.432183370542371 0.873207128403233
-0.2784487472012 -0.550229851209207 -0.787218779006431
-0.838326523436698 0.516867616070675 0.173368127289753
-0.386480684538071 0.37141023385299 0.844207983063564
-0.0724860803616759 -0.427541787542188 -0.901084784056989
-0.90617183207542 -0.299537512962292 0.298546293029142
0.95454081749414 -0.083205246098038 0.286231924773222
-0.300098829613427 0.600115686710693 -0.74148624736296
0.99947447167278 -0.0195241645036738 0.025876388365685
0.358729213235297 -0.359391236621782 0.861482031507942
0.181482795064512 -0.352400264312812 0.918083900745369
0.286000275417333 -0.944524983085165 -0.161481883780128
0.224774603974477 -0.96809298258178 0.110780659341017
-0.0586709497980852 -0.985234784699664 0.16084196799218
0.0376335135095186 0.951433024812627 -0.305546916130442
-0.00116966777648773 0.370338660289243 -0.928896069844448
0.933130648143837 0.139615042241303 -0.331322853836891
0.162349397502013 0.304926389268877 0.938436236650194
-0.717725804295926 0.693608979561969 -0.0614512271543169
-0.330015088313588 0.772232021325798 0.542906756933865
0.596235197739312 0.529688386258184 -0.60326926197177
-0.22748413766881 0.135843253573299 0.964260119245683
-0.822487297303782 -0.386024930355414 0.417731252024574
0.432885942071288 -0.53405253136041 -0.726221491629511
0.95150777717402 -0.286580091326008 0.111824868579995
0.40236888164935 -0.0996558719164825 0.910037356525993
0.178152965235851 -0.816666316157253 -0.548924083122443
-0.141501480797371 0.0126007737128013 0.989857844053372
-0.100312982633356 0.088993878382839 -0.990967908221846
-0.0806548067089761 -0.756319270586934 -0.649211801412749
0.128266367098854 -0.641012265899286 -0.756737083826295
-0.279724995837767 0.808731793341552 -0.517403916821393
0.622158174185566 -0.749762275493462 -0.22533472111716
0.725011030659064 0.263064618243 0.636518665909608
-0.334146957978252 -0.0441593867890822 -0.941485931404337
0.130973919385248 0.837554484693966 0.530422772521968
-0.659621086647407 0.118291079207021 -0.742231259534474
-0.460750195134329 0.245415423258665 0.852924690526924
-0.814778357989557 -0.55573023044221 -0.165227535006999
0.489052051699221 0.155979006706173 -0.858194989612348
-0.214861144613975 0.926942409079551 0.307591382819759
0.0226750697286623 -0.541667688932334 -0.840286829588269
0.844471129856922 0.455111566065785 0.282386212962534
-0.877552261018049 0.478442048302703 0.0315473548498692
0.853370686455761 0.521078400956342 0.0153548544377777
-0.295755189637795 -0.00421119276736863 0.955254486332196
-0.613849675043708 0.389553786224879 -0.686612280757194
0.339230057935582 -0.940646475869933 -0.0103525468603966
-0.944251081942898 -0.0721386513737075 -0.321225636006297
-0.983009238801229 0.124326223610628 -0.135040092395363
-0.00160267049820995 -0.820289327667346 0.57194654502176
0.33527502901629 0.942076622463691 -0.00907151175553448
-0.551485608705812 0.7442843678218 0.376702008498076
-0.269623711864991 -0.76053779622392 0.590665145844079
0.653792298761029 0.288341932461087 -0.699581703638235
0.869969829101585 0.243237375638546 -0.428938312051316
0.816298965179995 0.180876387201073 -0.548579740784471
0.759768616895028 0.531696183174971 -0.374233640361986
-0.280124712580642 -0.828787457984485 -0.484398074819904
0.167679743663517 0.906904614125768 -0.386532695178984
-0.668734863657289 -0.610042739706019 -0.425019455862013
0.430462164154489 0.424452397460934 -0.796581751938305
0.463591916744601 0.2947415391669 0.835589588146354
-0.360018949696843 0.8882344546369 0.285352255037647
0.817720205299985 -0.57010128063718 0.0794870785725382
0.822265266732729 -0.451792778838156 0.346068080173036
0.509222753834868 0.646868226429658 -0.567673924548752
0.878836849624322 0.102626662494946 0.465954461173562
-0.69681591215836 -0.0285432411090126 0.716681845695777
0.990446869366638 -0.0749754555259364 -0.115731067697934
0.682759902153518 0.700342396232293 -0.208229306417055
0.477512470837727 0.0328013508762486 0.878012478029294
-0.426707663272237 0.894181945149128 0.135496195791873
0.0468380684736977 -0.996133406368017 -0.074326523255866
-0.458161581900856 0.238612135859136 -0.856243080842611
-0.333602246300481 -0.931754804201165 -0.143326641317385
-0.328226107462385 -0.929292824439089 0.169358993933335
-0.0322700442795534 0.608906003303565 -0.792585719896009
0.135976233598156 -0.973604594431249 -0.183315459246684
-0.148117867775265 -0.839685517595036 0.52248380720063
0.596868061440832 -0.638708118484831 -0.48559289184813
0.322174376689323 -0.491986983513681 -0.808796933140795
-0.231001251428123 0.721545191645707 0.652695149554217
-0.160173301393779 0.683756508628981 -0.711914004938886
-0.658430677437114 -0.748068103703412 -0.0828441623247197
0.534004372673793 -0.722911672339102 0.438449591128959
-0.566356439264017 -0.824157322096685 0.00225657674478537
-0.402761462645012 -0.171978736336795 -0.899003069213921
-0.983955152801195 -0.0269781723727924 -0.176364496119263
-0.960528320125032 -0.179111591543808 -0.212848265232366
-0.496781423412282 0.828423577677553 0.258694014813621
0.763465598894552 -0.09773043743234 -0.638411341459303
-0.728137474464242 -0.0111758402278822 -0.685340002390081
0.778731075609183 0.580218235455434 -0.238589000428659
-0.521887935486215 -0.789816957440863 -0.322214457361545
0.898757956010012 -0.221077807068606 0.378627441861312
-0.74020861722717 0.485011531807368 -0.465676944884016
0.276269657269355 -0.859768185867683 -0.429504066385951
0.172051486920511 -0.567592068471963 0.805131995176046
0.463383013125682 0.88255775621627 0.0797996872742447
0.520183649182667 -0.510131018735803 0.684963732504558
-0.12217528614583 0.89440339964148 0.430250808441946
0.205804210164356 0.131482956156625 -0.969719990161562
0.441798340707975 0.0161996278105388 -0.896968114375578
0.258989241627251 -0.0854943427404567 0.962089023989318
-0.234094482906797 0.389083634836478 0.890962231620978
-0.129118665133851 -0.750443827826939 0.648199376419404
-0.450009448469461 -0.860499336198549 0.238814548740373
-0.569789832651632 -0.801875303042352 -0.179820869138044
0.921753202613617 0.387514686822798 -0.0142618711314475
-0.381791956315647 0.121548321530028 0.91622099278826
-0.748635070920245 0.352503431202726 0.561504106466324
-0.2956028726087 -0.4164009419354 0.859784389984371
0.378449325449219 0.661669584178282 -0.647278509947898
0.961729139802062 0.194034441936282 -0.193462391689085
0.397892374934501 0.289459942465297 -0.870571421353222
-0.421502598594846 0.621997181953201 -0.659890191638025
0.556538157456412 0.514013643801408 0.652729081075006
0.676576709368306 0.496989814197466 0.543364592998406
-0.64608209180502 0.611845679601228 -0.456314359846544
0.641395508035339 0.599736144384149 -0.47846458530525
-0.494588621846272 0.377653376481903 -0.782789896697718
0.828910481969009 0.239727998865779 0.505408645990266
0.0570892193289988 0.507433485460769 -0.859797696478387
