# command_history: dirgen -cart 0256 dir0256.txt -force  (version=3.0_RC3-1000-g3151ed7a-dirty)
-0.53166652976025 0.700767953286502 0.475662671206539
-0.0696880222510965 0.635995675510036 0.768539576266092
0.530393041115025 0.830788589006105 0.168741051063455
0.160669942630556 0.193811206962853 -0.967792532307775
-0.444046043939619 -0.724202712047286 0.527592212532491
-0.562268459691299 0.285437893644293 -0.776131037975086
-0.293084709692531 -0.956078162184818 0.00398757291407741
-0.199709831534916 -0.851274422209708 0.485229678894257
-0.751024906491325 0.361744559759745 -0.552360808995284
-0.599043777192182 0.795867517615353 0.0879854954643002
-0.398595820764794 0.781117150873102 0.480601048980054
-0.730086443771205 -0.389459192915293 0.561511639839535
-0.632819339692931 0.753146079011623 -0.179751681438645
-0.00372432493928136 -0.99813412232343 0.0609459043528165
-0.688676107054204 -0.555044401969335 -0.466530740053825
0.602321117423335 0.68708944640023 0.406346359835216
-0.732363014556096 -0.65271977904171 0.193910559171104
-0.793526776867508 0.536157764252671 -0.287836943816881
0.294077976228074 -0.679821478783872 0.67183398312508
-0.483320123981877 0.16607223929637 -0.859547362912151
0.251833369830979 0.67099504696249 0.6973848297686
0.798131352143274 0.0503444731449844 -0.600376364249712
-0.410111674029687 0.904304645055019 -0.118496935641743
-0.96425465479342 0.0935256419558486 -0.247923203847419
0.869407377047197 0.125950525403423 0.47777324944634
-0.104011546865224 -0.969304721156112 -0.222777816811224
0.306775151487735 0.77186926351493 0.556872378979777
-0.689074567278341 0.724247226427982 -0.0253415812755068
-0.776221967318017 -0.221677695891716 0.590202047266092
0.0943935258278629 0.661403459003531 0.744066748820258
0.219781193599365 -0.786932850284117 0.576569957666677
0.502903445761291 0.797686313311564 0.332843311179337
0.582700687275698 0.673860927663637 -0.454281145565972
-0.577634322720527 0.732503160856298 -0.360246732880024
-0.0333958887653517 -0.693809542656989 0.719383787092586
-0.116204614229355 -0.783558262514313 0.61035476313154
-0.467573567700284 0.0166704600100586 0.883796953237044
-0.906013421023837 -0.400659589291392 -0.136424244302604
-0.635422593480829 -0.731199715094401 -0.248163462943205
-0.47957191213175 0.636861967536442 0.603670121341043
0.971119463010613 0.0721045293767484 0.227437739624136
-0.447209928246072 0.800143170831333 -0.399717633148857
-0.941795234729941 -0.282553766129591 0.182167793767065
0.550127745471555 -0.664565233173736 0.505680249287157
-0.425522694161313 -0.415630874350358 -0.803854099349163
-0.849170663451201 -0.298883357709432 -0.435405469439903
0.96920241591014 0.106654009780015 -0.22197206849465
0.308117133070477 -0.95130423513185 -0.00916976164545915
0.223034852439578 0.0477970075048004 -0.973637972077323
-0.869397481686977 -0.131127615785357 0.476396439129
0.329728865411285 -0.174803752168189 0.927751326349097
-0.760685837295948 0.633456700875087 -0.141738015556213
0.0185506660018714 0.465172809877193 -0.885025496662013
0.00482473574964191 -0.189730075223082 0.981824434652545
-0.0732594496405217 -0.924586116994487 -0.373863030131924
-0.143025811176955 0.508137464958485 0.849317334123553
0.0581121525939588 -0.96485487701114 -0.256277279579589
0.917801549081615 0.208577374379462 -0.33783989610518
-0.284563709059449 -0.560688392538893 0.777593738374018
0.955738694081859 -0.220655779400244 -0.1946139143329
-0.538505424255958 -0.842557449209654 0.0104332558788004
0.989533388139915 0.12298745497782 0.0754835059759346
0.277217673290244 -0.216586993701834 -0.936077152682804
-0.384210690604783 -0.277021913714789 -0.880704833952211
0.787107965157931 0.236117798156536 0.569832814585691
0.0283460645666507 0.533082081622638 0.845588549400037
-0.729552550375891 0.672501050394609 0.12448057462183
0.317323765517959 -0.44388272687948 0.838017751969217
0.632309312950402 -0.141141027994882 0.761750709203961
-0.836109422002734 0.526868128081456 0.152744918246718
0.675753886415021 0.327501512734456 0.660378258388052
-0.417009046783232 -0.90519468749943 -0.0820123931107382
-0.235100768211331 -0.918277230889199 -0.318582102474241
0.591380193744461 0.129341847051219 0.795952356016454
-0.339325675006026 0.684169695954129 0.645577194005287
-0.778103424898171 -0.462414597498473 0.425120924187533
0.818158890407678 -0.210239627491891 0.535177848083185
-0.988656488290518 0.14118320095157 0.0512411156214367
-0.380867009688596 0.755843163767215 -0.532579977766001
-0.695620567030415 0.658212592366809 -0.28786839002233
0.274151180033915 0.94411837840821 -0.182979829592946
-0.559843117004505 -0.406319240678642 -0.72213596988172
-0.00560147161485564 0.755367540190767 0.655277424257771
-0.0575792135309729 0.58594230324129 -0.80830455364389
0.243011086644476 -0.604346689226918 -0.758756015454463
0.684158936004749 0.0103134102810839 0.729260024856172
-0.78934036895483 0.123503097097763 0.601405659223052
0.906653487309018 0.42083450985154 -0.0296271711172529
-0.927982950831641 0.136075230660683 0.346887841479696
-0.726789711365756 -0.608537845346022 -0.318525361995717
0.518961530540679 0.378646861166397 -0.766358587312565
-0.0283895662790347 -0.869326130313095 0.493422852816272
-0.0464041351390093 0.938077524300558 -0.343303385716098
0.930778758026388 -0.251621500227982 0.265212224887684
-0.135129189278063 0.69451615291546 -0.706673485808378
0.551339087012777 -0.831529197941548 0.0677082277319698
0.886307198678251 0.426293851049465 -0.180922917643201
-0.420578553351319 -0.285700533901419 0.861097488899692
0.357155441576328 0.826412425735403 -0.43529586851077
-0.153564865491564 0.987689180178634 -0.029797910071281
-0.927487378956638 -0.0127053541784023 -0.373638509593627
-0.459615248160459 -0.742922543701745 -0.486641467322843
0.806882608679381 -0.590683911170312 -0.00574220300054738
0.516350977562302 -0.784288759902692 -0.343908140439787
0.747431629498142 0.664248762247629 -0.0109334842682463
-0.750062351791471 -0.399159949227446 -0.527330829136502
0.695006748157979 0.180300969776958 0.696029582929031
0.499587583205752 0.784486862458596 -0.367413403860696
-0.13322747999428 0.873654380822581 -0.467951345167302
-0.243792691624799 0.319103592899016 -0.915826413961333
-0.159145763613098 -0.983215249578509 0.0892210676929709
-0.133040864402188 -0.988763358220726 -0.0681700068885941
-0.543212989190807 0.532773276245298 -0.648900827933853
-0.246183186534099 0.869736233527379 0.427729730972172
0.909513848093099 -0.377110432517759 -0.174849311731992
0.599414317037536 0.0540771231891267 -0.798610130963797
0.291390826797065 -0.85344215318473 0.432120211545276
-0.997683104445423 -0.0163041885986692 0.0660499548696517
0.157064003475001 0.122292974512556 0.979987411754496
0.0442120462313393 0.8533120209046 0.519522752098255
-0.662171992341532 0.50666964895674 -0.552099736808939
-0.824839619150236 -0.556272921989465 0.100995242172075
-0.342374134259378 -0.551648952742657 -0.760567804425136
-0.904644181683298 0.154311709501541 -0.39724904135475
0.62790517251711 -0.393356315905296 0.671569730604106
-0.405137892810094 -0.873814033111697 0.268909507727911
0.0914407055239741 0.333569842474324 -0.938280212710965
0.211383611300351 -0.365376102460365 -0.906541379433115
0.87338789511222 -0.0448306374277899 -0.484957522489613
-0.406583713755601 0.553420435420822 0.72692193897786
0.45397478097506 -0.889735494287425 -0.0477247152297181
-0.755922270503728 0.285614008374319 0.589072286885781
0.922901804363861 0.187248188807779 0.33643777328079
-0.747032240522759 -0.645880921509927 -0.157418762696937
0.888297345653112 0.35546550799692 0.290812823531095
0.799573447519926 0.46124299798811 0.384626050636251
-0.0806777850824758 -0.971726454286109 0.221898159151292
-0.0867014587023689 0.909707301225001 0.406097873863933
-0.311508525447271 -0.127631345307916 -0.94163298490896
0.677561985545865 -0.596372953769657 0.430405687410378
-0.166595817010346 0.104592873722943 0.980462219833601
0.552193750393966 0.624994257604362 0.551782783337264
-0.189437582626787 -0.548196856150802 -0.814612551581975
0.651057335769664 -0.659120355040348 -0.37641028560866
0.482089699138615 -0.426221912449362 0.765456989864518
-0.626653953855371 0.575231466650328 0.525750493953875
0.855031595303941 -0.213024656407175 -0.472801720380334
0.994872248279165 -0.0398455817696817 0.0929598796115532
0.028539854077513 -0.994567135503825 -0.100108389783027
-0.103976802682062 0.252576148366313 0.961974071262035
-0.632054550420061 0.738096095189068 0.236053382860625
0.624044560719874 0.727882661231403 -0.284174625388387
-0.575104630987543 -0.225563238605594 0.786368799486881
-0.38600427753215 0.552716342042458 -0.738583335153243
0.933277728420879 0.0321671961797765 -0.357712109277134
0.804103204517642 0.526846325025269 -0.275410577668739
-0.204152677213932 0.927828875677615 -0.312178253318831
0.857352761041091 -0.0451701681207711 0.512743502198868
-0.264844456901668 0.785896633187179 0.558769984513768
0.343345160996782 -0.922988417244136 -0.173800120981712
-0.486457766393428 -0.5431975905378 -0.684320991311421
-0.647422982878057 -0.758079816544704 -0.0784759389164991
-0.250033010444137 0.0283876501814625 -0.967821075925409
0.827683758201089 0.511363935448468 0.231185038297847
0.151406274559098 -0.458675612749797 0.875609971558532
0.504386462104193 -0.829802752137637 0.238792146836572
0.662723677716884 0.540458947431285 -0.518364208964002
0.355165402720695 0.841599839724551 0.406899553312432
0.537316867015778 0.273273687631922 0.797879737848004
0.0556299208571929 -0.792465661770838 0.607374255973638
-0.975717442157357 0.0590104964946893 0.210934194414642
0.526966147764858 0.601777522317544 -0.600142060468372
0.188164778038014 -0.973395931273509 -0.130745467554647
0.279223339193865 0.417381258202181 0.864770034258237
-0.226667597986027 -0.273489752075348 -0.934786154975035
-0.04134661219202 0.396839004280676 0.916956521511115
-0.894530173084073 0.446645866488718 0.0179788595500382
0.123587357391417 0.409824341785881 0.903753381168101
-0.360078043187389 0.889862052401324 -0.280159473354809
0.69767401789132 0.140135298489936 -0.702576019286539
0.192989294748521 0.449884981902473 -0.871985455825428
0.310528207280664 -0.469167345532117 -0.826712909279518
-0.111009520495595 0.830054737180827 0.54652174672469
0.00306235317476861 -0.114606389392472 -0.993406260048453
-0.471980113201726 -0.134888132138227 0.871228996619342
-0.204564704983985 -0.680159284092938 0.703943626817516
-0.561590225156816 0.501721022053674 0.657945617082243
0.834374966657989 0.29757860256523 -0.463967014247569
-0.166581968314959 0.721354674791144 0.672233501834948
-0.533867558153117 -0.824385093926918 0.188081491015822
0.115686932571416 0.579150030303699 -0.806970740505156
-0.457356025544249 -0.131232636141086 -0.879547304645878
0.704291384081603 -0.0342357177442834 -0.709085017426651
0.778467097803323 -0.459802277040079 0.427283095460644
-0.661769940241668 -0.310034068633817 0.682597555283419
-0.390240486060709 -0.886328210693568 -0.249268261051905
-0.257166553949128 0.953677001088271 -0.156094654377442
0.927472122482468 -0.352809696545947 0.123777138604118
-0.0928929509052022 0.0342203393604804 -0.995087869510114
0.981372213380868 0.174768333179291 -0.0797784966119797
0.110803630426899 0.924487977664719 -0.364752703400013
-0.855986195746331 0.499020038935626 -0.135154109935325
-0.375133413764349 0.866357597731907 0.329695973177874
0.632146290150031 0.488838108072938 0.601189131592732
-0.0920464416980682 0.977234409335074 -0.191155334171591
-0.40727123652494 0.309854692478577 -0.859139225881611
0.837829879007652 -0.453130465412865 -0.304489532097152
-0.168587143738991 0.181625423757226 -0.968808846166743
-0.0653856840864052 -0.0413572279311851 0.997002653965575
0.973914244996799 -0.199113058271416 0.108834890628508
-0.540477997132069 0.269724306312627 0.796951901434634
-0.288832372450019 -0.759259084476525 0.583182221320886
-0.838222307918296 -0.541222730352687 -0.0667931033693499
0.788611114226533 0.0686887405580638 0.611043670647961
-0.402203638719997 0.0228751181672633 -0.915264421885407
-0.752972368810152 0.600480918968847 0.269175180436009
-0.153174603228467 -0.772278808194116 -0.61654114488822
-0.70269897541553 -0.609001170832097 0.367874603465772
0.218060032478932 -0.933461305561463 -0.284780289442188
-0.873113795673374 0.400369142774702 -0.278166945050421
0.0774542306899885 -0.329389204789433 0.941012005192499
-0.600824008485985 -0.463074728802829 0.65159213191307
0.810476414865444 -0.371900488304298 -0.452568235458348
0.85435541367302 -0.313231148862797 0.414684307045366
-0.95241580518479 -0.242375428049462 -0.184819603700602
-0.450773260731934 -0.519757728828008 0.725710252602683
0.332021559813678 0.147623050908938 -0.931648602563879
-0.871606948719936 -0.365897919556428 0.326220844532352
0.704014969683545 -0.250522344122692 0.664531020763327
-0.267022402666681 -0.950244791747405 -0.160417805218262
0.199769223814403 0.859685795473803 0.470141032326648
0.761477674152137 -0.0992532627395827 0.640547064315651
-0.581220005284168 0.111332771407542 0.806094485447077
0.490780487243421 -0.847869089155711 -0.200630309264017
0.896028887969713 -0.298473497902496 -0.328703214121199
-0.224821802654079 0.575928905052029 -0.785977769009367
-0.479533159435335 0.416564341186046 0.772348430861487
0.445969785139762 -0.646907708275673 0.618563956043279
0.95447489519012 -0.296257542312853 -0.0347727346430758
0.379246661942825 -0.328045575718808 -0.865192504392254
-0.373377691853019 -0.647501545211023 0.664327365216766
-0.742865590271079 0.521250392590301 0.420058023391602
0.546954499650494 -0.0199924876773987 0.836923578200869
-0.629481828141488 0.356916867630291 0.69019053720015
-0.41573485605461 -0.904031311313775 0.0994581199578513
0.257871036702964 0.907788845537289 -0.330789873405785
0.435565758458089 -0.177903427313238 -0.882401745583628
-0.332138593537418 0.0549501785465185 0.941628606490209
0.677505877226911 -0.200457028162674 -0.707674194939439
-0.401771686679754 -0.665418185216206 -0.629124908556383
-0.265464192803005 -0.306975569428646 0.913944616545996
0.957699444457891 0.286935788669176 0.0219003941938561
0.0632493260161271 0.26580848472733 0.961948736786668
0.357277177061838 0.428528569418517 -0.829889320296896
-0.647461342077981 -0.755493007663854 0.100120556758362
-0.700533622059541 0.436800685607027 0.564320658329439
