# command_history: dirgen -cart 0276 dir0276.txt -force  (version=3.0_RC3-1000-g3151ed7a-dirty)
0.354648122883595 0.678504944652609 0.64331621230706
0.136114605188447 -0.0426798988179581 -0.989773327833844
0.286982771677723 0.320697917987632 0.902659256950578
0.281816916455092 -0.61776336504078 0.734130540444433
0.296925428455177 0.91150136795365 0.284605948910654
0.297826657949172 -0.568842730956489 -0.766627177481199
-0.901194176177752 0.404840534001236 0.154768210084945
-0.921443673562185 -0.239638482321204 0.305802148852841
0.341979603535398 0.317730924669278 -0.884362488052596
0.147359762665517 -0.590472225677303 0.793490800860889
0.777585786274083 -0.590972355300367 0.214737095666427
-0.744117595230656 0.343040140453515 -0.57324729960618
-0.154093886761512 0.207152768847826 0.966096684820629
-0.458442876938447 -0.887019389996047 -0.0550157282551183
0.404736340386885 -0.86146617972615 0.306699390215018
-0.596414814204974 0.791723213071201 -0.132150381312577
-0.727478452473774 -0.544073687863402 -0.418041772268132
0.278793087604268 -0.104489421581855 -0.954649870414053
-0.0833888271021768 0.796828589463352 -0.598423347245383
-0.28943912071046 0.80899548669949 0.511616358126097
-0.0632388324013712 0.98247160478999 -0.175357907885256
0.532614099523717 -0.42880661009228 0.729689736894871
-0.108787183760765 -0.120552164444585 0.986728191700798
-0.538400404244665 0.512607521147714 0.668848662981378
-0.056261523041423 -0.760120724564779 0.647341583024121
0.715232424403037 -0.593985963721099 0.368270626014173
0.424133478450351 -0.472741179606659 -0.772416059880755
-0.480950362209595 0.144800663301245 -0.864707763928357
-0.408053264038229 0.818140553817361 0.405140183031959
0.645509491400095 0.704246558964681 -0.295557575945528
-0.636316001741742 -0.546622273874705 0.544340000028889
0.766105346236731 -0.0449187931909441 -0.64114343206943
-0.0269765322487438 0.307540574458265 0.951152491333389
-0.482492555372578 -0.254460454539439 0.838123386552136
0.956568973582474 0.24420730734733 -0.159180997036516
-0.516116113266877 0.287181814372381 -0.806939132227505
-0.422277084086706 -0.864887200475269 0.271389378401736
-0.572959698924447 -0.268890988540281 -0.774218844830218
-0.238208158990134 0.969829799938503 0.0518365907614954
0.210295954749509 0.720247061701621 -0.661074717052599
-0.848689767432128 -0.508332853718692 0.146025300842736
-0.679355600704862 0.502035392727002 0.53519756374668
0.390723923721094 -0.662771637779561 0.638802451143537
-0.293419881416993 -0.0340954126907188 -0.955375463376932
-0.462077788717948 -0.880630863794561 0.10475399231522
0.203191649119409 -0.972876828380567 0.110561433277175
-0.948043217130318 0.0763307028787461 -0.308848963493861
-0.678563869017857 -0.708503379387173 -0.193840235917292
-0.617376712106976 0.169536671743618 -0.768181822410604
-0.523897895682839 -0.734633159535086 -0.431097571102633
0.701769286873386 -0.0415541916493031 0.711191336531592
0.555869668271578 0.78238784642908 0.280852576373642
0.364949314274492 0.669622880338153 -0.646851757467052
0.715229930180622 -0.692063447432352 0.0974388613535207
-0.440387149645009 -0.00759989864343246 -0.897775807185822
-0.985811292238087 0.0578299651248421 -0.157581062407677
0.765047768457128 0.100944274126384 0.636012708599337
0.830769891491971 -0.353212700958649 0.430188534565851
0.016506793571756 0.966599813709647 0.255758334961847
0.305247042403071 0.778247992179119 -0.548775278026759
0.241468855794297 0.86918836641186 -0.43151405003276
0.442749339100283 0.871615859910486 0.210377792266119
-0.762247867717291 -0.590969371434897 -0.264070805251708
-0.242603996971115 -0.457198472828199 -0.855635937240367
0.744264065724602 -0.559729954216784 -0.364380815663452
0.895521138385458 0.380845719482257 -0.230213875899902
0.415430959954889 -0.163857278724581 -0.894744605862441
-0.0449802894956107 0.59346654351851 0.803600793479626
-0.301624367218008 0.421643197348775 0.855125578631489
0.173480638315094 -0.0706611099655816 0.982299076487512
0.920645994599535 0.0601772476921357 0.385732616572714
0.304771704771505 0.465547961429318 -0.830890668848602
-0.000356292685396598 0.559947944134871 -0.828527714029322
0.507261606697375 0.614291877293879 -0.60442629977654
0.372154774070654 0.160603509864089 -0.914170299646492
0.894774239322774 -0.446431921525482 0.00880909117995307
-0.498505832051295 0.86683954692583 -0.00900751332321065
-0.609678293960918 -0.618711326542321 -0.495468134476019
0.0924066233114216 0.774840117916456 0.625366938393287
0.454313399723638 -0.782998419157826 0.424867991766732
0.213232376829969 0.693317497553841 0.688362405319408
0.521939165603982 0.771856847465256 -0.363065440973959
0.0115943332106297 -0.145376384492664 -0.989308484886914
0.859736436669423 0.239206813403762 -0.45125753166477
-0.41251149882422 0.530353528821289 -0.740647958077656
-0.782228611263697 -0.614119109936025 -0.104766972524038
-0.243835001463875 -0.924797679628789 0.292050926747921
0.907385897781141 0.10569553739572 -0.406791452568197
0.689961453816719 0.72303459368305 0.0342661434174739
-0.290753435344092 0.266481879603006 0.918939523406659
-0.0860900735353965 -0.654822539782475 -0.750863463374999
0.961420682327203 -0.105911056693717 -0.25387618963486
0.847125092465153 0.028621862259231 -0.530622150608811
-0.632352833220197 0.583044490409009 -0.510087263634459
0.595998347784109 -0.696412002690232 0.399745283834085
-0.187039079258543 0.940113706774853 -0.284960701087293
-0.504905228564838 0.68030169706826 -0.531281762470663
-0.370144666874329 0.258248295065346 -0.892356847724235
0.527170777809439 -0.563644422079984 0.635921328846511
0.245575128173982 -0.357066679480765 0.901219308951441
-0.900901637365954 0.222959931375029 -0.372377642713127
0.922387515602391 0.375428543742899 0.0908552673428178
-0.959109148478289 -0.229156015811158 -0.166123934828211
0.0250887966365025 -0.456222843844739 -0.889511815007283
-0.462617118382285 0.872147534920802 -0.159198238404954
0.438570874631779 0.298452998221276 0.84769180471292
-0.245286045525183 -0.787365805734138 -0.565588051351201
0.415365576762736 -0.612177471205545 -0.672837410812555
-0.808825031907032 -0.502229750302781 0.30588779915419
0.866648441023861 -0.46928242884299 0.169394455783348
-0.80335432111406 -0.167475956330007 0.571466218423029
-0.121242433626188 -0.862465721033129 -0.491378827719719
-0.611768125502034 -0.184278081952189 0.769273260377449
0.768456609754582 -0.195279705401143 -0.609376956885422
0.690207059445833 0.229839522297405 0.686139934037684
-0.0372813188036144 -0.421889512122946 0.905880424133851
-0.330364909519297 -0.927916619846977 0.172712979159263
0.815370540228617 -0.576210523463468 0.056145478689297
-0.767648638381173 -0.401896609712973 -0.499194033510768
-0.21126421203655 0.217030812583445 -0.953029411456931
-0.265294990262382 -0.578996151601706 -0.770961752989146
0.26096833801558 -0.942482058658001 -0.208861426934614
-0.0292267701244295 0.834887265418766 0.549644475956657
0.384476357213475 -0.917450494958641 -0.102286460707176
0.773718740655149 0.332701049245558 -0.53913757260083
-0.397164021018496 0.00245306455511646 0.917744366848802
0.831425821414763 -0.489825243336819 -0.262301990985226
0.644690864173033 -0.45797265243756 0.612074128901993
0.676014320331133 0.725130614763905 -0.131111518332131
-0.833649275137415 0.542537555609832 0.103353213862806
0.92387332662559 0.20594967474078 0.322556673817072
-0.855562914708833 -0.322030631192902 -0.405349690450637
0.991801095843293 0.0994954701126287 0.0801949980429645
-0.290238054167231 0.869691538939166 -0.399247415784804
-0.740911202761466 0.473717616249247 -0.476069542900707
-0.539238180617038 0.363732152534402 0.759553227744782
0.640079605655426 -0.619645049280866 -0.454244550133194
-0.182235079993489 -0.982474831673581 -0.0391609594843537
0.98181454222541 -0.162882987350025 -0.0975158300310321
-0.276305536116827 0.890364550150932 0.36180964407506
0.633205984123666 0.0264644383095792 -0.773530746108348
0.115351762221698 0.245037388324471 0.962626952290175
0.581850747247158 0.812517574079265 -0.0355654290044522
0.545361247882144 0.485530683251402 -0.683257685598821
0.352988035602829 -0.76696198243403 0.535881296764609
-0.392437976951187 -0.164173402570357 -0.90500802655829
-0.751476377694738 0.624470250711189 0.212885320638838
-0.923233858562057 0.0375171828328997 0.382402541043988
-0.0360507812329499 -0.994523445650887 -0.0980992213179185
-0.217700515486678 0.723573144543778 -0.65501785475807
0.525273269207822 0.412487916518622 0.744272605556495
-0.583020182474573 -0.33918892369586 0.738267120268375
0.885852330464149 -0.0888762619785584 0.45537529431004
0.507686136484392 0.0960380250468592 -0.856172578728524
-0.575129472131981 0.0244470329538504 -0.817697029996405
0.950764116156029 -0.306891846299266 -0.0431855312005366
-0.164861620962723 0.368254724145998 0.91499131366243
0.0902291082536139 -0.995913906962379 0.00376801574933567
0.96879730216707 0.0777135264490754 0.235355890346206
0.921654392066086 0.381093976940872 -0.0729421848088105
0.119584560396402 0.386145939042184 0.914653402484257
-0.549346423842066 -0.527979362102233 -0.647654460191584
-0.153821918764616 0.873555709035047 0.461778345659309
0.862863562800099 0.505215816957955 0.0149482536580267
-0.96824853567676 -0.249878890533211 -0.00743728617857825
-0.401684357660776 0.879523665700436 0.255123104174276
-0.227332220778214 -0.221612123397273 0.94826585310207
-0.0516824537567497 -0.996409451018517 0.0670606434107226
0.558263204401029 0.803986369283769 -0.204812383946377
-0.134726571703748 -0.0813037460382523 -0.98754162026575
-0.706359046829773 -0.593094648091814 0.386387933774571
0.173141192706636 -0.655391497374889 -0.735176245914424
-0.530469603619068 0.064559392971553 0.845242027123222
0.798170682302339 -0.0750019825941258 0.597744313665942
-0.77526986777287 -0.268750006264938 -0.571603067045684
0.702509200104917 0.258920699773485 -0.662903382852101
-0.961622499173678 -0.0916581930334241 0.258613504544556
0.146337870859703 0.826150510887169 -0.544114474088973
-0.407864274280106 -0.546245693536729 0.731616276512859
-0.104094157581824 -0.916331445293635 0.386653706465371
-0.415590592652261 -0.557312376143374 -0.71880969296217
0.588016502618001 0.666376201030771 -0.458453216095919
-0.273573668875407 0.48946643572651 -0.827997618351186
0.0126756526991475 -0.0183992808900598 0.99975036598712
-0.666536492590456 -0.49083666697711 -0.56107795393868
0.418421623545038 0.83319817334629 0.36153028764177
0.33383409430986 -0.114064745936615 0.935705098420828
0.65227143063241 0.673060521341042 0.348613705113372
-0.544002212297849 0.790002679144569 -0.282767324773301
0.273752090165249 0.860338561229827 0.429973665694944
0.844806745324802 0.374460060232477 -0.382205738241074
0.0734542638396097 0.27528225361967 -0.958553155524438
0.0490704802876403 -0.172330354916157 0.983816210853842
0.192323697651197 0.374204599112764 -0.907183836564909
0.113285958304182 -0.981095516378853 -0.156900858482086
0.0854077247916396 -0.319306289499666 0.943795006360953
-0.858099690598207 -0.187650890539914 -0.477966593262373
0.814903254909588 -0.478381250279508 0.327237015813879
0.108531313543728 0.533786965106951 0.838625321500838
0.894644342299822 -0.351101390747592 0.276295700665113
-0.145998721073606 -0.926134563009485 -0.347791812215443
0.855928318974844 -0.121838519004231 -0.502535658499727
0.54897565758458 -0.212884037839315 -0.808273538978487
0.648968774948375 -0.692073405118277 -0.316028370672633
-0.531543907622983 0.795616478633328 0.290612272961745
0.00537446855977764 0.868317004225731 -0.495980539194988
-0.216915552485861 0.819425651664066 -0.530555599805218
0.980004846560742 -0.188668109740022 0.0632047868802928
-0.381085846333959 -0.829286341796258 0.408726976151698
-0.386119881168901 -0.439268666493467 -0.811143930509971
0.853324436765775 0.489996976345532 0.178158268936944
-0.656364179130704 -0.374899121576652 -0.654703530611476
0.487414053576986 0.654124953899529 0.578401318343579
-0.313416984974816 0.926572520441766 -0.207925847098167
-0.195544644410472 -0.973332654471093 0.119940967907709
0.257553376021806 0.602038635794108 -0.75578815782661
0.119294033735111 -0.458530870872203 0.880635210500003
-0.638859591928645 0.318894495384289 -0.700117649123606
0.952718080200759 -0.209671246375992 0.219923232291904
0.999334652039055 -0.0362774331112958 0.00376843214556989
-0.452971542042936 -0.729371864258098 0.512672864239869
-0.747445364257107 0.347536054551413 0.566166157799456
-0.449590399278412 -0.40576832223951 0.795751557675894
0.640589462073424 -0.409107842072327 -0.64982760378073
0.39026827590545 0.767805349363619 0.508100008177916
-0.824656532770902 0.2190678267212 -0.521489108471044
0.749023048450846 0.468958017839821 -0.468020138875612
0.728228054677468 -0.200532121073318 0.655340193180998
0.256778813449732 0.0601179972480239 -0.964598604275496
-0.754147251630388 -0.618832828743567 0.219790475061063
-0.669511992323449 0.698789548037309 -0.251886600852247
0.940836045422224 -0.264523827185354 -0.211789236000049
0.909934809198865 -0.201051855414434 -0.362762724714984
0.153140837782077 0.517472516158692 -0.841884837031643
0.837768344806332 -0.27841796897281 -0.469710160624097
-0.293053902826068 0.703538365652507 0.647420402901707
0.42275050145772 -0.317143422908205 -0.848941731111926
0.417572784144897 -0.724388720459567 -0.54853801291472
-0.521908360108425 0.841145656605896 0.141723844225203
0.171191831561897 -0.512969978401272 -0.841162979490587
-0.645750134097299 0.744354799332562 0.170125533133335
0.668356929865232 0.41355131874116 -0.618283366320467
-0.649902530047763 -0.0994917804417379 -0.753477330158015
-0.133146236351748 0.940756976269525 0.311846743362162
0.54054586687536 -0.621441154214409 -0.567116441000107
0.131457215123817 -0.892951593382701 0.430530431522774
0.315803393327901 0.939265232808751 0.134346712647932
0.0061668992623339 -0.91346513950644 -0.406870259738861
0.741564835404461 -0.668325960510975 -0.0584979093526984
-0.0982170877518388 -0.649232628788733 0.754221716333877
-0.0652573913807352 0.690021816801047 -0.720840734981565
-0.822706651424158 -0.458108837618459 -0.336585885916675
-0.400621706872252 0.395277311461792 -0.82659427473598
-0.164613025812625 0.778852201227819 0.605220456012017
0.66239061366345 -0.263832923271423 -0.70116393484592
0.354166327876135 -0.933703792367309 0.0525684346127927
-0.789838619277559 0.432899373183384 0.434457234023273
0.989501915102329 0.120913153039817 -0.0791578766187767
-0.876244614884766 0.355874659225783 0.324882443056534
-0.848853650486516 -0.0485460125399979 -0.526394115394713
0.664917929450244 -0.116259426007548 -0.737812911895689
0.575869914223433 0.807904857882884 0.125154234852574
-0.77926436644124 -0.62401942701253 0.057851550591903
-0.16704003390489 -0.966258731630564 -0.196065526344502
0.628258833824406 -0.777754513420071 -0.0197168602040493
0.935059073816769 -0.334123647035534 0.118431064187565
0.902520101576804 0.351250580950707 0.249159578647072
-0.0428945286025863 0.724973812592342 0.687439474042105
0.328496333091234 0.944333943394677 -0.0179878430689002
-0.526454865454512 -0.135610000296767 -0.839318296273102
0.0333432112423033 -0.944826419313624 0.325870016465227
0.988647218161247 -0.00820805073714125 -0.150031016543661
-0.727326298597794 -0.0966556435600167 0.679451353619987
0.250626619429607 0.184941143191566 0.950254213980808
0.529771922419837 -0.728134260146655 -0.434927820926961
-0.0935761547844563 -0.968150557461012 0.232224032657447
