# command_history: dirgen -cart 0207 dir0207.txt -force  (version=3.0_RC3-1000-g3151ed7a-dirty)
0.0916834068351621 -0.995672087329443 -0.0152068216313915
0.345670856361704 -0.616644120223985 0.707291798379815
0.545900637212826 0.784945314893624 0.293007417853508
0.38318488073735 0.17515129776432 -0.906913099511622
0.65690346677681 0.660606673273264 0.363423525055052
0.739652404296034 -0.596964960690799 0.310720383184833
0.794747684025766 0.222173555252479 0.564814155348603
0.197368949021406 -0.834111502893344 0.515076206694886
-0.729785707390227 0.656723237289925 0.190072120239627
-0.777618777874406 0.0402765107884081 -0.627444689973408
0.406385186822886 0.913506321831368 0.0189018492495836
0.663596517933244 0.120488418412413 -0.738323914291924
-0.916190163457183 0.377517222282486 -0.134448247531962
-0.580324848127136 -0.150807598482389 -0.800300030542416
0.0511452657254149 0.211188666297034 0.976106300062425
-0.939718114226827 -0.0439550057720651 -0.339113289715332
0.172401293264104 -0.923197045470202 0.343489460269097
0.858651704089058 0.0555757518733641 0.509537620660798
-0.332280939600163 -0.877829920273708 0.344969575833417
-0.613592421188928 -0.6972176608385 0.370664098712567
0.548157084068142 0.829916385471665 0.103742972347817
-0.553640764713604 0.18192661904164 -0.812640516422492
-0.134175194260432 0.927802088852116 0.348109610850986
0.744038886824468 0.516793396163231 0.423474580789781
0.24578000385261 -0.351381717516831 -0.903395305666978
0.787894113155223 0.611840398324873 0.0698154240337005
-0.0959653202192838 0.855218406774157 0.509305540937739
0.33725708525669 -0.852263775212387 0.39988012691917
-0.177898577853473 0.580380579578964 -0.79467633590368
-0.263502510630988 0.964012863202973 -0.0352934338138427
0.350928383513407 -0.747800820959362 0.563598440218895
0.464148177686264 -0.850446847224425 -0.247601755237228
0.258888041503594 0.911170086132362 0.320540256604342
0.503559554827402 0.324017116454863 0.800899920705643
0.96997993825277 0.188546377789256 -0.15358770396651
-0.131887264815605 0.97708829615905 -0.167045535374231
-0.0480865076910992 0.371801245711284 0.927066082577511
0.405198400995684 0.822682442771189 0.398757889184115
0.925972036320604 0.289662718625902 0.242221587375124
0.0772100641235478 0.843226847589225 0.53198410643813
-0.291277315220834 -0.663860969338281 0.68880050742358
0.973147001007688 0.134000184916026 0.187159998055711
0.0498602427656032 0.991941186617585 -0.116475913746371
0.7767219005321 0.58215979621332 0.240401873758647
0.489237613095521 -0.752919323507071 0.440180701783089
-0.197140571686389 -0.745582339281102 -0.636586655803657
0.644181820526584 -0.0663077268098868 -0.761992826389043
-0.495924803727287 -0.00208371464662131 -0.868362969720222
-0.648391988893249 -0.735491139979714 0.196572154056461
0.217500069155999 -0.963528215489127 -0.155907337458743
0.409200412083339 0.484700559916187 0.77305911156118
-0.0242173170253772 0.664406709537029 -0.746978745265399
-0.0381937966718585 -0.356855837726105 0.93337835038991
-0.210813191423433 0.0665538910973808 0.975258108349613
0.773963229665469 0.185909339037772 -0.605325232238286
-0.702598959228029 -0.535967425689627 0.468074375597858
0.711723653358711 0.403052528150444 0.575324344001942
0.866414466732427 0.497789865851975 -0.0391308227850726
-0.621151646845948 -0.472874524581826 0.624948250355242
0.537000020216253 0.839384749594746 -0.0840489169205001
-0.674280548987226 0.359160465156468 0.645251502536859
-0.430972205011795 0.311958429081831 0.846725986982842
0.620248297862574 0.566816593367158 0.542227810502404
-0.257941455112676 0.623310200140145 0.738207694443513
0.0721798409426013 -0.0875355660322545 0.99354295087878
-0.222175036409674 -0.101294700105279 0.96973070330218
0.689315472095363 -0.196997782274942 0.697162860247662
0.891510707310788 0.43723021457228 0.118483746629217
0.523039178828271 0.706269742984598 0.4770881129887
0.0695363301632605 0.178985658882029 -0.981391274009501
0.593621931535074 -0.725771969098171 -0.34766082792275
0.934828750307561 0.128327830638695 -0.331099947873705
-0.478621637865967 0.494686047780962 -0.725401297143416
-0.378627158434494 0.919731076328393 0.103615742682457
-0.769045243535407 -0.000973955113729111 0.639193605104904
0.424524847411547 -0.900576713326103 0.0934892365192769
0.932591163672827 0.348360945210315 -0.094437139365495
0.74512697991365 0.594617931162655 -0.302018707607009
-0.837072813467888 0.32387900467767 -0.440921189422731
0.170878963350055 -0.751463213824221 -0.637262440563841
0.992163073974453 -0.0257798332222284 0.122261338290559
0.243407548359426 -0.121627325846733 0.962267924753302
0.842238217590034 -0.448237305990643 0.29952980210492
-0.219925202601553 -0.279726558400288 0.934551206615344
0.856998443447693 0.248792382807275 -0.451282636698233
-0.733047782507645 0.458445339369397 0.50246275421279
0.896393174687552 0.200331643808709 0.395406763804658
-0.867091992704903 -0.0666319695656289 0.493671608277046
0.569647577686631 0.454069712266132 0.685071042767322
-0.891834983141006 0.117500912175898 -0.436833948410278
-0.305536695224641 -0.624889294063682 -0.71844324621768
0.282806429934432 0.806679114384468 -0.518930948781851
-0.672454579944387 -0.718420056920599 -0.177981627495709
-0.412514935886145 -0.885115611278441 -0.215410729403255
-0.141223322353857 -0.363721283163935 -0.920740355038769
0.497976394071182 -0.681597396558736 -0.536138508178825
-0.80353246797398 0.29270284301195 0.518324819591312
0.133639448732587 0.730679540664839 -0.669513186275124
-0.566847752458806 -0.630096578536163 0.530718312525035
0.507548560032117 0.407712405507713 -0.75905536926132
0.120910678116257 0.965327630353849 0.231350759654881
-0.496477703960145 0.131919151218902 0.85796691487035
0.640359700162868 -0.610674914386355 -0.465849335457872
0.0105716787907944 0.957700961897795 -0.287571047199788
-0.379467785891168 0.0063204380054724 0.925183361034057
0.98181892479235 0.0129778647016618 -0.189375748044408
-0.914589510418436 0.345446954286938 0.210219954348876
-0.0328022631017343 0.891823011242617 -0.451193670338531
0.678146899758874 -0.734769804869401 -0.0151695813920815
-0.404656646886884 0.153622139384442 -0.901472815131555
0.430133724226173 -0.586897371491531 -0.685956598204037
-0.840255185743447 0.507560202075501 0.190666893036843
0.626034867258732 -0.629420186720547 0.46033745613953
-0.459504896783729 -0.778351490812955 0.427813284717791
-0.434173192814071 0.797910031064963 0.418130626679685
-0.52837838379451 -0.23605771180124 0.815532366149784
0.112711779693318 -0.262473800420738 0.958333740828872
-0.268707450059749 -0.954585887540491 -0.128693782254311
0.0755713140598959 -0.633953709753416 -0.769669845051203
-0.605962512235414 0.774516991609544 0.181474139957866
-0.151754302006344 -0.594168176851345 0.789895442093266
0.333572285171543 0.0346092470594879 0.942089024765394
-0.331767999360235 -0.353729288523433 -0.874531637530177
0.588938455251204 -0.524331082998763 -0.615002773430877
-0.130241643111378 0.221287439987883 0.966472443116335
0.735603601272423 -0.182649475763117 -0.65232393087982
0.852685497177079 0.47437902836403 -0.218842364162601
0.722253031870493 -0.358184692778294 0.5916538547269
-0.0873676357094473 -0.994511508110546 -0.057565236612298
0.824853528185672 0.350765149982515 0.443373957960312
0.851029029459071 0.4368509509234 0.291394642530149
0.955936414154716 -0.113623704519153 0.27069397086815
-0.14979634614572 0.426638560514773 -0.891930823193859
0.157503400971331 0.065102212987893 0.985370174374353
0.321274293051025 -0.468124502104179 0.823190305551687
-0.750466478116881 -0.3649944742003 0.550980125799554
-0.006517520921684 -0.748803777426083 -0.662759703688648
-0.898164113939417 0.23496266422576 0.371609702310575
0.287672544473672 -0.301072219198874 0.909175464903617
-0.931499093663688 0.0535896982629697 0.359774349758028
0.411989453069801 0.704730478682078 -0.57759816739302
0.743664724917109 -0.485905595629882 0.459193346042307
0.959149776366733 -0.278438936394376 -0.0500346399528844
0.36987275652394 0.351324393883639 -0.860096107562217
-0.199978291460163 0.715501932682493 -0.669377074056389
0.467493461208496 0.564274450110761 -0.680473517985453
-0.593911902241105 0.353302824972661 -0.722804099492171
0.837665865947011 -0.408890541523095 -0.362111063183929
-0.492262665613891 0.637110930644669 -0.593099595427101
-0.471502494327192 -0.606906708068397 -0.639804380685861
-0.333697442752623 -0.514202434345415 0.790089788070703
-0.0365539645821338 -0.510949993674587 -0.858832877594511
-0.962577542669766 0.169286527053798 0.211628320661245
0.465813493753766 -0.842077396938903 0.271888665820241
0.817300735442021 0.424549573079357 -0.389585892768292
0.994556004988379 -0.0941739851795029 -0.0446050833085958
0.113578014815592 0.835248110839541 -0.538015453206994
0.346203273327187 -0.475369812738865 -0.808805807764854
0.960830457451889 0.271071360474878 0.0576641098352519
0.673247999899214 0.739376576375577 -0.00770771943169537
-0.374142795934438 -0.912560993983419 0.165074530168513
-0.914731730019109 0.278256236677388 -0.292983495860067
-0.769697849657669 -0.626574897611596 0.122348346598468
-0.19946068116747 -0.954210216300007 0.222931154792018
0.119777754826673 0.636193941432459 0.762174886973662
-0.971153571814333 0.21029208312971 -0.112418769452569
0.36622213692453 0.737405975516518 0.567550679410185
0.0510269339818726 0.922831808276183 0.381808467221617
0.0467039842455684 -0.78814061588628 0.613720708014635
-0.719582733190427 0.678025598275265 -0.149939915224945
-0.849179922534108 0.11553963421628 0.515309666210653
0.161177174930703 -0.500509249762291 -0.850595326335471
-0.50142095682539 -0.824449884579977 0.262410769352884
0.594738923291159 -0.250143096074838 -0.764011809207533
-0.652855090800864 -0.301096923081538 0.695068970193768
-0.656684632655476 -0.286308599484664 -0.697705295304022
0.159667734113896 0.907871409666608 -0.38765412185723
-0.831451512917463 0.537632242818236 -0.140142617177983
0.617542017459968 -0.505882494091347 0.602266352076381
-0.894840501031565 0.44539184560129 0.0297755199023394
-0.805531775652443 0.197589013074433 -0.558638649152109
0.421322467788996 0.184019062319846 0.888045248193534
0.0497267460394129 -0.978544379859287 -0.19994536097178
0.530205789225463 0.0556035076376855 -0.846043776060193
0.305722457357425 -0.902789309991666 -0.302498331949302
0.227213622772306 0.501307401755599 0.834904101422274
-0.581527055524627 0.802470351985421 -0.133669809146462
0.798679803463322 -0.60122787443514 -0.025211397065468
0.00068053923926671 0.517406212989499 -0.855739649441469
-0.447764146624469 0.333365419471694 -0.829683533703136
0.240006619369501 0.845105077597387 0.477696797642541
0.245974764016286 0.21318036863104 0.945542461181658
0.267723760572907 -0.84006145225546 -0.471827028114275
-0.304110752193723 0.926198684918946 -0.222873610942578
-0.994987883592952 -0.0997587615812415 0.00687757159142605
0.612574687249023 -0.730312968000586 0.302316425805706
0.340141889184183 -0.728339485027521 -0.594831984489789
0.0421634131705334 -0.0420918321296553 -0.998223684480477
-0.236348268708699 -0.970384326436822 0.0499375097913027
-0.518403586518607 0.424155370478943 0.742529422432886
0.643844789731894 -0.0268071507970578 0.764686382382501
-0.909263109050962 -0.306977309513937 0.281079223640885
0.18862919909226 0.443792304680128 -0.876052176275199
0.748330610432102 -0.570360459058546 -0.338659481238665
-0.528498707156555 0.847937811450785 0.0411167173532023
0.328512528227864 -0.190812876837835 -0.92502430499431
-0.722552448286615 -0.11721104788374 -0.681307221251187
