# command_history: dirgen -cart 0164 dir0164.txt -force  (version=3.0_RC3-1000-g3151ed7a-dirty)
0.243047146278768 0.14548637271208 -0.959042126311889
0.747893036605823 0.0853334330991691 0.658311636682834
-0.0301052210053723 -0.941759446763526 0.334937039008641
-0.142865516081222 0.571702871436024 0.807926525809526
0.619045053353391 -0.596856019973113 -0.510437178642536
-0.299284872727023 0.932163971477134 -0.203712776321826
0.855984796899723 0.487814619740407 0.171251056183786
0.0668056425993856 -0.850880716303609 -0.52109405364055
-0.755489388564928 -0.56018777365849 -0.339743200092859
-0.717541314574634 0.45169197814011 -0.530196962234207
0.418286736599519 -0.414781385551348 0.808079580353958
-0.128354124514004 -0.978785732301855 0.159698807016726
-0.223506641726154 0.690803310341666 -0.687630400378934
0.471239683848232 -0.392381229340332 -0.789917800298226
0.705359720122863 0.706218208689243 -0.0610205452610312
-0.447060157723133 -0.847941302277797 0.28483813520665
-0.0848972613294579 0.366168861671986 0.926667588599385
0.311402049887459 -0.0326413149975198 0.949717488457026
0.910756752807218 -0.103187625251921 0.399843033215436
-0.343974299642003 -0.931278831631611 0.12000591210709
0.679722137506868 0.283085235008973 0.676639169353216
-0.991652107113044 0.0920394470448261 -0.0903041452312236
0.809927547492684 -0.565059619857647 -0.157241832280147
-0.27787015244007 -0.934700283260931 -0.221638351498263
0.804284482675953 0.293745670071883 -0.516565535281532
0.150459183078513 0.480838065726866 -0.86380367490269
-0.888768699259357 -0.416916650394567 0.190448696085338
0.329579718274989 -0.930339108088094 -0.160768010697494
0.732115472179555 -0.247348847967652 -0.634685341570437
-0.453981948145266 0.727254193553033 0.514783186125728
0.424867219457823 0.136579894872154 0.894893165772814
-0.696051264470544 0.603979529941366 -0.388228495400278
0.531810982670944 0.619157905932028 -0.577772071177234
0.866875193149481 0.0581809382939231 0.495118549360948
-0.624072500474713 -0.604219227929094 -0.495431770026923
-0.980058602647562 0.141599136429042 0.139408823031608
0.41730149846313 0.90624168693963 0.0677160559486449
-0.0278091864898434 0.72405825389531 -0.689177984350087
-0.0888097768330317 -0.976250351317999 -0.197605857935314
-0.725786673000266 0.598055651183822 0.339945794770724
-0.744353789399377 0.667281326819673 -0.0259435364698925
-0.180972534121485 0.195065384466066 -0.963949395807038
0.907624916520309 0.261868711635144 -0.328088080822899
0.559141251612169 -0.258781391362792 0.78765046323221
-0.410600425653881 0.586014788951156 -0.698565643002419
0.600481500153119 0.793820699596833 0.0962842918936133
0.61375672051457 0.13045999621594 -0.778641687434302
0.21960088429912 -0.975452768398498 0.0163507870987808
0.525178459240512 0.476793563336646 -0.704879765570346
0.776937759381328 0.587855642603801 -0.225374047987772
0.542238186265761 -0.742165495976932 0.393913855984443
0.226489536749437 0.497525962380056 0.837359186072993
-0.0682314417304402 -0.663524683396903 -0.745036552715654
-0.406885524255424 0.219375560092282 0.886746036802864
0.52497787461009 0.736113765424132 -0.427240863592164
0.164038888058753 0.634657078573138 -0.755183180308895
-0.968392217424283 -0.0179131638088242 -0.24878832728735
0.922172067704909 -0.0800095484378435 -0.378413992478642
-0.16375583150406 -0.871501010248491 0.462244542189817
-0.691034449460027 0.0544451641504994 0.720768418953066
0.841384758475969 -0.432643851730792 -0.323868778618562
0.764555684584843 0.122971810110727 -0.632718372648601
0.535768750628234 0.839041586437032 -0.0946628864946087
-0.144935351851767 -0.895905308120461 -0.419937403270043
0.745082025560944 0.652482465891424 0.138272943449714
-0.231191366027496 0.540729351319497 -0.808803017363274
0.261776101518384 0.915756935028536 -0.304733504263936
-0.434056671308968 -0.142323606641511 0.889572255123062
-0.963092443775645 -0.0652318352544352 0.261146993878151
0.0296043439775219 -0.936968233969647 -0.34815817001682
0.630123648756743 0.735622050901105 -0.248604878281867
-0.997210036251976 -0.0347640322951376 0.066057593484134
0.933701986500447 0.300085042940902 0.195319142452234
0.843531225612848 -0.259297492216255 -0.470340176836349
-0.791595720132649 0.575180007654016 -0.206262392749623
-0.00160492190000988 -0.999990018821361 -0.00416971022373076
-0.902419271718664 0.389848353106472 -0.183460403387019
-0.674539487316962 0.720549347729231 0.160639713449538
0.570147235112201 -0.605563223623404 0.555180432371985
-0.920403789552229 -0.178355384136758 -0.347916974474263
0.709027248158154 -0.28444766578512 0.645267298720982
0.840090926542454 -0.278680522661706 0.465386292696766
-0.410812962264379 0.843930134407348 0.34498498268006
-0.665258427165179 0.0892012562433988 -0.741265378235293
0.82380483910979 -0.0679037171308393 -0.562791855181921
0.457272945238871 0.633647706018112 0.62401285099792
-0.486949466453534 0.574644429571739 0.657771994450045
-0.402985859895039 0.728101497151728 -0.554500321523864
0.106639331569649 -0.729625883881176 -0.675480660369334
0.623674964853834 -0.41995058672751 -0.659295869031339
0.522818959277489 -0.0442799694130893 -0.851292910888361
0.334574541450083 0.324443935116673 0.884757599108069
0.930812573653118 0.365417047350674 0.00763768517119207
-0.961481271238573 0.273557485998691 -0.0268340625238365
0.30190737404187 0.769087932141809 0.563343314625264
-0.133578999734505 -0.30838408933641 0.94183645303953
0.580192275603638 -0.737795789879296 -0.345013471861982
0.593597872213494 -0.804270226865831 0.0281241583126834
0.488703103928794 -0.845983835408629 0.213261872911378
-0.0930255602416301 0.979802057254337 -0.177014614486769
-0.26633342726712 -0.648070018300327 -0.713492646703779
-0.653342878675789 0.725900161219792 -0.214969855618674
-0.60028532087141 -0.114576717337467 -0.791536296950733
0.205009524106743 -0.196342038522225 -0.958864379844441
0.169287960028328 0.76612351361559 -0.61999705521458
-0.329142800843374 0.536117610266953 0.777330640470727
-0.27294010505063 0.381216714460767 0.883276579374031
-0.577069899096636 0.4456245987201 -0.684404155870015
0.226948119646644 0.158528166471189 0.960917983713561
0.128826302060526 0.335187769163394 0.933302171486104
0.66884917007399 0.305997468566672 -0.677500064149166
-0.326885255538197 -0.338018163392403 0.882547308039945
0.810491239826744 0.444398254192722 -0.38159421095526
0.6316124541439 0.714632215143961 0.300610220798887
0.212336818365926 0.976782034022018 0.0284593320028005
0.331797815260076 0.857988822105334 0.392129303841146
-0.916189944987304 0.378341557689079 0.132112264493357
-0.585251489299735 -0.468472155722651 -0.661826664304949
0.365416204971509 -0.847754409417898 0.38442614174472
0.503515101147415 -0.0575146306578555 0.862069956660594
0.218953503942375 -0.814509718577641 0.537246015763662
0.513328551800057 -0.843031250358013 -0.160599218013852
-0.867303310714778 0.497204168307368 -0.0239370474571161
0.965500163018736 0.227217543967336 -0.127207008156968
-0.0365675512933649 0.570547944579141 -0.82044978952336
-0.826890615985407 0.434582142795852 -0.356917736121701
0.0266745824057449 -0.848171672271354 0.529049412635431
0.684780310363958 0.467730493276691 -0.558841759532146
-0.414513243087765 -0.489069399827248 -0.767456769764577
0.731551525182945 0.436373607173529 0.52384200000083
0.00481000950747143 0.181179562494978 0.983438269512971
0.881468641318272 0.107997306848554 -0.459727763014133
-0.351126496258566 -0.797815132542709 0.490103252295924
0.167528425469691 -0.91506687930584 0.366860781574044
0.10336847243295 0.00114792415447917 0.994642469019403
0.47815609302588 0.841263403486848 0.25227492276473
0.331883782647259 -0.0364006211233768 -0.942617711268773
0.355942503849775 0.668888940948896 -0.652604412051756
-0.941917743796154 0.219576074215801 -0.254120663374586
0.813404431257699 0.250065150100205 0.525205342619152
0.300283130888513 -0.689853136611611 -0.658735676285196
0.115968507958747 -0.0117769697227367 -0.993183068797476
0.22390022444701 -0.913032050806669 -0.340941583988147
-0.386098581214619 0.220840197368563 -0.895632454084974
0.849817886044083 0.381217907586871 0.363981410919093
0.346692238204838 0.514768303191837 -0.784103364357989
-0.490133084809697 -0.745941520751766 -0.450933262017201
0.800187066487792 -0.114498965975695 0.588719496378504
0.984811342515579 0.149001356542971 0.0891359377637184
-0.107868168241365 -0.793858723420489 -0.598458674871912
0.518577271835752 0.308078305155806 0.797599756160767
-0.588369003546285 0.227461629586405 0.775940154091699
0.0499965182288127 -0.388376637931042 0.920143431903079
0.925085305385095 -0.251219879144729 -0.284790712775317
0.0119590287893089 0.167691935565401 -0.985766907730598
-0.41758114641031 0.908254157175017 -0.0264645449035176
-0.241185483685932 0.369791301504571 -0.897264707759499
0.682413457088785 0.604683546787717 -0.410694146328335
-0.835959501567893 -0.548032261014084 0.0288505221122721
-0.0316412149756076 -0.508511853538641 -0.860473432666903
0.124477210384272 -0.978613466626123 -0.163771508611701
0.505528235935475 0.312290592507347 -0.804310753691244
-0.26443538972612 0.817233459024298 0.512058002682875
0.746128012824484 -0.436671712122785 -0.502604023372617
