# command_history: dirgen -cart 0297 dir0297.txt -force  (version=3.0_RC3-1000-g3151ed7a-dirty)
0.586170063770675 -0.336205918808467 -0.737136511439528
0.341748538019718 0.598614239961286 -0.724478383719595
0.492534395519246 -0.860208410973323 -0.132103591628847
-0.244870667759678 0.831481599537397 0.49867494994401
-0.286706833027249 0.761341677532423 -0.58151357847225
-0.232929420817027 -0.817069090715639 0.527391681689201
-0.780208130727644 0.569237629263727 0.259314084030712
0.773524735716158 -0.303768973279616 0.55622288168314
-0.918027914038663 -0.254826845883701 0.303789446266302
-0.326811334140287 0.0613940898832614 0.943093376927678
0.376965657528472 -0.894658945042426 0.239754593490302
0.243236300943365 0.508239796515669 -0.826152777118797
-0.974997548472601 0.122372983194804 -0.185484860450718
0.228148310573485 0.934958223561191 -0.27166425708541
0.591153762232306 0.655364555412217 0.47014309407662
0.969039094412663 0.246896276066848 -0.00233717012822448
-0.307121121385816 -0.86352140636636 0.400009246825349
0.893411444596031 0.395194469562025 -0.213628935054272
0.493275185493331 -0.570884808539735 0.656330805886079
0.398582628660345 -0.0958171566926633 0.912113458191218
0.951388332035511 -0.0266977693555449 0.306834598404622
-0.045363996655857 0.560384065869075 -0.826989604848484
0.683389010942253 -0.72999239794119 0.00951623199807857
-0.955783480654297 0.280789795104794 0.0873786534192651
-0.985662487113008 -0.133187679675557 0.103588143534099
0.931886643942564 0.348474202513029 0.100762160677374
-0.0608949989807644 0.855110994025208 -0.514856278000331
0.453972558027625 0.805503826879066 -0.380883842452046
0.210880814155028 0.496341547442447 0.84212490196155
0.704057482045309 0.1989054832155 -0.681718175438229
0.123376952916838 0.981008825370968 0.149665667516738
-0.608658838718747 0.690882436856294 0.390148531322438
0.845791282148405 0.0133793214315197 0.533346136012805
0.582253655196093 -0.457834026405993 0.671839776491141
-0.116326774626128 -0.739444767941641 -0.663090881153417
0.827240391395661 -0.0605625874837675 -0.558574532037422
-0.660056944481323 0.334500983984195 -0.672632084988208
-0.615970810315525 0.560764981147698 -0.553283468718936
0.318440916111945 -0.941042466888965 0.114168552838845
-0.262029649786791 0.927060139053458 0.268141681226165
-0.394368330048936 0.672932724442797 -0.625807613111576
-0.713879662865274 -0.651102556215103 -0.25776207680247
0.101032548705853 0.539618883982329 -0.835825271304754
0.165933154352774 -0.978389753593224 0.123368060495126
0.00878422323671443 -0.991992399648808 0.125991731717316
-0.638295608972596 0.717145660138845 -0.279787093537788
0.764993242586341 0.107784228246908 0.634955036942344
-0.598427803415038 0.227060254049484 -0.768327928121084
-0.193364923714026 -0.815029402732488 -0.546202415738517
-0.548567934139375 0.0769606836725657 -0.832556469437785
-0.706892244990727 -0.343481531105549 0.618323371514742
-0.853695045387736 -0.509061742517474 0.109822182574855
0.333106159043971 0.0612356995081431 0.940898759650963
0.43576675402574 0.667256159012599 -0.604050125689602
0.962414847119138 0.117805717871247 -0.244702829737393
0.592107963004122 0.725600572575405 -0.350588033488527
-0.921619715164175 -0.38395380934043 0.0565382429305821
-0.206419066526417 -0.978440895563499 -0.00667704000744424
-0.164722944608516 -0.624232858318062 -0.763675120791271
-0.390009815796322 0.555256329642691 0.734562966650406
-0.874248122400865 -0.440873978746205 -0.20327408920729
-0.308133053125455 -0.588628228857559 -0.747375962794897
-0.341247103127355 0.92939218412519 0.140643459478916
0.519725534703906 0.817943909513276 -0.24668427081368
-0.138111918568171 0.914057152553693 -0.381345800835481
0.494160086710982 -0.450941220061348 -0.743275066682165
-0.705679283944961 0.33456921554046 0.624563998501009
-0.471321968274715 -0.721923728104595 -0.506637674301085
0.349626773759834 0.93688049926369 0.00400614149881136
-0.141045135010764 0.450378966240194 -0.881626370214849
0.0997034533300246 -0.956371359307762 -0.274614355942824
-0.861307359899257 0.442827799020052 0.249104741421011
-0.194624793576618 -0.0914995784210484 -0.976600745890576
0.52597972461601 -0.351509757143255 0.774458662503013
0.661614510032886 0.193743038462946 0.724382409477956
-0.737364529018645 0.606123438462685 -0.298174326009607
-0.72099465710737 0.675639123133566 -0.15387813266976
-0.515432840612375 0.672702673502276 -0.53084847167638
0.609927197219084 -0.78118855777079 0.133166254360726
-0.66020421742444 0.0984805675533661 -0.744601886318689
0.190582657966405 -0.428164890259683 -0.883375954637307
0.0263877254812928 -0.989111140747785 -0.144785493722746
-0.714463043526395 -0.626761877240664 0.310985704933137
-0.471772843687228 0.873534680046153 -0.119864701709603
-0.708271641544288 -0.400749314716363 -0.581163719220776
0.62926172236764 -0.577698907820422 -0.519897736738681
-0.772386334657114 -0.0692615531025814 0.631365335837157
0.0194753622691275 0.647353834451978 0.761940761007578
-0.813262732243146 0.557616411664558 -0.16633600267758
-0.539519918087842 0.74127394984085 -0.399288353541438
-0.712532410887 0.580839494683167 0.393602648430828
-0.196686445601073 0.569007980586218 -0.798463750051316
0.988209477960133 -0.13720093793359 -0.0679553551966675
0.47834973726128 0.549183013429355 -0.685258744287673
0.609569904402988 0.457647444822654 -0.647289230478485
0.241816637277845 -0.67466497403958 0.697389336554415
-0.241005178549095 0.180638876708642 0.953564942798318
-0.182052527403103 0.0264269189284707 0.9829336168949
-0.404098645960511 -0.0589957008491558 0.912810928732888
0.509395270933152 0.419438972910774 -0.751390315318541
0.487485657586011 0.827546016848947 0.278433697036435
0.795481747702678 0.605955251589748 -0.00519828266810957
0.396031049045717 0.663098690549362 0.635184646212005
-0.806050931460213 0.395702339875741 -0.440115387266778
0.948929451416499 0.13926715861841 0.283085772805234
0.441580441472124 -0.468427527198844 0.765233536557083
0.810440942972616 0.324601089038482 0.487667520908137
-0.236443060026695 0.337706088183392 -0.911070401982791
-0.235901178951343 0.54568428513307 0.804101545035313
-0.257070517795408 -0.708536013566767 -0.65718449948193
0.88684723620976 -0.426363281188304 0.178090797295801
0.451072393551932 0.317343453942659 -0.834162351113423
0.139025896931052 -0.771566500789498 0.620771241957911
0.158388940371281 0.400765691172265 -0.902385618428884
0.625225850511989 0.751439274436268 0.210788170176259
-0.820048549963415 0.482217398145344 -0.308199215814764
-0.111848780646526 0.0371135340518548 -0.993031941005961
-0.868339707756762 0.494969726859719 -0.0314820810194802
0.0868132448701203 0.845072480543448 -0.527556597099557
0.528044198719225 0.600938558410915 0.600035143315776
0.151415282824701 0.748932927678537 -0.645114626997381
-0.579292681943755 -0.734583617873104 -0.353280196160036
-0.652081254361029 -0.72802108707551 0.21160183005905
-0.746336291064086 -0.258678662630418 -0.613243418342539
0.71939363812944 0.687270208142394 0.100660093477001
0.930247778769521 -0.188255380175759 0.314958698767397
-0.343199645603843 -0.218558145508752 0.913480344774408
0.0967139783233621 -0.844489405027064 -0.526767549488296
0.1440040789936 0.980667329539066 -0.132493071546864
-0.611886359687071 0.0868862535392376 0.786158929081659
-0.435179939566972 -0.177290460681895 -0.882715420024873
-0.920921174349268 0.17953646174652 0.345934747515635
-0.166792126007229 0.756568200510972 0.632285493015283
0.701745291640891 -0.437887724771263 0.561967869325718
0.0644124371777372 0.524629791893177 0.848890228118422
-0.726006882223044 0.202002724156809 -0.657349911689356
-0.410169503517946 0.911952554238302 0.0101743403755871
0.0532634538103746 0.956938058247518 0.285363903053033
-0.276726841865777 -0.864565601269947 -0.419462246324658
0.447083893993282 -0.332022101977622 -0.830588535636127
-0.796483892065186 -0.523313409911339 -0.302913328672841
-0.991164483882518 0.00817192569494204 0.132386500521535
0.538761683044834 0.257895408994873 0.802013595210247
-0.293576912913424 0.876247374447521 -0.382103565775106
-0.174633032864566 0.19250957352658 -0.96563107237347
-0.623158811719065 0.453947771629812 0.636870878600373
-0.497581528805757 -0.400678316223733 -0.769330559057314
-0.0206831516785009 0.911227548955561 0.41138371535719
-0.931743235708575 0.36020871945935 -0.0458717902067345
-0.76329643504821 -0.504909240083157 0.403044924941801
-0.398056600579365 0.774096683851354 -0.492265443420049
0.739465226473345 -0.661587316275622 -0.124472494069756
-0.567400438411507 -0.104654462655411 -0.816764461724883
-0.0987358284251653 0.995066288789263 0.00971169914891544
0.721490115104944 -0.461660178527137 -0.516063846212993
0.0599035407179061 0.28640088702774 -0.956235377780587
-0.0844411187738394 0.541567890532478 0.836405354720081
0.873281723007398 0.484741858292736 0.0490343051356433
-0.838631076180365 -0.172032919240912 -0.516819690764596
0.870240869637786 -0.324223090077459 -0.370891111611878
0.830774059901386 -0.544247154593641 -0.11665974503527
-0.00589290160755347 -0.272043399052317 -0.962266939441809
-0.907583257616848 -0.0760190734166321 -0.412933082920789
0.475467432813638 0.179375422532859 -0.861252099053911
0.855421338468736 0.0877829524968051 -0.51043950370568
0.641900741184314 -0.639577804052975 0.422970059259285
-0.923033545794105 -0.294581343595232 -0.247448793378326
-0.694288259302586 -0.485908805219765 0.530901540781797
-0.203833051672985 -0.254632280508914 0.945311847364936
0.798165376143845 -0.333390623525775 -0.501779557644839
-0.970549204327067 -0.194808787366901 -0.141717247873135
0.918711570363775 0.103558771527166 -0.381109736584504
0.0125454515370846 0.918321226597883 -0.395637127208116
-0.423217639375546 -0.810546849033172 -0.404846434149773
0.80035299462897 -0.458281306294358 -0.386540202682174
-0.295158429931656 -0.715135932292079 0.633610368905859
0.576332091908304 0.810165732681025 -0.107111182544199
0.4031471963648 -0.771766882731862 -0.491780659218667
-0.823191564870311 0.150918322580336 -0.547338384763856
-0.291850731427883 -0.946798022462231 0.1356342701039
0.200285460714695 0.636434093575269 -0.744874069062233
-0.346650395706944 0.442692828304958 0.826956203751793
-0.160672757077669 -0.900759722045303 0.403504880111665
0.422801787781063 -0.657788981585382 -0.623339637720884
0.556200644133676 -0.83104777713208 -0.000659991752013981
-0.266424900564288 -0.952238381629374 -0.149197308659307
-0.0518000060685431 -0.120884766996282 -0.991314093756138
0.447924361778601 0.535416777206635 0.716025586701267
0.398702299869295 0.319793089862238 0.859516640766947
0.379940292749563 0.467340159396162 -0.79827222760218
0.254244147980005 -0.967025342262916 -0.0148963297228237
0.530882006098977 0.835952512338092 0.139095983823968
0.983831416315928 0.0371768779405807 0.17519595890427
0.0871350685225369 -0.313814464521569 0.945477636800899
0.593642526683081 0.181825122672023 -0.783918474893041
-0.321108206563103 0.218422914397869 -0.921510146522418
0.627775400013778 -0.768248757189546 -0.125267291078955
0.854061277114584 0.384673435949752 0.35015094260621
-0.891020381202462 -0.235610366135313 -0.38803406506569
-0.528287101092014 0.561876641715584 0.63655901400751
-0.804673910050888 -0.573404955572104 -0.15396965742889
0.535150553987895 -0.212707802180538 -0.817538546771939
-0.700048323155148 -0.711181895728069 0.064441108279543
-0.765236869304943 -0.622159102936744 0.165319643386128
0.00645073201636765 0.768613941129936 -0.639680387034933
-0.472887069380889 0.215509154918466 -0.854361529891581
-0.6704561190934 -0.0424257922122964 -0.740735205404317
-0.785564906388483 0.618452304218251 -0.0201128132788343
-0.8159740063245 -0.514373186567723 0.263830714555586
-0.119755378770422 -0.131647971136603 0.984036310788971
-0.307038503166909 0.741209541625481 0.596938667684017
-0.0388731078319031 0.413339126902166 0.90974702399032
0.275059481941218 -0.650028000879859 -0.708382579872178
-0.69714335872587 -0.601009404378785 -0.39086933012539
0.297046288417532 -0.460933748509139 0.83624373362237
-0.52073817942581 -0.705089500909236 0.481332051909964
-0.0350247739781921 -0.00639096800101588 0.99936600939585
-0.583995376426164 -0.47305180065156 -0.659675218735083
-0.88441451030463 0.3431603570459 -0.316309884946316
0.402677408962116 0.903628669679391 0.145966200351348
-0.129153365388362 -0.897860336927833 -0.420911182532253
-0.603568300535746 -0.31384827841346 0.732942402051689
0.730051293314698 -0.0753969402861146 -0.679220443247278
0.995641940851695 0.0881758370225807 0.0303668796954336
0.256605900866949 -0.067411873074035 0.964162357183121
0.680873113970768 -0.684324063250663 -0.26098348439672
0.00998793783016458 0.429467715891524 -0.903026977506663
-0.435059064312934 -0.890292459208827 0.134547194824168
0.354817279840602 0.457216522909708 0.815510728994336
-0.0254026036669439 0.755672132148033 0.654457283878624
0.334519689411919 0.7750522429735 0.536088237193748
-0.903048825399397 0.416734623558854 0.104091654190094
-0.420196139719916 0.869305726698924 0.260274389237468
-0.964833512213916 0.159240949078366 0.209137786747352
-0.656580135154879 -0.532906866446953 -0.5337722340228
0.0937894329823114 -0.149644749139767 -0.984281459398557
0.523395934908543 -0.681495746975003 -0.511488262012135
0.295268622245478 0.212880055018492 0.931396007556711
0.347123005788855 -0.576754560713812 0.739499692730111
0.629368781525999 0.337251313937753 0.700111768282564
0.337150952791994 -0.860320340100544 -0.382332509003269
0.182502059869774 -0.972447203977403 -0.145049762563819
-0.940354944538262 0.281944980930965 -0.190367029735401
-0.902652914521827 0.0458501328312858 0.427919947215135
0.346551834979367 0.893158778355126 0.286651743967506
0.0788844374945845 0.960514248284307 -0.266813838404224
0.254963825405964 0.358029189205051 0.898225220872544
-0.427334831296309 0.828031626202314 -0.36297185561653
-0.668645665258608 -0.0522641662893609 0.741742159549362
0.651293484409594 0.61414438532619 -0.445694369650241
0.86364222040888 -0.24929112575188 0.438150715791473
0.773346519497003 -0.202459006206722 -0.600787409644758
0.957543454207897 -0.0286705809372426 -0.286859776009692
-0.229777790063045 0.939438933066191 -0.254276735532765
-0.0735862959931019 0.963726778712353 -0.256545810791616
-0.523734397871453 0.8143068319328 -0.250213236967579
-0.264078965494148 -0.0968058987224357 0.959630615370353
0.389769334815673 -0.343035204265599 0.854638352914147
-0.923172430238563 0.305914611041123 0.232742163775677
-0.390359116069688 0.20332622920546 0.897929955519015
-0.79400221391977 -0.221187510364959 0.566247798714533
0.763709605877879 0.467059160600799 0.445649389530302
0.665416203563961 -0.211809707090295 -0.715791816114748
-0.472736740772592 0.0827506392703534 0.87730969766899
-0.563356597733065 0.785972536583862 0.254708687575739
-0.545139037158116 -0.0408476091044211 0.837349928642008
0.488312408663867 -0.786856347774066 -0.377369950463138
0.151851701608264 0.244158584276602 0.957772230983296
0.304928044103916 0.363537123036944 -0.880261124947014
-0.573010443547871 -0.588492971649659 0.570381498563923
-0.0271805585146243 0.1631192983049 -0.986231875250111
0.202049703823133 0.935474364640418 0.289937286814908
0.378122478017184 0.773206913216134 -0.50909180014308
-0.897828147920408 0.0898667620086714 -0.431078394132538
-0.0552014087463986 -0.662575032155395 0.746958587363911
0.850908838229089 0.383536335187405 -0.358962433430905
0.0572773069267794 0.998318549874933 0.00890971867268037
-0.621812358193776 -0.782232763504426 -0.0382268871048132
-0.374729707986552 -0.887266102308226 0.268954475045653
-0.0493816195892576 -0.838238162597348 -0.543063751701551
0.764242810191469 -0.0468405196125481 0.643225382578357
0.295944409843988 -0.318686765977651 -0.900475236457283
-0.857393915111737 0.193570575572682 0.476871163525149
0.174019765799813 -0.903459644757077 -0.391762417041751
0.0925466441394118 -0.674066312917422 0.732850410689962
0.86544640332997 0.239896642371641 -0.439831926924401
0.731197448751399 -0.524267966701688 0.436455484591411
-0.974704395175175 0.214816529254839 -0.0616863095435422
0.997458627171952 -0.0533264113097682 0.0472501951008194
0.142587783827206 -0.296400878522316 -0.944359700069018
0.212162158722361 -0.843259839172484 0.493862391810779
0.127290377491721 -0.656074920733741 -0.743883632151045
0.466055225717586 0.0295841219171056 0.884260881364614
-0.1092490484471 -0.389322562078627 -0.914599687333172
0.950142900187627 0.26812318444381 -0.159180486199647
0.487157787769904 0.873312028107922 0.00184156921163277
0.788310043167297 0.367217028091697 -0.493678974761005
