# command_history: dirgen -cart 0192 dir0192.txt -force  (version=3.0_RC3-1000-g3151ed7a-dirty)
0.921440466612012 0.296101710010436 0.251537758236678
0.119593279235801 0.877208926922086 -0.464975210188489
0.472449114231924 -0.311631849857853 -0.824425511866077
-0.293217421739207 -0.328388639804607 0.897877744927388
-0.733209607039329 -0.268856723724625 0.624595656607772
0.304343094710717 -0.950218508376989 -0.0667837333466351
-0.900273098550861 0.276559723164747 0.336189035437906
-0.0241604559226799 0.56811639603581 0.822593479748588
0.224239038775323 -0.273154703461547 0.935469594089489
-0.266038785883007 -0.898963516322487 0.347976954304456
-0.62502765919867 -0.408214313500345 -0.665358173835772
-0.565021404135907 -0.707996240818198 0.423665122302496
0.607121040794204 -0.639191361077791 0.472057672057647
-0.976626723403181 -0.0666416634444141 0.204350512179755
-0.718945339757836 -0.0977466265946928 0.688159280566533
-0.164073066764178 0.458287844529283 0.873528637377906
-0.598706238076856 -0.240625638351104 0.76396998805973
0.884225525655377 0.447242069715001 0.1346096239372
0.0772574204010587 0.0136829203288463 0.996917282769362
-0.53161239197427 0.455152094374976 0.714300241974947
0.950314217119292 -0.0455795765658039 0.307937316577627
0.683774710248133 -0.668700421424245 0.292047756389464
-0.721136174433264 0.687416419700942 0.0861468737058759
-0.579544185141545 -0.0576187928760113 0.812901354517345
-0.0849666863519858 0.974688191391218 -0.206793597030661
-0.248354364532727 0.0458576874869447 0.967583165477725
0.270293486620746 -0.954759194378301 0.124001257414985
0.446255714310094 0.20119588711354 -0.871995442909069
-0.716428760834295 0.689658567990235 -0.105360762369559
-0.598379135498088 -0.412170720953244 0.687064558094394
0.0478279411311669 -0.365277454013467 0.929669225927476
0.158227978037234 -0.915099566584604 -0.370886357531413
0.0348609242902147 0.99577735074548 0.0849245765367448
-0.67933228290534 0.412223101821565 0.60710770356439
0.143748259363126 0.608370650109223 -0.780526482584514
0.00475861040415634 -0.963332451739379 -0.2682684160553
-0.68564904969283 -0.723996380054453 -0.0755951210288512
-0.594861913176302 0.803398810346681 0.0262612982498589
0.828051529356199 0.461503031315254 0.318348263412402
0.782708942085128 -0.353270605410782 0.512412520663459
-0.907924470404945 -0.415683718998697 0.0536675115811466
0.683816269275621 -0.0873270233029893 -0.724409622295984
-0.827119865595096 -0.145750882985062 -0.54279775980288
-0.223732916724745 -0.130236725462404 -0.965909921946487
-0.554724422081704 -0.703701535840832 -0.443942523308337
0.0809170231554754 -0.707412041190964 -0.702154284571198
0.858789562201313 -0.381845836811375 0.341576118550315
-0.0569008519868989 -0.222093052269204 -0.973363739399056
0.440463316174577 0.655429005406905 0.613518447950678
0.297178506593988 0.501345976987012 -0.81261131334575
0.5930264922498 -0.69260235105319 -0.410635559596941
-0.962608244334044 0.233381154530721 0.137544918663097
0.645875090596288 0.0427796815587886 0.762243574058165
-0.488137128767454 -0.818698376128975 -0.302415463299161
-0.669970335437043 0.141563316042185 -0.728765790350725
-0.994920373400025 -0.100642274141084 -0.00214085246219539
-0.530278838636525 0.428553934301809 -0.731536655738274
-0.807620250422442 -0.475710380220076 0.348495574230811
-0.385078322060118 0.175040758162272 -0.906132119981044
0.70848825500609 0.698106420210578 -0.103401250375405
-0.42176174142533 -0.881471437365768 0.212426784041468
-0.990557422199054 0.0585294823087401 -0.123976985876561
-0.97133703666972 0.23154248567095 -0.0537813956959645
-0.277676637057748 -0.145988269855143 0.949517303842854
0.811191861910764 -0.0284692619255355 -0.584086692448273
0.0990189666950495 0.0856419728284044 -0.991393310812971
0.534083993479484 -0.129944722235015 -0.835385334484794
-0.504398398579806 0.587428658990309 -0.632858456613305
0.209679234936015 0.835838586261788 0.507354389113313
0.974023073950349 0.11981953866424 0.192151839873061
0.159313109413002 0.500102145209915 0.851185747957285
0.0639015954699346 0.784778883382772 0.616472781469617
-0.0268695051026523 0.825520606075921 -0.563731991853915
-0.415115592779302 0.88150489133796 -0.225007046953512
0.897827325765367 -0.393454097064534 -0.197737114908009
-0.212080973858928 0.448965440973727 -0.868015952237236
0.904453259037402 -0.394190147061796 0.163028924354001
0.436410924923109 0.699877176951025 -0.565435621261007
0.0308549547082576 -0.535540677458141 0.843945587438922
0.829791569847673 -0.556187805650527 0.045837489627872
-0.813528415355957 -0.581345391018438 -0.0144586911595086
0.405106557225168 0.9137634102763 -0.0304155771505096
-0.655120450784661 0.484349624857393 -0.579847079723789
-0.445882361369472 0.894105477939594 -0.0420037395715299
-0.536446870208137 0.254473095339879 -0.804654086668324
-0.566047085846125 -0.821632186556126 0.067165814370916
-0.91843473196392 -0.133117362442082 -0.372501558303888
0.515647155881521 0.143444168024627 0.844708104194
-0.884097246801038 0.208383212169291 -0.418268448588743
0.602331253182048 -0.766455007363079 -0.223033143564373
0.223895026366398 -0.836140706060564 0.500739190434433
0.824443078004238 0.540140326847246 -0.168943891408504
-0.264208835995243 -0.72272406696557 -0.638642007709158
-0.923878349198007 -0.195097418734876 0.32921997674223
0.523561990455109 -0.0657534192279047 0.849446484488884
0.144010504451314 -0.267078377484047 -0.952853669189644
0.461692205049012 -0.816960610754171 -0.345565722074908
0.791904302486186 -0.175451416217724 0.584896893692438
0.365571108108419 0.237821306934006 0.899888210215349
0.627619080356134 -0.273861078722012 -0.728762237999566
-0.36110809667941 0.170089922894525 0.916880777769012
0.774970340067532 0.59970496665752 0.199436518676785
-0.228827649639669 -0.973409708512957 -0.0105568050614569
0.768778444042122 0.0115687239725436 0.639410563411194
-0.462131020907506 0.87342935088696 0.153479928733922
-0.599960432779343 -0.566830471822578 -0.564580105310678
-0.0841538642744823 0.105009997932445 0.990904146455095
0.424196453104055 0.816124264272876 -0.392426495587386
0.955463661799962 -0.103951509191088 -0.276194269883905
-0.00846896834548828 -0.395830600852041 -0.918284494045432
0.751626663270919 0.297865372369764 0.588501129143562
0.899923737342739 0.362719749751689 -0.242015805490364
-0.0880893323565541 -0.953316228899254 0.288839812425991
0.813245802483778 -0.473759186305961 -0.337910488344517
-0.30495324552564 0.835878601760205 0.456410430602527
0.578562711950972 -0.798954504142899 0.164124613174597
0.314692599898097 -0.911089852374802 -0.266240208212504
0.876262810164251 -0.0303230748969941 0.480878361596611
-0.454703586854652 -0.379032437397363 0.805964676336456
0.0642740155864242 -0.18139659872941 0.981307354955519
0.806940109230413 -0.543517995675262 0.231161952951508
-0.421334249617117 -0.0159955796671026 0.906764352812071
-0.723594329457284 -0.428010430785452 0.541496368885439
-0.839470445786398 -0.147806931632071 0.522917279894916
0.687890981452484 0.57550585214657 -0.44226577052875
-0.673585363940528 0.317401331795841 -0.667487192430936
-0.916127107591895 0.400513393939908 0.0173246647888382
0.295283866660035 0.666159567087584 -0.684864124675823
0.708977250872877 0.648610875535243 -0.276866736684175
0.221391187478878 -0.604867784465593 -0.764931961302688
-0.117739910404537 -0.268226432232344 0.956133826694694
0.297481476980199 -0.333086473661441 -0.894739164179967
0.702001013346647 0.599802758548629 0.383967743564139
0.147596385451307 0.921632225362671 0.358900192497524
0.574627487833758 0.57151037377631 -0.585814939116379
-0.822842940438207 0.549997479125867 0.142941485672275
-0.443552407919783 0.727410155393348 0.523579723880889
0.170599445369224 -0.745637717065858 0.644143015275746
-0.720449235881999 0.632811127531068 0.2837304625695
0.130499087265623 0.44330658069338 -0.886819747038136
0.390807079773072 0.783052948436382 0.483836652543328
-0.664451072303746 -0.212614366195816 -0.716449512388384
0.380490396629769 0.0335324904978055 0.924176731017145
0.85177782982467 0.306322257967043 0.425019061799759
0.136381422115985 -0.820483536782923 -0.555163825883682
-0.359555926358564 0.479709490182897 0.800373875666179
0.958582784323353 0.276730881159817 0.0673725835291985
-0.537097449969413 0.769385012060269 -0.345793337780492
0.284408721773131 0.801611244507353 -0.52586223638777
-0.335238729829468 0.683090334198096 -0.648847123248195
0.0667274102239424 -0.913930438840567 0.400348105634951
0.372657434855758 0.915122683072751 0.153873035884965
0.137882165844892 0.759601104123687 -0.635605751198018
-0.30364266820492 -0.582599679501476 -0.753908975599956
-0.913877666837907 -0.024244785113624 0.40526509897806
0.408610128922761 -0.610702998261038 -0.678291685380783
-0.638794368453512 -0.724877524621935 -0.257864943584924
-0.995157192903598 0.068217325571446 0.0707711657676357
-0.368497584999282 0.83939097191332 -0.399540143314923
-0.0053971763780721 -0.885029934081475 -0.465502831642177
-0.514058821087463 -0.324395196603878 -0.794047407200917
0.944621370284003 -0.223130006874155 0.240631392040007
-0.234859310127869 0.0785576519756526 -0.968849730227724
0.192089231744255 0.963324885324919 0.187368333401444
-0.32394368368624 -0.884558477910762 -0.335584250160797
0.118493885049937 0.657370048588875 0.744193401223118
0.120647535265233 -0.992527701702544 0.0182464678086032
0.443439379311947 0.547503185216865 -0.709649053443195
-0.0697728081907205 -0.992546441198788 0.0999165516859055
-0.156432883613219 0.972795179442483 0.170875076526452
-0.738833864143712 -0.457504729156163 -0.494786766187433
-0.803023639208484 0.351369427326313 0.481344534001106
0.347654392825347 0.418998010648729 0.838795022768762
0.574842066208666 0.77979694163577 -0.247938155055755
-0.199513005999993 -0.330149037986295 -0.922602933635901
-0.566997114390063 0.586142327164154 0.578749898125202
-0.762531452767186 0.220193503871448 0.608326067494711
0.230451018026708 -0.922463511394807 0.309763455616728
0.475454723796106 0.504941098997424 0.720400785787496
-0.249910503997123 -0.953113199803474 0.170645739332357
0.275243263247811 -0.728987147297704 -0.626752650661688
0.839382164507806 0.315193689670872 -0.442821092426562
-0.367864108611343 0.529459472494874 -0.764427017171052
0.963425241957533 0.236974522769624 -0.125119457788059
0.192409240985322 -0.606726394034176 0.771272822525038
0.702282443271104 -0.538944191191808 -0.465122057801795
-0.536900860115072 -0.83554172992256 -0.116651120722061
0.0131122145203113 -0.689062336473092 0.72458344328629
-0.872631642729491 0.152604526739738 0.463924427601922
0.746537034747659 -0.521683165133879 0.412951729583581
0.382874664331128 -0.360589084292665 0.850518961400805
0.442176478088431 -0.731833644583601 0.518555184026536
