# command_history: dirgen -cart 0041 dir0041.txt -force  (version=3.0_RC3-1000-g3151ed7a-dirty)
0.542054146079384 0.650175970807605 0.532398825789969
0.120574605275579 -0.949076091978489 -0.291060708783368
0.136044398201291 -0.48991801596172 -0.86108783486598
-0.503184157384215 0.350966990499084 0.78970113038893
0.330267310212379 0.328133841624733 -0.88501507658665
0.82389552383561 -0.535918300357891 -0.184357644661552
0.278489146583825 -0.0585223786340671 -0.958654748297855
-0.53982895419155 -0.841139817990623 0.0326880223806711
0.116131042197672 0.786171103548177 0.606999651551733
-0.945304224030138 0.0536164093741625 -0.321753328928544
0.296111349471127 -0.945540041319133 0.13517432809746
-0.0974298404089712 -0.172668598587876 -0.980149468836045
0.983400162147484 -0.128961229481432 -0.127644515663386
-0.287651246938651 0.748387555839161 0.59763937822045
-0.33356461638358 -0.895879905634927 -0.293485674908385
0.504330311478795 -0.83876229616166 -0.205252886608987
0.270073772769491 0.897887820899996 -0.347645823132553
-0.44209173243615 0.732837764057716 -0.517207609845882
-0.648126745727279 -0.0236726215897139 0.761164455594215
0.0543701090507739 -0.249047156472501 0.966964014374252
0.898315357469022 -0.405746998761557 0.168519706655609
0.761012114499889 0.617833920899937 0.197842886578764
0.276485887464534 0.664026812263785 -0.694711412478409
0.74286911395843 -0.0817943069836258 0.664420928983793
0.729769433850886 -0.451038239829614 0.513810353757455
-0.837521571455848 -0.511346323787699 0.192568311242873
-0.628357600921002 0.587308754812715 0.510132484640157
0.658077894924417 0.390660369675178 -0.6436753527805
0.837114141003006 0.317184311088444 0.445683775486777
0.590728431494753 0.689309118708876 -0.419395826265047
-0.835235183662356 0.228610501156507 0.500119412474143
-0.652494102180102 0.739113824245898 -0.16721902232936
-0.0971782243908674 0.606181150252574 -0.789367345272595
0.442486764729031 -0.410469249424716 0.797320800127744
-0.899818577289064 -0.16761944359032 0.40277816486989
-0.969649763673658 -0.239914914131906 -0.0471186776628819
0.591590564618241 0.290736327941138 0.75199268046303
0.0935674337526353 0.995270724791647 -0.0261021017095379
0.415390184052142 -0.0341754957511494 0.909001116876812
-0.0858749406778564 0.874585649027564 -0.477205864463766
0.273626311775012 0.497577793268824 0.823131205306986
