# command_history: dirgen -cart 0275 dir0275.txt -force  (version=3.0_RC3-1000-g3151ed7a-dirty)
-0.786118835541306 0.512331195143851 0.345736782668051
0.133672962625526 0.463256202290639 0.876085172858307
-0.691411550672713 0.505391097279357 -0.516265344941071
-0.443494181973611 -0.791720585255714 0.420108825708182
-0.979300363333837 0.198487580840282 0.0396670975291421
-0.340204268629613 -0.820243134720068 -0.459850253398632
0.0802125939845977 0.568267577054756 -0.81892484431392
0.935666025354108 -0.352286986470183 0.0205661897735763
0.373947124088225 0.197561248297796 -0.906163948497821
0.208702807889972 0.973188232560262 0.0966840316964249
-0.102581391213778 0.745830010319975 0.658190438917759
0.635576506799099 -0.128575901337043 0.761256028941921
0.495507190304289 0.576206581439127 -0.649968152960577
0.776994402357625 0.629490927443494 0.0045684758123454
-0.208823327885742 -0.772581123547682 0.599592549377096
-0.109544811095771 -0.314523984146521 -0.942907523439383
0.110831108637729 0.312491669957361 -0.943432785928808
0.224987518192072 -0.519721784738933 0.824178307847004
-0.489860831756123 0.847480971308001 0.204480729610509
0.799209745597876 -0.236112104225195 0.552733983738769
-0.48202977973468 -0.845419911248397 0.230027096477106
-0.987127245305766 -0.0462192367977038 -0.153112976997011
0.910256661659845 -0.376052168424767 0.173255812389963
-0.0474149855663301 -0.789424601991276 -0.612013575760097
-0.754583260839579 0.110527102368487 -0.64682908260431
0.609399861289741 0.450755975907931 -0.652265942115126
0.00565977805029648 -0.994480953697789 0.104764496107977
0.716093306472235 -0.369461381994226 0.59220660553609
-0.539641738354484 0.0635903029742518 0.839489766223147
0.288294845494687 -0.368623602960188 0.883743583513818
0.17818592926647 0.716599128899606 0.674340761834675
0.68303808403157 0.665983722351511 -0.299874402584327
-0.445846846831941 -0.894239894237753 -0.0394411044935214
0.061714507903928 0.876678083295907 0.477102565265364
0.830276362635048 0.303717575033015 0.467329430129945
-0.833367117501508 -0.0450236761535095 0.550883033005058
-0.86467194499653 0.496474901474612 -0.0765186234957987
-0.195081766180241 -0.814904692562377 -0.545777836251909
-0.174169727279321 -0.447592162621885 0.877112399900327
-0.768509604684958 0.517431162458398 -0.376374786116074
-0.863830948616458 0.387736761374967 -0.321646228162001
-0.0164107764601818 0.0134092712896527 -0.999775413710226
-0.937851516480022 -0.153594175226749 0.311196661891701
-0.569741989831877 0.590884015046607 -0.571183110556338
-0.361304439985534 0.875825575990291 0.319982284022125
0.423926361887004 -0.673533700133959 0.605507055682349
-0.591782436769061 -0.704110747831489 -0.392455860345917
-0.0167691478876103 -0.435625607404309 0.899971736141058
0.793623155185074 0.587108175815869 0.159581569876506
-0.901498734442956 -0.198240665767675 -0.384708552327263
0.880909615540828 -0.466799627552407 -0.078079171131904
-0.330282610758401 -0.442781992054766 0.833581132549572
0.0163091507128117 -0.420768647356431 -0.907021365241672
0.710672522667025 -0.638911540522268 -0.294510795920199
0.524950145259032 -0.822027309632399 0.220677246699884
0.233072962525268 0.57174349225053 -0.78662975611711
0.362349809137274 0.228057775860637 0.903710278069073
0.278274859400682 0.496038461457679 0.822501639743186
-0.150911946691624 0.504316081028819 0.850229895240974
-0.45546432847551 0.807965875952143 -0.373822670237157
-0.953832922057112 -0.165917767956187 -0.250347860139505
-0.0516181058861656 0.959230359813921 -0.277871711327332
-0.13053014492509 0.903332787820896 -0.408597302626393
0.29967496287699 -0.864868754252149 0.402736830378116
0.996319088434461 0.0856768237646126 -0.00278493998709419
0.770346683049115 -0.624715161133361 0.127659529081637
0.666467803587359 -0.075281991740994 -0.741723188595955
0.414237936127051 -0.0522052892406126 0.908670204226211
-0.138092521814202 0.408875643051574 -0.902081572773857
0.493600706265993 -0.795009134571461 -0.352588738790179
-0.588750817431054 -0.676377265737544 0.442590408128858
-0.398155012375819 -0.908619828054732 0.126026164687341
-0.501079191391878 -0.251569931822799 -0.828029113834009
0.344525265653301 0.92593267580459 0.154761174730212
0.157067841242193 0.598121358237521 0.785862923204563
-0.776698767720488 0.0984030415623637 0.622138140313509
-0.43176189635217 0.316328941122151 -0.844699748944509
-0.968611527949824 0.15687176255421 0.192828830924848
0.208499556611908 0.890213423577846 0.405028388356233
-0.0692789517225587 -0.940675931561305 -0.332158423992973
-0.0847088759664011 0.843642544180129 0.530180784244193
0.741160883944708 0.654544979567524 -0.149169078006297
0.641658386444273 0.398253488907863 0.655491169794412
0.843890516688701 -0.377110286943045 -0.381623672384998
-0.88805454796707 -0.0504610580836724 -0.456960393745541
-0.925924321322939 -0.308418388033445 -0.218041851729217
0.594381418662844 -0.733557092530997 0.329552304112434
-0.605770187712057 0.683595295101823 0.407111719548763
-0.277483389616001 -0.849203410025736 0.449284472119699
0.109196989394578 -0.760380982860714 0.640231816150163
0.0480727760428349 -0.289524495146957 0.955962643053292
0.539284589268448 0.838991193159314 -0.0725665872056344
0.174727480045019 0.97989311964933 -0.0963316239924392
0.00618046667955218 0.557618123314569 0.830074593264221
-0.884481259904334 -0.300727706963077 0.356729235054784
-0.147209191197283 -0.0401535436184592 0.988290011566404
0.282165049814836 -0.557950770984704 -0.780431817534733
0.0603861446152441 -0.995456193370847 -0.0736239133578828
-0.123493588939064 0.631315654897883 0.765630379081059
0.780525396098508 0.188294357359092 -0.596091721995864
-0.353734393163367 0.919591574316832 0.170948283228685
-0.569051044199686 0.361160420712825 0.738744921881553
-0.694386825399714 -0.708549987010205 -0.125633803648326
-0.126056748514511 -0.856809104570607 0.499987854331347
0.322403601424457 0.672670868991317 -0.666010375143666
0.682307686984265 -0.363642954737643 -0.634208184866656
-0.218042357740931 0.874048405834781 0.43416231352854
0.356472360958633 -0.812402159989145 -0.461443589529153
-0.268879833439849 0.726756424069885 -0.63208285472912
0.0380901136876143 -0.850990916212473 0.523797292626756
-0.65576207241806 0.734077067035533 -0.176371664477266
0.787467803753842 -0.258776724207564 -0.559400630192265
0.366585331519665 -0.778370782578885 0.509660788703773
0.381960588029639 -0.886765121486565 0.260295463861687
0.930504357728705 -0.245956253111354 0.271416951945369
0.47844221586341 0.683854543476404 -0.550850260457767
-0.455880024845496 0.196250107472791 0.868135529893684
0.538567164514404 -0.498174378513574 -0.679534912936436
-0.967612557445724 -0.246541495110729 0.0542515424841672
-0.696306728533949 0.220899680978718 0.68290575538785
-0.0739833183120473 0.55121046699447 -0.831079713196801
0.601861019894306 -0.793010546223798 -0.0943270179196818
-0.967047006218187 -0.00135834595530957 0.254594270675337
0.462633175819966 0.731404858696792 0.501016444146756
-0.0515788344255812 -0.775519261080289 0.629213397451755
-0.931204408285113 -0.358843360586251 -0.0639514859369155
-0.167356499066498 0.365508139013705 0.915639450075707
-0.690829497528778 0.253170531746135 -0.67724389048519
-0.874462160055983 -0.420112246087491 0.242531711983296
0.417527760245421 -0.478679934611606 -0.772357488229816
-0.348906848355947 -0.883635936380664 -0.312172297148526
-0.799039927926227 0.600571790415045 0.0291327674160374
-0.789199088649693 -0.550712009201369 0.271810745548969
0.799151645692901 0.0304329341308794 0.600358629242984
0.391617008378085 0.377756526489168 0.839009013922877
-0.247399082529991 0.0861525750163874 0.965075866334541
-0.00853976019100454 0.674202466864309 -0.738497194422539
-0.623442994594939 -0.760938842654752 0.179696717359393
-0.66935444671769 -0.193187920230402 0.71738626425121
-0.203606331394253 0.253662040316082 -0.945621505211708
-0.474988901824126 -0.856110172132517 -0.203619538146868
0.576772213670315 0.812314753971485 0.0864786333037831
0.269755268526942 0.940190031908594 -0.208025957518945
0.435075533354494 0.323900784750194 -0.840117588147345
-0.0361237973986926 0.269567173665533 0.962303803454748
-0.472602814329107 0.879773842986563 0.0514253350486065
0.0797124458075121 0.996636179995018 0.0190328849185322
0.225209080300692 -0.931393583329549 0.285984025922181
-0.528354474849962 -0.197230801742044 0.825797529513265
-0.323001512367869 0.610003671323906 -0.723578291534113
0.609731260767285 0.0684918512490931 -0.789643372640846
0.71341616418362 -0.686988770516603 -0.138144148864931
-0.6488686339004 0.498463999012824 0.57489402295412
0.930143343456861 -0.121103811557596 -0.346651449512495
-0.838247115019561 -0.531828166480309 0.120418335396133
-0.546551109271417 0.615917980511135 0.56738604691803
0.353295729602806 0.760365081124403 -0.545001899860085
0.518300032531991 -0.709261642932091 0.477821094283841
0.305931805595062 0.951894815049401 -0.0173778999712581
-0.994397443536277 0.0359891534033439 0.0993906692090688
-0.440879693558686 0.891563876039928 -0.103628908844293
0.671214345060143 0.497189335240888 0.549794568823854
0.727008397304111 0.164175622601873 0.666712198172941
-0.826682797296854 0.514017918426467 -0.228869246929269
-0.11223735632823 0.134481326457267 -0.984539257053137
-0.608837300590167 0.449775359687764 -0.653467112583198
0.154818408053754 0.68155324506803 -0.715203771428073
0.938279658704097 0.277244482209115 -0.206801303542126
0.809446787609256 0.438694174516097 -0.390311823129528
-0.371521836547849 0.715208523358978 0.59198673387398
0.443815951104144 -0.340711442016241 -0.828820315161699
0.630844591363902 0.265757615777177 0.72897735987021
-0.038116450860697 -0.918932780715898 0.392568058684774
0.92138920445936 -0.109438576708728 0.372914376008374
0.873332054868837 -0.24965285254559 0.418287670335171
-0.27219307563359 -0.319441097306198 0.907671920315341
-0.806860220312074 -0.315797561027017 0.499247919702566
-0.485196478068523 -0.444087998561259 0.753239820511208
0.795438366232951 0.519003295457867 0.312911145260964
0.871139729528239 0.174549384439312 -0.458964142422176
0.85382378934939 -0.0946479428860323 0.511885439965321
-0.867419568753427 0.24013577874478 0.43579593792308
0.862163676184915 -0.100657847020784 -0.496529750670041
-0.484179323342259 0.72407378616553 0.491210275783953
0.743321394010689 0.312774962623046 0.591307980634591
0.689370149944857 -0.566671395697497 -0.451278545538404
0.203924305199613 -0.825352380324915 0.526505770187613
0.521684683519732 0.394085684078329 0.756664763673737
0.168311544572113 -0.650328115124334 0.740772952153749
0.31908196924572 0.0705232922078584 0.94509955145394
-0.47123013915314 0.552498073922268 -0.687523115441144
0.475839348430124 0.803615646719508 0.357461615887891
0.919023133888567 -0.273902476291892 -0.283502932716412
0.938653521246953 -0.318060817351216 -0.133292473593119
-0.41536717279352 -0.517439130189302 -0.748148954630331
-0.771827281578839 -0.442207255630299 -0.45687568383373
-0.502514375049016 0.171066046909585 -0.847476082532023
0.873977792988907 -0.426942494815513 -0.232126955528533
-0.075028179681853 0.968852494460795 0.235999186928096
-0.0699410920027129 -0.152471560744825 -0.985829938079335
0.32185086686541 -0.254691825612074 -0.911890395532475
-0.0758093327992162 0.918927677775253 0.387072174250642
0.871155486257904 0.453798972059452 0.187495631203875
-0.321993129588392 -0.735378991875096 -0.596270209558251
-0.582363403668343 0.215181670575335 0.783932213087478
0.330630005025849 -0.943597863861426 -0.0175177365193652
-0.143618784003395 0.97650365013573 -0.160668186499329
0.554654277119931 -0.0169035239455998 0.831909192010034
-0.575462231309906 0.815389719562881 -0.0631096313330256
-0.720210761144104 0.634314780869369 -0.280964799045851
0.864897389070356 0.372799727973183 0.336114369229287
0.995514013775961 -0.0760245864150717 0.0563214935534614
0.208634775587938 0.185967814770219 -0.960149729096957
-0.761636056674499 0.4125045295229 0.499750468030206
0.721694371953752 0.447305619261782 -0.528275417246642
0.416041696369923 -0.605087156790885 -0.678806923630247
-0.0293622281473076 -0.682034435445169 -0.730730380116507
-0.804895949773413 0.563253763169004 0.18678251608304
0.351980921752531 -0.205247520363231 0.913226634580367
0.704929103964499 0.324543636493565 -0.630671377498092
0.695975062539778 -0.717809818256157 0.019177516466287
-0.912583340353011 -0.0275341201823182 0.407962644289801
-0.369900018709175 0.474687214585348 -0.79865263066502
-0.798741062822123 0.384771396195494 -0.462562090136616
-0.388278287459689 0.074283804431369 0.918543351119898
0.462600151565844 0.103558900656485 0.880497957900005
0.914201858179985 0.39512968065776 -0.0900416457177407
0.693988536921575 0.585152491237221 0.419495497735465
0.610610739429877 -0.751023616960755 -0.251233062434235
-0.23019944898255 0.788344541668724 0.570544562071413
-0.615288621805913 -0.567467798231657 0.547174752566578
-0.543702577235706 -0.525323686072727 -0.654539939467573
-0.864992023396564 -0.500676439737238 -0.03334519684096
-0.19047335039706 -0.91902157926037 0.345136552167826
-0.208751840599631 0.968307381931785 0.137125793134179
-0.212713933171156 -0.943234663943455 -0.255070875190277
-0.462467043286211 -0.06633017075774 0.884151877406455
-0.263323699182448 0.0885986011884807 -0.96063047906899
-0.168775344975075 -0.0315660058482616 -0.985148958383113
0.578654896677194 -0.287524059388692 0.763209293591315
-0.667997832734727 -0.74362871288656 0.0281998729143603
0.253150469176834 0.350859038484741 0.901561298564392
-0.734758860947938 -0.052058585616101 0.67632781986411
-0.35943095071754 -0.877780400038308 0.31671905685461
-0.297584922581692 0.944801693490504 -0.137087467806229
0.307599048566916 0.0626855638286511 -0.949448969354442
-0.573617672942936 -0.624229016805274 -0.530378072572625
-0.377878246721891 -0.557829426949462 0.738941378651666
0.218263089572167 0.194158802564897 0.956380459397293
0.0964776614486729 0.968271504614639 -0.230526254888026
-0.0475020129441458 -0.165767947029434 0.985020074162908
-0.712211875798021 -0.564701354026449 0.416973170279528
-0.0697983467145576 -0.981062721208399 -0.18067686030891
-0.438833989805955 -0.638532275704772 -0.632219315012023
0.185128106989516 -0.221432115127364 -0.957442114382222
0.506913546881925 -0.417218152318234 0.75429945602774
0.947851717612401 0.0302650730599831 0.31727140868962
0.966571101976042 -0.227948116132948 0.117388079361831
0.650470356908281 -0.627378426897374 0.428117535552317
0.300203029108949 -0.411989718438868 -0.860315414958069
-0.219581025255545 0.931713418438451 0.289299635757564
-0.254237186541317 0.678289218966031 0.689410754495465
-0.979720717059792 -0.124406667782456 0.15706781202752
-0.705246510856749 -0.652449488885803 -0.277375239300547
0.583170536223499 0.320762643170347 -0.746340038070563
-0.600676029294049 -0.127194869103552 -0.789309681370541
0.970884609719924 -0.100087267496521 0.21763642501675
0.68969495048779 0.0180194078788925 0.723875801647865
-0.596289587602821 -0.76478094486401 -0.244026297946288
-0.824474492850116 -0.170012182778931 -0.539757045666184
0.178763046128328 -0.983734934127343 0.0175884256371186
-0.081534395263332 0.106887676394784 0.990922381937136
0.973812972095624 0.205708046963786 0.0968116459555953
0.558238707510817 0.763117772141479 -0.325608371020277
0.301603878468108 0.625769060906528 0.719338712224747
