# command_history: dirgen -cart 0047 dir0047.txt -force  (version=3.0_RC3-1000-g3151ed7a-dirty)
0.206797613683105 -0.0940246095674873 0.973855286873083
0.106875556642827 0.244171095794797 -0.963824720252938
-0.235197500485055 -0.957716942682779 -0.165711778289698
-0.0803697624681374 0.166196801002984 0.98281194773832
0.354580510934274 -0.391056440982859 -0.849321800751287
-0.612801894113515 0.760367633322364 -0.215208969995758
-0.918444660604576 -0.26310544369212 -0.295355600770526
-0.295040068564498 -0.273058296320035 -0.915636677264654
0.00192639501269536 -0.535668984616116 -0.844425856971821
0.0111263109392869 -0.993700358559143 0.111515929823112
0.513718651572078 -0.79718108498908 -0.317167881038733
0.450328269277097 0.786130301734197 0.423324460178237
0.627970916804163 0.347298381657825 0.69644551958211
-0.345358150468172 0.400846763497269 -0.848557375843831
-0.356949811227806 -0.909356483362014 0.213676433964779
-0.826227142215678 0.414185074987132 0.381836919540289
0.372348757191928 -0.928063600494564 -0.00737268300504655
0.893107947537965 0.324792283397239 -0.311236512463001
0.543165864441069 -0.0325321989947166 0.838994934272285
0.672615548224923 0.483060838416238 -0.560571628496026
-0.201733212033436 0.694630299724369 -0.690501598743628
-0.42443912331853 0.00251846431032454 0.905452973894346
-0.546540699558661 0.61888735673974 -0.564155743916188
0.765726965164715 -0.636640369261576 -0.0913852014612803
0.94589395680852 -0.130862938325625 0.296916678288549
0.133536426125892 -0.947122762923908 -0.291764450968427
-0.860275848948954 -0.509557911475927 -0.0166192228292218
-0.100983368645128 -0.825791355154142 -0.554861241221413
0.599548025448829 0.795911257539381 0.0840680397207562
0.385574316071977 0.716916001183394 -0.580830348753265
0.830485065527266 -0.47408166573859 0.292474152954918
0.287078252621802 -0.882982449619185 0.37138668599738
-0.667107180129322 -0.695294935535967 0.26745646905233
0.249645845105085 -0.739996685918381 -0.624565334333871
0.076740851164796 0.872511872528226 -0.482528625119579
0.100002225571679 0.57376317688751 -0.812893210531779
-0.432204596665877 -0.37254367613729 0.821224936293949
0.730315184883378 0.138083929363133 -0.669008639092497
-0.994957782365862 -0.0946780840651091 0.0330918676923338
-0.357237635360885 -0.591186056776764 -0.723104638454563
-0.809418562277404 -0.0558602799827202 -0.584569260362732
-0.572407882390208 0.566197098334149 0.593102067114546
0.70928742950621 -0.307552017898127 0.634289443890771
0.681771273785066 -0.217899921752559 -0.698360619122898
0.919557226262756 -0.0518898439225588 -0.389515021181005
0.955353222026148 -0.291451310677142 -0.048542297729241
0.729120628855539 0.555112675988722 0.400291175938146
