# command_history: dirgen -cart 0027 dir0027.txt -force  (version=3.0_RC3-1000-g3151ed7a-dirty)
-0.899285739211638 0.121667846222995 0.420097720115255
0.6635705791577 0.279809728446771 -0.693815971524768
0.813862668080523 -0.580263155223573 -0.0303682102672576
0.630091238137838 0.607824959619782 0.483253401524643
0.466286587254221 -0.846830508961248 0.255841567457765
-0.994328142569174 0.0952945274306602 -0.0472281477162
0.860104031212339 0.102938619617602 0.499624555124653
0.871327681407271 0.387181390357662 -0.301460847497875
-0.351434059156625 0.621027097396208 -0.700585074323125
0.00231433179767962 0.869391362287423 -0.494118713517661
0.306525556606259 0.108983951249682 -0.945602760950511
0.254578220506882 -0.709187001040237 -0.657452452424588
0.579829611623957 0.814544882751484 0.0177272521103083
-0.168508876352601 0.191139125816235 -0.966990482462257
0.18975237532098 0.559020375626006 -0.807149463045727
-0.21848203352259 -0.638235646090493 -0.738187551430722
-0.17617065863809 -0.915356281015301 -0.362059080594395
-0.057102210158938 0.30408333425559 0.950932523065106
0.796889884549531 -0.447143019672357 0.406238392893782
0.899641688253462 0.414319543488183 0.137782976597994
0.508967298918723 0.735090178823046 -0.447878016461271
0.606556949006094 -0.213601059295183 0.765808889397606
-0.338529671179964 0.919767094171007 0.198560202988938
-0.669023091921391 0.594051191396533 0.446666860732137
-0.0976298728538003 -0.991892810378903 0.0813453172911153
0.473726636452086 0.243263099468007 0.846407784908085
0.565751707454135 -0.266307419180231 -0.780387957366268
