# command_history: dirgen -cart 0094 dir0094.txt -force  (version=3.0_RC3-1000-g3151ed7a-dirty)
-0.844567865776297 0.414606071515769 -0.338831706840332
0.953311879087738 0.293578948361511 0.0707662509191795
-0.0362468531025731 -0.640004468429819 0.767515762724145
-0.110749234774717 -0.955228312148384 -0.274360125869201
0.714289319907842 0.688448889585249 -0.125812932143045
0.812322446146082 -0.219087127528476 0.54049336169704
0.786143927135176 0.327988877982119 0.523833009410933
-0.50012612888482 -0.00501856282316633 0.865938028518135
-0.480739351351179 0.83876886921025 -0.255649095649108
0.230694357490236 -0.915974174836043 0.3282855836853
-0.555600059024881 -0.630257704127653 0.542294938939401
-0.929998002887925 -0.0165966113106474 0.367189688195998
0.355671337760772 0.813264660393643 -0.460541520006911
0.552324505959526 0.777208885932537 -0.301469712813859
0.373056456098527 0.907189821789459 0.194513515738153
-0.371296330861996 -0.242205102217294 0.896368073476699
0.362378586859963 -0.801189989202221 -0.47621041671463
0.578000641586008 -0.324120848541592 0.748906492071501
-0.959859040608352 0.258130259808999 -0.109724159296633
-0.745683474172984 -0.558813207106148 0.362882840472032
-0.396878473593826 0.765738978885464 -0.506094154691873
0.652168168610263 0.558706737399734 0.512370433803201
-0.453163812932972 -0.888020049953361 0.0778649441589707
-0.634448192350173 0.651956688188665 -0.415244467693027
0.651304102128861 -0.150369321133904 -0.74376880400555
-0.733556779205868 0.385188519057652 0.559932367761756
-0.391549234684122 -0.294426049095686 -0.871781221656089
-0.139042837593017 0.811618500785592 -0.567399769559902
-0.834767949243221 -0.548097531407599 -0.0524553808599555
0.480699904537141 -0.572268697831698 0.664406606875637
-0.540969331183326 0.409861995285503 0.734414955961309
0.00275419861089543 0.0438325967380553 0.999035093404236
-0.414113169651624 0.172528467414187 -0.893724907705272
-0.995728978148364 -0.0188844585424752 -0.0903724476882922
0.666900552612068 0.208473812862602 0.715389629695767
-0.262131733458838 -0.933737037543983 0.243766484637349
0.263284810407895 -0.481627386477599 -0.835892438776208
0.1584732323885 -0.193454362115567 0.968226029599907
0.491531706096092 0.44389886682716 -0.749233193292868
-0.540743694399607 -0.443531707863714 -0.714755819204406
0.395113202406639 -0.627879530924606 -0.670561594433999
0.777341547899265 -0.534571796477488 -0.331621941856095
0.0031686778770924 0.853836791212523 0.520531164727352
-0.886070091208505 -0.429129903116554 0.175292098272937
-0.187839015150986 -0.982115864136886 -0.0128426554016646
0.307353262095203 -0.949225286787687 0.0671217342018982
0.708177731051229 0.399732786237673 -0.581977663531686
-0.698365464810472 0.693714338724536 -0.176199017613701
-0.0309308948502225 0.989372497148083 -0.142075126713761
0.109963594037344 0.220516471583215 -0.96916484343319
0.00706810452580992 -0.536456035839352 -0.843898668982207
-0.325701612227408 0.417133804578633 -0.848479728025497
0.935346476277209 0.152959519010084 0.318951963248405
-0.906193672233069 0.403910469001514 0.125177319973397
0.27179895663372 0.519582022930531 0.810036942750291
-0.935364710783826 0.124440091507278 -0.33107026662923
-0.895029005695117 0.274366261663071 0.351633663669226
-0.509403271195633 -0.0623853900775596 -0.858263578628419
-0.168230262800562 0.918754739536058 0.357195054918296
-0.619193637619662 -0.202212884331665 0.758755025381447
0.608867961264424 0.787049411951863 0.0991616301395364
-0.257644367214644 -0.066967197153988 -0.963916373212897
-0.512753950047024 -0.770075384472317 -0.37956196982968
-0.746445111024677 0.657645473372665 0.101597871925552
-0.411467799039037 -0.668360093338706 -0.619668488779482
0.140941625405668 0.711296902933064 0.688616129716579
-0.790890296058631 -0.119894812002277 0.600098136687017
-0.837296328007401 -0.0559731251414849 -0.543876703276781
-0.325720151620321 -0.643586477057388 0.69260582539948
-0.682623455180515 0.0834542533122045 -0.725989398022807
0.596978996002538 -0.61772890825548 -0.511885801949316
0.124414543691947 0.313387351675333 0.941440061356986
0.854117104835666 -0.508850974686238 0.107492589456233
-0.578249301091521 0.761762878793924 0.292138772296252
-0.861569558254677 -0.412420705030303 -0.295984895478044
-0.982577683926141 0.126926921732739 0.1357595359074
0.269920411821141 0.844220042501798 0.463071799098765
-0.100196959309916 0.988985704777038 0.108939639671298
-0.151084059148512 0.718691588352984 0.678716441455394
-0.134501140451926 0.277813415881362 0.951172512835322
0.974479597863653 0.161682357827784 -0.155718748115769
0.721511626273897 0.635700691422342 0.274418665685758
0.218797909159289 0.458405983855233 -0.861389243555571
-0.399713287806409 0.245897785841769 0.883042222359218
0.255343252731512 -0.0167524226345615 -0.966705322019262
0.871120843099807 0.287866179678704 -0.397846125171868
-0.0426202572192377 -0.923231885398293 0.381872229231819
0.818206948733064 -0.131034348332209 -0.559792272724519
0.553680105513043 -0.832623549725222 -0.0132802560983037
0.698723406442425 -0.452464776068629 0.554131056435803
-0.373144472566036 0.906754139836544 0.196367340672285
0.0610151835950788 -0.434012580296727 0.898838265493318
-0.229454974154938 0.636204675626638 -0.7366098190673
0.131166423683946 0.797762143127958 -0.588532864239417
