# command_history: dirgen -cart 0079 dir0079.txt -force  (version=3.0_RC3-1000-g3151ed7a-dirty)
0.92144792856358 0.244676918890233 -0.301772961526162
0.135519021726648 -0.434066261520469 0.890629594927036
0.609812241299578 -0.761622084329456 -0.219227806226402
0.71685275269237 -0.170004477936059 -0.676180899197145
-0.33954507208628 -0.436000532144564 0.833434268548864
0.960373135443055 0.174094841116593 0.217656672344002
-0.617429773697895 0.314411660043473 -0.721058792734735
-0.476032353852277 -0.69747702651385 -0.535648201314313
0.379293708269835 -0.924837212678587 -0.0285028579587994
0.140907182574039 -0.694294270194853 0.705762447480484
-0.380280326217199 -0.654901913484769 0.653062291979968
-0.469722471540778 -0.231626601156108 -0.851886094126728
0.583795459840839 0.403641696469357 -0.704454570529969
0.536272206486539 0.841496924400982 0.0655366063642828
-0.860789854832823 -0.03167351156763 0.50797402933798
0.782689895360349 0.337110532038562 -0.523214121454576
0.0861268074680192 -0.133399452322495 0.987312898302977
-0.759943726731865 -0.649381463635375 -0.028093538183397
-0.782265324953463 0.545449248326338 0.300908755066525
0.181014156725412 0.983372291413431 0.0145880617385105
0.363354036704983 -0.876271480165871 -0.316420822731544
-0.38227781229734 -0.911559666747911 0.151402272716089
-0.850169806561991 -0.45252524200801 -0.269132319419164
0.134790881527872 0.940437954073759 -0.312102343462048
-0.0326448559172592 0.713040000854904 0.700362956304072
-0.396835389464057 -0.81539836937257 0.421482114559401
-0.547782453669962 0.669481825346613 0.501725491660413
-0.0850076628198471 0.987657457306761 -0.131553959606893
0.691140263357789 -0.449223883277488 -0.566147541775835
0.209829552793909 0.00403789400629074 -0.977729642685698
0.808138121559846 -0.588927501775641 -0.00878488099098031
0.204683337277987 0.815264195509196 0.541709352846606
-0.239168389212219 -0.613191506713675 -0.752857660979714
0.496765260062696 0.481382660132695 0.722146114659916
0.709063831012458 0.474392648405954 0.521708825580247
0.929618818383729 -0.347110028768977 -0.123788046413373
-0.612939703171024 0.787283285502177 -0.0670070790701572
-0.613869850088377 0.556849704908803 -0.559537499454194
0.511159103872553 -0.3903815082721 -0.765714469320914
0.365793047562074 -0.250786016818135 0.896271063977714
0.129882893851607 0.29549266049529 -0.946474786498905
-0.12157695202666 0.884640115974701 -0.450145431993012
0.302786455043602 -0.757033810359653 -0.578982014068204
0.101871564789195 0.590940745755316 -0.800256970787229
-0.127577487094232 -0.802458321312553 0.582910479699037
-0.225579367712533 -0.364562088576871 -0.90344254517644
0.859637628431333 0.199769014278725 0.470229187438488
0.676636793767951 0.117917921926115 -0.726813602657555
-0.56890228530631 0.0464715907246993 -0.821091091797234
-0.292949024833876 -0.0428600951951267 -0.955166938858724
0.763812131241434 -0.577534600435398 0.288174970232225
0.809889319885718 0.522341252011052 -0.266906174493165
0.368753482579045 -0.747688982984207 0.55225180290323
-0.864870757641338 0.271966598435665 0.421939263297731
-0.990217252664689 0.120571789344563 -0.0702298806737306
0.661160566573539 0.684973862630666 0.306067823727001
-0.490817761388577 0.110682830883727 0.864203237701104
-0.554869717681078 0.758746417063476 -0.341208837801513
0.302860822742517 -0.560471587982531 -0.770809263768973
0.142833921876726 0.948992674215059 0.281089621024085
0.912684481947929 -0.36188391626807 0.189860653000893
0.433200935839936 0.169126939577813 -0.885286974656493
0.0172833785290622 0.176418774672598 0.984163452262702
0.911888856752235 0.410202365321521 -0.0138828100804867
-0.625536374736648 -0.748184601165346 0.221187808118767
0.390903626097075 -0.519713205479773 0.759666070819342
0.259677921119045 -0.288339557769439 -0.921644007580267
-0.693724191612943 -0.215485921620892 -0.687250000766943
0.808403024464377 -0.339888512020818 0.480583342858574
0.121456628531905 -0.980465479078389 -0.154711769821328
-0.784031632706316 0.0706395289013297 -0.61668829717489
-0.0365273058237849 0.476681143506098 0.878317051727322
-0.403718391299519 -0.86484716699077 -0.298413870781113
0.966114932750654 -0.0749989869932719 -0.246975886811208
0.0830724547366973 -0.889656758765699 -0.449009820434398
0.989156178019709 0.136270331905306 -0.054776382938811
0.332278388958514 -0.908170143601637 0.254593916859214
0.62661323920492 0.608964463087735 -0.486331297727572
-0.927987476875661 0.0927371013763629 -0.360886509570882
