# command_history: dirgen -cart 0230 dir0230.txt -force  (version=3.0_RC3-1000-g3151ed7a-dirty)
-0.248641776697069 0.757597300805047 -0.603509400667323
-0.440996841509934 -0.823542786161737 0.356789945400968
-0.155234805420924 0.91892271961152 -0.362606109391025
-0.546741885504883 -0.506416003769626 0.666795427219299
0.285827426081085 0.955660652250949 0.0708194905315772
-0.829218334929676 0.24102345914479 0.504286273021917
0.702107142301632 0.663665341972834 -0.258057890003614
-0.855857028255531 0.324442027904872 -0.402797862102799
0.159078433416382 0.626238143838353 0.763229873120598
-0.794842647083068 -0.021618178605707 0.60643039232195
-0.422948374053839 -0.0427275479838872 0.905145860913311
-0.711144261972558 0.311861535100668 0.630092232604212
0.45772439968901 0.756951463480702 0.466382735383461
0.732893240932023 -0.140831854884379 0.665607907139016
-0.796969037244921 0.494177833501991 0.347316314831571
-0.458390435847598 -0.213503478261191 0.862725027510981
0.983312970210347 -0.176667369895848 -0.0434078682981531
-0.799410550456373 -0.590632849256911 0.109980039996825
-0.421156838918162 -0.63623283470581 0.64640134365166
0.939570446864682 0.342161137914432 0.0115382442166242
-0.635896449282282 -0.769185944480209 -0.0631560654591135
0.56199937181144 0.62946492591262 -0.536591663305876
-0.92124952045351 0.163458883804887 0.35295964977521
0.0900256194154885 -0.0215306279811189 -0.995706693714367
0.338419971650174 -0.548254160718203 -0.764780555482077
0.157541687045549 -0.974502142259823 -0.159769182178096
0.141845076014804 -0.306288694055736 -0.941311431091744
0.145730410761963 0.975891535866505 0.162475713887536
-0.453924771977714 0.515529384669167 -0.72676114021569
-0.709574083787426 -0.49773338782645 -0.498764567967733
0.699949549953496 0.13628567258111 -0.701068358271155
-0.0708789369934951 0.449798680471564 0.890313047942527
-0.947220533257602 -0.13495971742345 -0.290790536379999
0.534149303797823 -0.0896727154388676 -0.840620797600274
-0.942630170328956 -0.00937883220866231 0.333707056401278
-0.307449432543267 0.908542100800109 -0.282888843015323
0.999671818463301 -0.00571798817953194 -0.0249711830207393
-0.552087039915274 -0.83168939770418 0.0590986133851683
0.684837818788916 -0.31470739505268 0.657233913805121
0.134425884679798 -0.253164609497886 0.958038288392398
0.313828403135164 0.76553804957959 0.56166113274065
0.361474749835757 -0.645676774015573 0.672634751353229
-0.128920153556352 -0.72303824121703 0.678671714266029
0.298405327532309 -0.250887082454827 0.920874547567496
0.907853591818214 0.0235386249401444 0.418626072956159
-0.706875756598195 0.683595758027939 -0.181723703296892
0.263966850456671 0.0108604782794961 -0.964470607054215
-0.00232086457197613 0.705196098121424 0.709008516720327
0.0960490349228421 -0.547862692577622 0.831036132169949
0.244917880555165 -0.675344410461916 -0.695647295001004
-0.601123503207343 0.208747786223167 -0.771410977131295
-0.00391949692447521 -0.889239968946209 0.457424217955722
0.896225973960234 -0.151551316684628 0.416906706602552
0.689534944455029 -0.723958239288076 0.0206404491789299
0.0194914680373888 0.823354897715019 0.567192026638632
-0.454709947584168 0.235414044172158 -0.858963963955714
-0.0988854045125143 -0.587989567449617 0.802801311250056
-0.15855521767063 0.585110810963896 0.795302195295971
-0.309940716317337 0.944628290260021 -0.107768945476543
0.387004440613278 -0.395164833292509 0.833110027232002
0.0899234624289688 0.048201761800505 0.99478156449751
-0.149794915403918 -0.145262621290306 0.977987859932322
-0.61053757911271 0.471998356506264 -0.635972810697578
0.311945422694663 0.649197114063816 0.693709708992934
-0.707224852679401 0.69362146721575 0.136829338849786
-0.640996061676299 0.471015488766093 0.606026780149123
0.128278798200913 -0.765127162239048 -0.630971453820338
0.376683016531519 -0.125534664856191 -0.917796792855673
-0.414350229470519 -0.909735891585209 0.0263532711326813
0.988671621012114 0.0632877317913045 0.136099554775138
-0.939039534166127 0.339428856501076 0.0547065320362774
0.140145062373506 -0.862491610455069 -0.486279326505813
0.803115594811724 -0.245694704343741 0.542807013244718
0.280076947464506 -0.542014658296759 0.792323806085878
0.0463421351254866 0.332485165006448 0.941969225379814
-0.286446016391942 -0.744509024479848 0.603038134914577
-0.594824227294003 -0.630781614945678 -0.498295788533894
-0.311482825245876 -0.85809477372181 -0.408230093070273
0.295312430080936 0.909775232594856 -0.291718348405903
0.576493355680108 -0.813821221036719 -0.0731466407088688
0.261948312691818 0.626235510771196 -0.734310674392692
0.230263416934931 0.356257348888157 0.90557134461324
-0.448986583765845 0.870789369018655 -0.200342013572711
0.960556451233763 -0.047990154971463 0.273912849313453
0.13940729954246 0.968354973186804 -0.207012682555111
0.16799217330815 0.853395742902821 0.493451452224579
-0.6477852681882 0.0417504567475866 -0.760678082818028
0.897209617966631 0.405907291770772 0.173937264309547
-0.587128866630529 0.772748354894911 0.241121699513666
-0.16019909018439 -0.205133473425638 -0.965534313002095
-0.699553552554228 0.644385012918913 0.308857219818886
0.0132860238410824 0.910676435517471 0.412906661805895
-0.576389223281352 -0.784142342065714 0.229991849126914
0.0691331704915868 -0.40583480372744 0.911327996289641
0.451145894641443 -0.829254023703229 -0.329856250388221
-0.118234925094335 -0.47552304102894 -0.871721480714182
-0.898490576090398 -0.308570437504571 -0.312248250235261
0.809772024506277 0.552117867178763 0.198582801543788
-0.280048005964794 -0.511320529266868 -0.81248041865967
0.434985782892172 0.524431088777797 0.7319558742199
-0.562925369256579 0.697790314790329 -0.442948874287043
-0.879612553496967 -0.10129568576853 0.464780528610256
0.309173124084417 0.183613257199706 -0.933112078543835
0.803288596413956 0.356129436325854 0.477387950679033
0.888577013267467 -0.448754148593671 0.0951346709283049
-0.57687207889324 0.809047570521116 -0.112519479323677
0.590560922295491 0.723035424938646 0.358409781313641
0.763539125594462 0.240672226845267 0.59923691718033
-0.164485825706264 -0.929646105619073 -0.329700669470081
-0.763015121843107 0.14621786422851 0.629625491875291
-0.00606685382549717 0.957067691077762 -0.289801014456027
0.438827534016319 -0.7546653917323 -0.487760742486202
0.760491816105122 0.352116900532524 -0.545587651983165
-0.197337096104229 0.0942612754822754 -0.975793463006186
-0.595522992534999 -0.239115845048745 0.766926318500535
0.885261685413283 -0.390838936376412 0.252104490541894
0.405478293266196 -0.658498884292621 -0.634008338332632
0.937640538184117 -0.222558104194284 0.267017062022722
-0.309334596694106 0.948275528534783 0.0713135980733885
-0.981430319847586 -0.091216424061606 0.168742677664184
0.150030188865422 0.913267903219872 -0.378725070964922
0.00894144301308417 -0.993846782632222 0.110402098025464
-0.767484994727191 0.407010869773664 0.495286719743916
-0.185630194059435 0.667114285562841 -0.721456832424114
0.0832992804219352 0.449419973688346 -0.88942842158948
0.685959028208836 0.72096422114673 -0.0983402432632717
-0.139907388019756 -0.98993441265232 0.0213490380156888
-0.39410966028446 -0.511824626344869 0.763356487846539
-0.243450694546327 0.440169146390936 0.86428171442556
-0.825977913316018 -0.0919469692449794 -0.556153073857171
-0.28729035216256 0.779128099957629 0.557156761971644
-0.577070091565448 0.708950466249402 0.405437227971731
-0.311863149596257 -0.920466841037605 -0.235546535687015
0.570379330814725 0.074705308101323 -0.817977099875561
-0.986115648052627 0.115393754764512 -0.119416121303174
-0.00243460599861774 -0.581884291671521 -0.81326794096384
0.890144273827832 0.43721116913564 -0.128411702560821
-0.540935408675299 0.367306960908821 -0.756620433314626
-0.266782760350296 -0.0663852257217366 -0.96146760766328
-0.827371068441239 0.0691052882742406 -0.557388171958229
0.159681068034725 -0.967992697069137 0.193628755437067
0.0234157152691726 -0.114549024542875 0.993141593759273
-0.0260143204962832 0.673522398858265 -0.73870889622728
0.552195086441413 -0.620792825640711 -0.556504136680926
0.435500988466583 0.878787037961796 -0.195121067429845
0.30166999177401 -0.8424486255974 0.446402877782078
-0.0245219346639605 0.181268403969822 0.983127886107687
-0.280502670764154 -0.952387334466504 0.119484797534934
-0.455223180207686 -0.88120952258755 -0.127442667512192
0.952109787300689 -0.285677884004124 0.108972930203619
-0.745765607358529 0.411701832613275 -0.523770235794317
-0.31566609553294 0.286826246652937 0.904480856824498
0.888607879190355 0.360873167451626 -0.283101737992282
0.160787748187185 -0.986839162921162 0.0171978649242966
-0.448608878909364 0.878706367406635 0.1631722820908
-0.867658500469429 0.492969765902931 0.0644168958329449
0.797375109575052 -0.602571168317551 0.0331801407862525
-0.305173366782129 0.919901355189688 0.246273654553296
0.434828877991967 0.744119788890615 -0.507158344746129
0.481881449009999 -0.250979109419214 -0.839523528994371
-0.446143199651937 -0.83908126044667 -0.311285855399116
-0.76179874563909 -0.645763602421733 -0.0514979701543169
-0.0330657967699411 0.785020409014429 -0.618586784950009
0.144187644166749 -0.843741224783651 0.517020955929475
-0.671492082933187 -0.496206194014198 0.550343343359392
-0.978019392100945 0.0813825369415447 0.191976434375305
-0.301234721443448 0.861892722536926 0.407919817408733
-0.207283731998913 0.152267952852691 0.966358072860497
-0.243225967931695 -0.484097024012588 0.840530308713402
-0.945486308063243 0.250488876102959 0.20811286412333
0.416193393326771 -0.40508787423856 -0.814055817187023
0.572556420840533 -0.365727119120697 -0.733773002565476
-0.695788946876421 -0.590047401838831 0.409538526866333
-0.359866841934155 0.0862204881772364 -0.929011239703168
0.819508167326568 0.459208458431625 0.34283225546891
0.788489790117286 0.197881397245317 -0.582345948303102
0.958509758521291 0.240169314522927 0.153550458094545
0.358115699241837 0.35511389924842 -0.863508693944139
-0.577589331317512 -0.717880307401327 0.38863662796186
-0.568995645697091 -0.795963643810055 -0.206605500677909
-0.696434448858568 0.630530240807924 -0.342652409694962
-0.00747446466269009 0.9974244719273 0.0713341095027709
0.54643322941636 0.385449942562051 0.743531483912093
-0.799485278587141 0.570808667561088 0.187084885438607
0.29113466963499 0.840568041741353 -0.456821596840203
0.414443160995581 -0.739381185641708 0.530615047490226
-0.335943230486117 -0.224442721966984 -0.91475002620749
-0.985427807050222 -0.169957548961727 0.00681679126220299
-0.789190422044782 0.487537584454108 -0.373477685407619
0.0412420775291643 0.278089471208234 -0.959669389448368
0.228499839604152 -0.409254210871816 0.883345240653146
0.510986571369208 -0.0685859496903062 0.856848114536888
-0.448876822309941 0.814547097348421 -0.367454248300644
0.716830146602666 0.596804230403331 0.360526353397763
-0.870382422227455 0.329491262389302 0.365882422489209
-0.677134321708928 0.0365292817178302 0.734952190241631
-0.392031494718445 -0.383228864606227 -0.836329447336063
-0.808663268442254 -0.525111493802279 0.265182271935795
0.644632680772766 0.237697776121028 0.72660062903003
0.679621276013079 0.384074214481024 0.624981534896143
-0.69978601699879 -0.681851623987938 -0.213020875216447
-0.497439828049353 0.518653441929691 0.695379194860412
0.870410260755077 -0.0733794146996394 -0.486827936206024
0.655265356917202 0.352176708402664 -0.66828053845884
-0.632984437298469 0.204076789877375 0.746782006994871
-0.874372926421042 -0.204022598620568 -0.440280325240652
-0.863530526600935 -0.503243407430428 -0.0325745683950681
-0.202237516592587 -0.32181706644053 0.924950681187962
0.520688849579645 -0.614051045758366 0.593147903247144
-0.430550421828845 -0.0808450407945384 -0.898938492691204
0.16103343551222 0.749382150437366 0.642257444684762
0.72550024655585 0.077236646041242 0.683874179038587
0.579512365512617 0.102844413681762 0.808448170752106
-0.807794461069014 0.550545446580364 -0.210636701255619
0.951966963725912 0.267559664976299 -0.148898373571502
0.504072046767091 0.380427535789178 -0.775362019756842
-0.885111281467486 0.411335827966369 0.217671440593859
0.150443094042725 -0.931802454265159 -0.330319635626279
-0.576228374832526 -0.521004174806826 -0.62969477516629
0.449769197310272 -0.892943631493283 0.018956268790623
-0.456753122879348 -0.65242833224633 -0.604742801546439
0.934621709057228 0.182696905320215 -0.30512964743755
0.861181710560304 0.27218077038488 -0.429282761858803
0.663683009813373 -0.560643026258072 0.495181037190695
0.000699973964130008 -0.968505678466554 -0.248990483381372
-0.135464923771208 -0.827813116515668 0.544403066259071
0.492746798291246 0.24501937767847 0.834964728198612
0.684171022946331 -0.563733964568338 -0.462724570941109
-0.795263384592836 -0.446018620493045 0.410637966217723
0.58505536735067 -0.761290519866686 0.279547780344046
