# command_history: dirgen -cart 0125 dir0125.txt -force  (version=3.0_RC3-1000-g3151ed7a-dirty)
0.0640823241042157 -0.945849024562038 0.318218601707133
-0.735387766804399 -0.58080607813647 -0.34909759671784
0.112410526633354 -0.571558373543745 0.812825257441008
0.418980283761569 -0.766605074842803 0.486592417783442
-0.191039085370663 -0.622679953627166 -0.758797564052239
0.208521164086951 -0.205425916861926 -0.956200353905634
0.940974520025794 -0.287441500478002 -0.178729786172258
-0.620783477388568 0.638058244238304 -0.455532162597648
0.620758769886609 0.0475970301582243 0.782555475560028
0.969069819428173 0.212454720297216 -0.125565428748842
0.869128537998582 0.36851119738542 0.329871311026
0.969788361800722 -0.0776014471736801 0.231275914682921
0.690315151137306 -0.703792819316174 -0.167751779690317
-0.36000068019098 -0.444417777385662 -0.820300158116296
-0.410067864342549 -0.615949890753463 -0.672644095130804
0.893160106066819 0.442677169305743 -0.0793848140777761
-0.309960818276176 0.899232752049681 -0.308714672107952
0.844514591669317 -0.50457283503295 -0.179447370012541
0.497409454049808 -0.856711201220556 -0.136490852166377
-0.333909095190543 0.888418475744895 0.314987822152143
0.527213440155287 -0.148722274012413 0.83661680220529
-0.0847230185912116 0.184623075862483 -0.979150820854412
0.103601047081465 -0.949807106967071 -0.295183472773236
-0.0347376674287169 0.741709720007466 -0.669820860908391
0.0393578667787868 -0.588277148704089 -0.807701030477992
-0.852712686055643 -0.000117666104439175 0.522380188363282
-0.69103452602372 0.0606566040087892 0.720272212592777
0.705416822591273 -0.664917026537438 0.245504489217294
0.748536917494786 0.406289767633432 0.524043040087145
0.843454767904728 -0.373539913706416 -0.386072515684534
-0.222360591648321 -0.974937554195833 -0.00724794456765394
-0.996451548243955 -0.0663747355487948 -0.051756221684469
0.726612767450503 -0.579921830132903 -0.368408139314573
-0.701800881520465 -0.694200543047721 -0.159878481132851
-0.503943611130907 -0.253634034152855 -0.825657685436095
0.495461627981829 -0.0756716344953895 -0.865327440296673
0.140895528238545 0.964548240853338 0.223148249352561
-0.981534527013366 0.187602295365318 -0.0373543980585024
0.738378453653207 0.145648459817943 -0.658470793075411
0.0417590811938581 -0.99577466470853 -0.0817862840729364
0.279653559010439 0.2459332363477 0.928068278841779
0.251965536956917 0.405575220338265 -0.878647886717757
-0.76458447758057 -0.642663231092283 0.0489341194349502
0.495507034086884 -0.589243545024044 0.638173035953351
-0.477293127140388 -0.381063290417094 0.791821974613642
0.779311837341319 -0.00723571256513363 0.62659452969474
0.270146112137204 -0.700381568524137 0.660671428600346
0.0150027317790258 0.395816568266158 -0.91820703674344
0.422129850963193 -0.902287881841825 0.0876525367983516
0.698188187637375 -0.43059395601951 -0.571945888771924
-0.54878822087776 -0.784657798858416 -0.28834636692091
0.150598899641423 0.201608705343008 -0.967819147029397
0.186247847403138 0.0245592739005652 0.982195795859041
-0.949740742332083 -0.295611284364307 -0.102987819236004
-0.662483740987647 -0.350758543747693 0.661878944305536
-0.572382493022391 0.621260947984882 0.535175780646321
-0.65262773162826 0.424605868835069 -0.627524421883777
0.616683560875876 0.67060036102314 -0.412306368542962
-0.823287416945524 0.254218047293324 -0.507514545140862
0.512540379844501 -0.451956101225099 -0.730094542915
-0.886044557579431 -0.358916271058607 0.293435090528134
0.561336683266707 0.549665429122145 -0.618683314828436
0.187005908291475 -0.845202547354057 0.50066100727967
-0.0980116397214729 0.392181687931405 0.914651432038666
0.793173782791503 -0.221312919669005 -0.567358741784947
0.84970714126747 0.507191289825867 0.144065157494232
0.524767003115544 -0.803672532677258 0.28058876075362
0.776655128959059 0.571232625272369 -0.265518546406886
-0.946474004067114 -0.14855624553778 -0.286562386814606
0.26655586658108 0.85262972245158 -0.449411310920576
-0.453528489768933 -0.830253764279076 0.324022523705276
-0.986840558788115 0.0447937057544947 0.155368064464809
0.92049566402705 -0.147342915683844 -0.361908548814732
-0.211870093809772 -0.942772710702546 0.257469763862889
-0.389297416085977 0.624430614456711 0.677151334310135
0.454111847928054 0.750392362598359 0.480305873090701
-0.914435107679889 0.285694504865314 -0.286682897523088
0.0796192767094984 0.893208664491057 0.442537063367983
-0.790949405278461 0.611451483525694 -0.0229373403836787
0.896903322857602 -0.0501492329736333 0.439373968140067
0.405102635566143 0.90704054043526 -0.114757625734745
0.224066420459592 -0.36790947029843 0.902461556459417
-0.622291754431538 -0.759748041520549 0.188509643711423
0.246778913974429 0.778217081231332 0.57747583680825
-0.425810096916801 -0.718910075454026 0.549412472350594
-0.0471615223471114 -0.2178294669508 -0.974846713149218
0.301426342744517 -0.00492787753827733 -0.953476730666581
-0.392594375178015 -0.907681462784657 -0.148270086988876
0.187654781118237 -0.705524837335558 -0.683388898816846
-0.701027992649389 -0.232900803985908 -0.67403039176634
0.743753900859054 0.472128697839618 -0.473206749352973
-0.836870043943002 -0.253746783186016 0.485037214627484
-0.277068374822378 0.955205776443338 0.103995386063832
-0.691182687606771 0.209187185711797 -0.691742158384654
0.549211280228442 -0.760937268260923 -0.345458309266747
0.277889326927664 -0.487980947867553 -0.827437077062645
-0.200444268137633 -0.736712096925033 0.645815284439049
0.848659875162152 0.184436513752932 0.495741453465841
0.614670241546763 -0.261956127700332 -0.744015780287684
-0.938489732653566 -0.105373523524112 0.328836497737025
-0.398786299923564 0.287939773667493 0.870666511204828
-0.410583002963126 -0.0511044690063515 -0.910389988370567
0.324559487174603 -0.175295817095871 0.92947970165768
-0.771280471657558 0.464420215770714 -0.435247397721317
-0.572334916391504 -0.436324923373714 -0.694300586721669
-0.60636769248421 -0.598282129627803 -0.523809807925926
0.0294858141134171 0.765289559434547 0.643010479686409
-0.338771988730042 0.518407777287836 -0.785166807818171
0.307938820235436 0.881040957164257 0.359082880114185
0.197967061819227 -0.97338557876227 0.115453702808978
0.568250444367078 0.822428614796208 0.0265067169036255
0.843685088875303 -0.487551745464429 0.224697054506864
-0.0405590588775866 -0.991098460075435 0.126802228604491
-0.622418041945677 0.780933079382595 -0.0523383854023626
-0.916002147065404 0.399876237737796 -0.0322344701249374
-0.566565483403957 -0.143865225232326 0.81136080136034
-0.0515450579332201 -0.870506706134408 0.489449876471213
0.489856542225489 -0.360467447901194 0.79379077031828
0.353277808642154 0.575856731084855 -0.737281367718772
0.375024323109315 0.200578245035949 -0.905055315820364
-0.118625004735192 -0.585102999650821 0.802235992742277
0.373764367059813 -0.776515524627585 -0.507270970910739
0.0608960560558078 -0.0129779626068698 -0.998059739115561
-0.152084296044083 0.853131546657176 0.499036001702393
0.134681452342916 0.433332366066077 0.891113891101681
