# command_history: dirgen -cart 0146 dir0146.txt -force  (version=3.0_RC3-1000-g3151ed7a-dirty)
-0.023982994605195 0.231227141056216 0.972604146201699
0.761846798076199 -0.38061534136367 0.524138739438004
-0.396960382685241 0.455512358613521 -0.796825542844062
-0.524343408598648 0.146466562423144 0.83881555538217
-0.554197878210551 0.399321621184915 0.730347146664636
0.151211107290923 -0.401077953671219 -0.903477545991465
0.458404319345358 -0.60639113749821 0.649734767708445
-0.704999303884686 -0.150814690519703 -0.692986948394813
-0.964687271711268 0.215690009433928 -0.151182960774889
-0.626207195515486 0.765351874177578 -0.148664242430715
-0.321473032727616 0.944720702876583 -0.06448164688719
-0.312238581356689 -0.151618577899048 0.937826676496373
0.20333244386359 0.299256588831538 0.932256086766599
-0.782477032404597 -0.477483847978061 -0.399673452557659
-0.600821425359603 -0.387382756959938 0.699248321012623
-0.520868463053872 0.26425051109952 -0.811706665969634
0.784494419740916 -0.513808337962353 0.34723118701483
-0.275000367414638 0.68259270995216 0.67708344407612
0.680254886350571 0.73276303202692 0.0176530023193459
0.769430759978892 -0.0416072991502874 0.637373625321697
0.452172254986302 0.729205460366663 -0.51361429924803
0.457600869164159 -0.572806042328063 -0.680069615857574
-0.127284836506818 -0.894002730366841 -0.429601778967529
-0.358327707351372 -0.919111429782519 0.163815242842181
-0.041407272275022 -0.422965162294453 0.905199375435031
-0.344345572171982 -0.122545377578243 -0.93081080642618
-0.974529731335763 -0.0311907719013989 0.222078676353317
-0.132574098439187 -0.104393114501632 -0.985660279238078
0.116568754107297 0.725974366747186 -0.677770569139657
0.643553624711437 -0.562631826675605 0.51892596748712
0.117233431315094 0.222296300717937 -0.967905303874924
0.413536736159149 0.321406311551162 0.851871675043792
-0.0983742666313513 -0.629201316884067 -0.770991703260223
-0.883453140656771 0.320918680561558 -0.341352821477012
0.770973599593289 -0.49872351419552 -0.396073938954127
-0.424028076609944 -0.890288358210979 -0.166092833922692
0.86836760986118 0.463841836876871 -0.175466362892358
-0.618020341093665 0.0572599255954689 -0.784074077441201
-0.441402490447663 0.0727545479248651 -0.89435486088177
-0.768617483109897 -0.308017494156252 -0.560671372509343
0.175348493160627 -0.979070655902843 -0.103312906726483
-0.779299935440068 0.607656767087583 -0.153117157875179
-0.436768636404148 0.830318560302704 0.346127500598415
0.589311869776434 -0.432363164155969 0.682476090732593
0.599989752491254 0.773377113978718 0.204695228277147
-0.762464500202524 -0.549712807581669 0.34126780555979
-0.649196889133328 -0.490944233795725 -0.580962269379293
0.0945887695400273 -0.990145071811345 0.103274882931957
-0.151221996633801 0.872739644001495 -0.464173913013463
0.944635366051122 0.255051871613178 -0.206428118220551
0.238909077019655 -0.217863436014996 -0.946286413389391
-0.706773757699636 0.706434359781967 0.0377008056489365
-0.0726008533855793 0.875795917517738 0.477190346661527
-0.466723994076711 -0.500517956083867 -0.729143668278557
0.661439339615597 0.190885518469051 -0.725300433508546
-0.700249222671875 -0.483561940555863 0.52518461115429
-0.756486023193289 0.615854740005503 0.220117777396459
0.911841402532789 -0.0656702474128456 -0.405256308071538
0.95208383008121 -0.199612204628437 -0.231713936268987
0.813296231654319 0.0716907731655169 -0.577416377166266
0.077437100516353 -0.752815309681389 -0.653660925077318
0.665532680041926 -0.228598941759436 -0.710498962436032
0.324731436005638 -0.27957418385012 0.903541792168052
-0.232621559133407 0.919252639061772 0.317587461661051
0.278376224023752 0.960184128887799 0.0235184295873606
0.418537758196804 0.840394762239696 -0.344329476756897
0.536320655178543 0.139236327778914 0.832450238666253
0.876329129855919 0.438555319824718 0.199289958651728
0.498838241071587 0.649264927339508 0.574121470920073
0.322023756142556 0.781415259217423 0.534500601629229
0.502482491915845 -0.7264944185437 0.468740018712819
-0.321787285863989 -0.881304816406707 -0.346056011701325
-0.626103352747834 0.550203963997469 0.552512614950459
-0.512692759452528 0.858572080339771 0.000342441220684499
-0.614605556206504 -0.683066063832302 0.394564015998341
-0.182214400797507 -0.959830458252345 -0.213362141799098
-0.852407899822195 -0.098025313082535 -0.513606668877835
-0.134082793353076 -0.980657457989082 0.142592968329534
-0.054606820611522 -0.86163548006595 0.504581405359157
0.880884946393341 -0.415595525995761 -0.226543748512087
0.684712884674571 -0.0179495018367981 -0.728591847981048
0.0104373165166925 -0.951318070464971 0.308034074788383
0.0539602645247647 0.446165693848777 0.893322149890428
-0.406769848631372 -0.484153823476915 0.774682751490631
-0.0312812546710441 0.603357041710478 -0.796857429735449
-0.574717566249857 -0.791655841452219 0.207317987011306
-0.938891634085983 -0.0960167129168384 -0.330549981521704
0.207492133874124 0.918263214462756 -0.337253144306897
-0.0274825673899383 0.962046947894292 0.271496553453144
0.735200111823472 -0.368214718818463 -0.569121003320203
0.946522722193805 -0.32004253922658 -0.0408351497638123
-0.645885290590186 0.687215825164629 -0.332515565113167
0.230130865620406 -0.938504744030714 0.257388092422021
0.734703865781684 0.657497215662684 -0.167055802058074
-0.378415521513129 0.912750686353634 0.153908666549083
-0.465558627731254 -0.282651331422053 0.838667627245938
0.244352747354022 -0.0866151768118321 0.965810305394593
0.652644689156226 0.639789668175452 0.405862156664203
-0.879301441464195 -0.293414755890808 -0.375148978493246
-0.124020614671658 -0.779823339754318 -0.613591432396905
0.26516622099162 0.485225835602852 0.833212316104688
0.354556659526706 -0.845443155640725 0.399393847931483
-0.361175452899961 0.0517027064320446 0.93106343627602
0.108055137773496 -0.590364529936009 -0.799871120240121
0.849792495700428 -0.525569367426793 -0.0403677380322333
-0.993943859640446 0.100010926939383 0.0455348040050495
-0.0445667116206792 -0.997379734702655 -0.0569866038624887
0.182390284495105 -0.454611125245533 0.871815639298117
0.807796948311659 -0.146669292918133 -0.570922244104454
0.31300445254228 -0.496919969020545 -0.809381712838465
-0.933646409236377 -0.358176346335054 0.00375332467179647
-0.509322044931383 -0.860354288241538 0.0195333881165274
0.519503117020713 0.0779993503627936 -0.850901059318147
0.257508928444511 0.813161129991979 -0.521975218225471
0.623900932680961 -0.684230591264209 -0.377592537238302
0.852412377381881 0.358869873742152 -0.380270367773327
0.0270194465952087 -0.0716252817687721 0.997065578844859
0.957858051767042 0.234067017165588 0.166494997343015
-0.536946621780043 -0.575977271939581 0.616391521330427
-0.934520425591446 0.105390833229637 -0.339947564226522
-0.403712886999662 0.315237946745991 0.858860257435265
-0.903320784697563 -0.152439085352916 0.40096618958479
0.892880657125153 -0.42376782585447 0.152266089141118
-0.108211934917681 0.270561286565732 -0.956601676432394
-0.583392360867302 0.788857880839537 0.193278548005284
-0.272545292549474 0.816418002890062 0.509097935633335
0.694523045985363 -0.243708563695522 0.676937127491674
-0.496700141094463 -0.776054909254507 -0.388622886174656
0.754795673148337 0.620352197865953 0.213182181242783
0.30391448495992 0.648403467966425 0.69800353047865
-0.249087336425828 0.616472591403725 -0.746938446513675
-0.263333399425851 -0.367256900959898 0.892063837090237
0.325001908960764 0.659275482658822 -0.678033625373283
0.844341585005175 -0.17448854368667 0.506597508830288
0.989977244737628 0.00378478804251505 0.14117623837306
0.460321363229685 -0.857962101989957 0.228046648963187
0.463518827128997 -0.715137056045063 -0.523191444853755
0.148956075694444 -0.0239752857329141 -0.98855312107531
-0.99026829474015 -0.135720824878438 0.030798735797944
0.186621310172393 0.556064517051903 -0.809916501539124
0.303455592765043 -0.74982454547565 0.587943750899566
0.827645158076512 0.560990580216753 0.01711903094739
0.601302780114423 0.333415821987191 0.726132808978682
0.094141316351533 -0.755994893769656 0.647772439325577
-0.864950516999195 0.29018023183149 0.409458222773763
-0.774653228548037 -0.283252189026084 0.565403018131346
