# command_history: dirgen -cart 0210 dir0210.txt -force  (version=3.0_RC3-1000-g3151ed7a-dirty)
-0.588813060565253 -0.108329534560062 -0.800976835900877
0.606058440396235 0.274412772538605 0.746586094896067
-0.281657722157027 0.0351887827017034 -0.958869478668128
0.192180096924473 0.961278473725187 -0.197510775145751
0.948805671120109 0.0938939895110671 -0.301582023973602
0.560789963235977 0.473362055969998 -0.679295945153251
-0.30768875564307 -0.907766730640306 -0.285109088584404
-0.723242564143487 0.503578282802266 0.472577090537698
-0.780445830902474 0.624535294854687 0.0293252537536417
0.350669485787186 -0.930656106940302 -0.104451531115977
-0.407206794399256 -0.475785891083965 0.779621967648757
0.320107457397746 0.639768489324036 0.698732778525805
0.783908037851556 0.562148433827296 -0.263585520348219
-0.159078292198769 -0.712014051536753 -0.683907952406858
-0.530506672471441 0.647251666140428 -0.547382819552934
0.0652365721570494 -0.643976492428843 0.762258792571291
-0.00710019208088276 0.527697398004833 0.849402756889418
0.469742391838604 0.547690120063581 0.692371011593126
-0.157657372518271 -0.579617607273804 -0.799492077652322
-0.856476790206794 -0.473257014992324 -0.20609537985511
0.420550369630843 -0.904197594339629 0.0745928749532371
-0.253277115928964 0.966315229447073 -0.0456681495722844
-0.127303164503427 -0.991785752173529 0.01244693106755
-0.915918753050887 0.401279503857384 -0.00822177557950455
-0.587831553433449 -0.589469478009754 -0.554057577588219
-0.89649234362357 0.378536944579351 0.230241741247864
0.758104175532868 -0.597075183093897 0.262258049968005
-0.535081081401682 0.518052719388355 -0.667315230052737
0.722651962937171 0.12816536228446 0.679225868451391
0.778315097641097 -0.482183624033064 0.402149924155496
0.431563630061307 0.0513210511963419 0.900621442623042
-0.183489492311955 0.0909070080920928 0.97880923682342
0.478322341217671 0.835560338296196 0.270271454205569
0.265600059002449 -0.791636885954096 -0.550243263888616
0.445695037668694 -0.859756111020154 -0.249349880611565
0.543635999760536 0.726811223509089 0.419768204066939
-0.67912818496281 -0.327852742020832 0.656732432531348
-0.882901143968576 -0.399455697170788 0.246821222703356
-0.116861632783029 -0.809768117053825 0.574994743790226
-0.621782895793626 0.472488757595084 0.62461220324674
0.386650768062804 0.817658440878101 0.426539397497157
0.398753108785188 0.909137786297419 0.120268215919156
-0.174779623760616 0.439037826764674 0.881304640738859
-0.642378960473443 -0.180817718315693 0.744751115396389
0.914706922733786 -0.0526326425424523 -0.400675742267842
-0.343091488906207 -0.00135215838056012 0.939301017729586
-0.799515650530719 -0.300208486864576 0.520239934040942
0.75464666606586 0.613049693305672 0.233834306579476
0.662061173542678 -0.362570776352143 0.655909623822289
-0.270003530154982 0.923251414805099 0.273322005634801
-0.682023981898319 -0.611161619069088 -0.401652540751844
0.120005720320234 -0.117986910466368 0.98573714348655
0.857182771769028 -0.500510104507261 -0.121356215615426
-0.175930932860145 0.272448948251615 0.945949193910301
0.739285463175625 -0.199784495369674 0.643073214608637
-0.475715586125099 -0.878605945379616 0.0417884417183246
0.655950010321707 -0.631833428200386 0.412935955043273
0.952663989827008 0.238230182374132 -0.188885422129061
0.49015598637252 -0.423538699491704 -0.761814990044209
0.195441630985078 0.285203571326764 -0.938329095669719
0.565897337013467 0.817512133857771 0.106930421098867
-0.715195756952465 -0.459886310172764 -0.526307525077184
0.718988369548623 3.93851987319177e-05 -0.695022102456187
0.259658251619138 0.591995055125862 -0.762967526879499
0.5354616383381 0.815094518001223 -0.221137424676672
-0.737200419017052 0.645958724152622 0.198173835034293
-0.385174380539268 0.484297963914884 -0.785554694928424
0.473854992712289 -0.844492914075349 0.249585985099648
0.892273600048785 0.264729329353976 -0.36574062508255
-0.851135794218873 -0.514219169675967 0.105577011404787
-0.98093510374453 0.115973003729013 -0.15593775889046
-0.533770442774027 -0.322941139256151 0.781535754138452
0.69021843865229 -0.0464921776289457 0.722105937078288
-0.222828078107325 -0.965343407653152 -0.135866673277874
0.000212053720847519 -0.68117087063918 -0.732124442991682
0.0539605621124392 -0.770658551027824 0.634959569944578
-0.301242901363654 -0.952851631549497 0.0364209092619706
0.747330480418327 -0.345818309715625 -0.56736835451331
-0.99525946963576 0.0872624754270736 0.0429400568546974
0.231465470836879 -0.574535943734235 0.785068267838965
0.0195216303304819 -0.1799975316993 -0.983473331886228
0.128025133999618 0.901112882657789 -0.414252504847647
0.310693457566738 0.332482964789015 0.890463167991991
0.204100351427219 0.878132192159043 0.432697237847944
0.828835258635925 -0.0286158835635439 -0.558760454264434
-0.553549952350603 0.0624857595968402 -0.830468530469548
-0.425810314777571 -0.611305186427606 0.667076865792643
0.105895232116392 0.693524754032374 -0.712607616686315
-0.926673870735413 -0.370554984814191 0.0629645973988699
-0.0789560546088479 0.956181360866148 0.28192755554001
-0.436147459280801 -0.72809237074264 0.528825957597832
-0.484512559490015 -0.155207805477136 0.86090540526553
0.380895563489451 0.904691817410552 -0.190922196783
0.628022548994181 0.734154870691188 0.258078096310511
0.319111913274392 0.494165587362067 0.808682854445091
0.475841139132244 -0.0801257236696113 -0.875873894299716
0.656344011457789 -0.752476468658142 -0.0546964600250272
0.957878390064791 -0.251415866934909 -0.138776985484813
0.40313890913629 -0.307125431404257 0.862063216548039
0.850648272427229 -0.177471616742148 0.494875077032071
0.223168836313327 -0.711585625299778 0.666214356168703
0.247748862179763 -0.406384531607896 0.879472633888323
0.806825978973126 -0.0260160678031041 0.590216065411745
-0.572015209752664 -0.606469332429292 0.552262210036487
0.512806820235045 -0.854991508263815 -0.0775801902368706
-0.507254626797358 0.758252839675594 -0.409567301815674
0.968962694833175 -0.244941956412171 0.0333876325996644
0.334409981027738 -0.186404502839042 -0.923809139330391
0.0254934867178335 0.990098085046904 0.138042979254364
-0.166760131726158 0.589422219022215 0.790425522228124
-0.803698655181109 -0.436997046240709 0.403858952156532
-0.210172739874129 0.824422123890863 -0.525505072338108
-0.143259533842137 -0.259049859185578 -0.955180546503783
0.835883312369882 -0.367621354137896 -0.407619464799431
-0.525079093608496 0.755259719855173 0.392268659236964
0.00254186584385393 -0.947374692842434 0.320116744766244
0.621967874496315 -0.735604172253825 0.268407274225759
-0.420450494706097 0.143088212159127 -0.89596157565071
0.525738783430071 -0.370493964015567 0.76572381066903
0.180105447788301 -0.913126290644695 0.365735430346084
-0.468179253479234 -0.392690378323102 -0.791582246759038
0.771129353104728 0.154000775125342 -0.617772840161396
0.695042221224316 0.466033802046678 -0.547474936472426
-0.668447997552623 0.507129882239197 -0.544055656259493
-0.799567397924038 0.51712600977873 0.305405740265819
0.314418630031938 -0.92200011044266 0.225957344276661
0.0742552571246758 -0.820756798710072 -0.566431314600934
0.670561588405787 -0.646334198454964 -0.364141813119953
-0.361838906414869 0.838096029662287 0.408249495858602
-0.912639249922525 -0.164087802832027 -0.374385887103946
0.147034323121895 -0.969992597403467 0.193636951036113
-0.174267335944503 0.888522093521208 0.424451864111227
0.176251774876231 0.0926188653298631 -0.979978090386712
-0.258240126893138 0.223558336628747 -0.939858344106176
-0.442544124480187 -0.693716872722865 -0.56825311119929
0.432908248507655 -0.718426536146481 -0.544475674878689
-0.0577237288910445 -0.394860445510531 0.916925951041925
-0.0862449019210875 -0.554071386469829 0.827989562487368
0.374234826353964 -0.75018378266943 0.545135384068585
0.0296453121640364 0.986808217934445 -0.15915620152461
-0.0728826923122696 0.997228031364983 -0.014978872495498
0.713458663921745 -0.690424920273118 0.119541475400203
-0.0357801508830201 -0.206179646767562 0.97785977218699
-0.606469438476483 -0.43433696328476 -0.665992659508041
-0.0870574738869295 0.491651798616736 -0.86642916915196
-0.120000020396379 -0.950725170320043 -0.285869980279138
0.585016047511098 -0.621982247064286 -0.520475079606463
-0.103077305176814 0.314470318570703 -0.943654326485884
0.963003816963208 0.192953332833903 0.188129370015904
0.934442432795456 -0.298830127831911 0.193695365177573
0.99581955777933 0.0474023076805119 0.0780796360822837
-0.731300885658784 -0.296482599864264 -0.614245132347343
-0.0224156125235853 -0.00613851196316982 0.999729893014144
-0.629823937597104 0.314887401150517 0.710047697148827
0.621312723794979 -0.14691811661665 -0.76966587962588
0.0154463670004547 0.904543696102384 0.426101057952132
-0.831588721502284 -0.146352781903989 -0.535762131453091
-0.846948340840429 0.20283060002913 0.491465416524365
0.963651304195505 0.0260355526827066 0.265891545406784
0.155276963281568 -0.720861831870549 -0.675460793848386
0.862832424865395 -0.444274951041903 0.241122322644787
-0.0128454948506128 0.361367938423589 0.932334814506853
0.457188067631443 0.226676846929192 0.859998068533684
0.348452708513266 -0.850586171995908 0.393806899303601
-0.692844064476422 -0.59116479742327 0.412905902848695
-0.971169233236634 0.0797412002111243 0.224658989144564
0.899916906057304 -0.00798781012330581 0.435988253375804
-0.0404026694873996 0.87247566177647 -0.486984439079939
0.29486903642264 0.158207259275948 0.942349571269376
-0.477129971694284 0.575018393033806 0.664605776219129
0.137887472337372 0.0748116402920111 0.987618480714709
0.60070430448975 -0.766295362423314 -0.227916116358645
-0.275312144600089 -0.902100361852878 0.332292281253427
-0.430611048364779 -0.823947989660115 0.368352867996492
0.91963928085045 -0.22202412223011 -0.323989015654569
0.234723598936876 0.446475863295863 -0.863460558216954
-0.978106774965901 -0.208101074116979 -0.00103909439613618
0.932834025334717 -0.153845576361661 0.325810097774418
0.575254103828257 -0.811854777522457 0.0998726000598339
-0.831070784401658 -0.553110249431057 -0.0582271696747022
-0.990001450165584 -0.073591206360767 0.120338950537256
-0.570103749403312 -0.719366619877329 0.396854357570321
0.873727547601362 0.122460586368648 -0.470747891496879
0.828066373166953 0.31474540583945 0.463941172060736
-0.669714803072113 -0.700644849501783 0.246127766439922
-0.488943536611115 0.258846725632776 0.833026164436272
-0.746462131798755 0.178146530355298 0.64113812826319
-0.778658259253324 0.345271348250311 -0.523907445427144
0.32968854873659 0.170138197037434 -0.928632572517684
-0.872521438812614 0.316917350663688 -0.371846381803931
-0.275514383767715 -0.718314123198769 0.638840077601805
-0.385464346602203 0.628427561081806 -0.67564490523596
0.749248941503426 0.656374895341236 -0.0883064007973271
0.283472405222544 0.821372637053868 -0.49496503571113
0.153827991972725 0.427681704326473 0.890744244253109
-0.8421152546885 0.53006023992043 -0.0993883286730336
0.0936105168335199 0.816801165044454 0.569274035873922
0.281595309872915 0.775631247472573 0.56488959045261
0.376598707398819 0.326740751922354 -0.866841331858809
0.89857662405221 0.323737325186287 0.296233345503444
-0.59654243564749 0.216224961205069 -0.772906131832079
-0.623700293325748 -0.778800677717881 0.0668389743454032
0.321400083726835 -0.658873144856817 -0.680138342667778
-0.585800692356951 -0.0286120853971302 0.809949935121514
-0.798021781636103 -0.473717574451845 -0.372495497542991
0.173055339520533 -0.976434563555375 -0.12894724718992
0.338530583258161 -0.357701304068087 -0.870314208356315
-0.927817318698879 -0.357973987453777 -0.104926867049701
0.709003568058733 0.700189586669052 0.0839552452215317
-0.334399366641511 0.51571250237061 0.788807757624379
