# command_history: dirgen -cart 0269 dir0269.txt -force  (version=3.0_RC3-1000-g3151ed7a-dirty)
-0.461411265540882 -0.768368294184586 0.443519794962786
0.899694178832296 -0.358557078476238 -0.248972299764181
0.777830060709856 -0.0349124781515214 -0.62750419562376
0.948917366173847 -0.0135309086686302 0.31523443131151
-0.652434940016513 -0.7506715055282 -0.104023746489327
-0.0573494718061405 -0.859113046342089 0.508562495361556
0.611853345672999 -0.452371670698703 -0.648841548406098
-0.747689578251726 0.197270519745653 0.634069898838477
-0.883684250146064 0.436106225585594 -0.170039719034337
-0.872432393486153 -0.255265029080906 -0.416775099693284
0.639620294288528 -0.768539757748302 0.0152486030323356
-0.82247700016705 -0.423059864684229 -0.380199862032554
-0.538257935048998 -0.842329970474203 -0.0275429881769627
0.976471741780259 -0.212291728577777 0.0378834988099821
0.941656838268756 0.159645204444472 0.296303573450563
0.776294190656579 0.491929549111563 -0.394173373357133
-0.664478551223915 -0.581869107537483 0.468931334692938
0.0585614246779157 0.933285108559916 -0.354329600344084
-0.0165395170399596 -0.617360606608262 -0.786506405431236
0.0793942079785853 -0.957532472094044 0.277178867565553
0.445929710073308 -0.104713284005896 -0.88892171861567
-0.334569340785325 -0.629009215091347 0.70171986115304
0.749939489847691 0.66133540649147 0.0150413326453199
-0.60992486256565 0.656439777494177 -0.443935221116402
-0.10409747653793 0.792603313443614 0.600785904375793
0.723404120426275 -0.638991823733305 -0.261487911292803
0.0551117604484554 0.76140284890818 -0.645932191127505
-0.533068928883016 -0.657058252922855 0.533021546774123
0.479744395775993 -0.665163655954956 0.572191074308367
-0.487167784767633 0.754233445264498 -0.440226600206124
-0.195232326255966 -0.798776950905536 0.569069171091475
-0.825585472071675 -0.337965069317134 0.451871929008268
-0.724333106863937 -0.434978694880909 0.534915960970073
0.0940028190606472 0.904620676004764 0.415722145853855
-0.0787837351437731 0.896363456077416 -0.436263312330692
-0.854398484072387 0.518969013598592 -0.025969084298662
-0.675293259095526 -0.434012665336777 -0.596332139455362
0.122851047982556 -0.164339551430857 0.978723726004991
-0.349117235072963 -0.870179234558728 0.347714330906557
0.0947670381253759 0.502107566339546 -0.859597115112378
-0.758693367538905 -0.282382609780254 0.587064251803981
-0.89247600866462 0.0765955045398482 -0.444544376460163
0.632240140331808 0.658352703839707 0.408465570519918
-0.505668620346825 0.862651980229025 -0.0114371064295197
-0.62706141505989 0.567183724713389 0.533944383024426
-0.462722399165555 -0.644768157946396 -0.608409404766958
0.361487001423764 -0.843776940924363 -0.396695880702057
-0.387606568992157 -0.899318989416217 0.202451235979243
-0.196766362500336 0.143661431869816 0.969868234133638
-0.509755940524293 0.669883257220879 0.53981969470865
-0.210075400026234 -0.258805947423838 -0.942808468291343
0.82713471962929 -0.411058818706783 -0.383247704686095
0.839506711587441 0.487553999872439 0.239832396493941
-0.887095226477527 0.343108225538269 -0.308769824835208
0.71857171360517 -0.626572226957842 0.301764704383431
-0.0823107433629679 -0.975561069762239 0.203729086512926
0.0407321650127911 -0.941396846307734 -0.334832597718956
-0.827598004982 -0.027874224333067 -0.560628727205129
-0.735942709826583 -0.658791951973823 0.156145739191388
-0.814541620033538 0.494048704924893 -0.30403589655693
0.605654462424155 -0.747639990046701 -0.272428187654429
0.751219846490779 0.635037900213399 0.179987798283459
-0.277721020335559 -0.282224018546356 0.918270460278083
-0.0970910563949373 -0.00562985989488132 -0.995259579931627
-0.81503473072133 -0.18905967874684 -0.547699576036124
-0.359322011197857 -0.196532975193118 -0.912284211159257
0.69387440052656 -0.701929525362227 0.160727277456772
-0.219141087828425 0.310034451515102 0.925124760504822
-0.472686359672791 0.840154610501833 0.265909450437173
0.438238145010011 -0.886525555089465 0.148390594147679
-0.261994183408802 -0.956496584467137 0.128348477835368
0.497133970929445 0.8157236624208 -0.295724063131017
0.212883252824823 -0.910881436087982 0.353519066044561
-0.347388031857233 -0.74734398961658 -0.566390780739174
0.928143027525713 -0.370815008099728 0.0323535194902125
-0.813177420476531 0.136629585453053 -0.565751570219705
-0.504882119105572 0.410109685776037 0.75954202743505
-0.908045431588787 -0.234555910786919 0.347040370685677
-0.50329825569205 0.556955228864885 0.660675214350745
0.449546396443146 -0.418561116898009 0.78912269569825
0.731424498718285 -0.452361202794235 -0.510281828876218
0.732668495435395 0.122677954601295 0.669437820302436
0.625739442718689 0.745564529521914 -0.229311321449405
-0.411769178903846 -0.903841639470573 -0.116260199827795
-0.402426083457716 -0.873007681396787 -0.275519210900239
-0.68117945293648 -0.0609023116331051 0.729578961686055
0.000564206873557435 -0.263134903067927 0.964758884104229
-0.868102796005251 -0.389069226120539 0.308257478179898
-0.0756408655958077 -0.644053756529248 0.761231382795324
0.219548199681104 -0.836665179874236 0.501786772247734
-0.618256845125808 -0.202467079083419 -0.759450824834967
-0.484529421448992 -0.275516319070352 -0.830254176548501
-0.998007060883567 0.0476059395369278 -0.0414195720324289
0.597101299430324 -0.563314440725742 0.571092706211928
-0.745590904562423 -0.580038809005115 -0.328099349407639
0.074829478415675 -0.697471818207551 0.712694613397836
0.219562319867084 -0.957664099094821 0.186203815749006
0.130078846127736 0.989836130699999 -0.0574798064621954
-0.889601373051213 0.253982977791972 0.379607750259818
-0.521943548189597 -0.781301300158952 -0.342261903917431
-0.994556836146403 -0.0213147050327164 0.101992073338206
0.630138995749255 0.0446346388826941 0.775198423016928
0.267368843127247 -0.228881276874991 0.936016700075843
-0.812867918419341 -0.531168976635789 0.238967080294119
0.239707872716591 -0.46543685304477 -0.852002741536357
0.469516259273393 -0.275630039752614 -0.83879828532484
-0.424889993853709 -0.2129764490146 0.879834942070458
-0.00238922866291041 0.99984756586559 0.0172955664564732
-0.306368339532175 -0.498029885750287 -0.811236508936731
0.0355207683628515 0.479019531408605 0.87708526583451
0.896789307670739 0.0919052854971882 0.432807527828616
0.535382038555014 0.823197323904228 0.188976820561667
-0.499926452711014 0.764347810309816 0.407241902012024
0.91266576427658 0.383296327743249 0.141863060223532
0.227887797961821 0.10239372031224 0.968288530129698
-0.502125794646194 -0.126484761936676 -0.855494764068577
-0.923143825122553 -0.0688167292633301 0.378245602633525
-0.69239440875685 0.710656037617735 0.124731627583834
0.255737611706548 -0.602514388718784 -0.756025585113004
-0.475160829083561 -0.583283692486186 0.658788524933688
0.055451354538969 -0.990385079638338 0.126738081528626
0.569804928254928 -0.453837095840258 0.68509432502078
-0.710167134270089 0.196432742474334 -0.676074566217826
0.0775244499522341 0.170247250566225 0.982347104303893
0.676377551839162 -0.103152245296457 -0.72929625095592
-0.573376930148822 0.803694362372115 -0.159104581531748
0.372677605474066 0.0399551425822111 0.927100312242074
0.250938582867342 0.431240426837683 -0.866638057028067
0.207953927071931 -0.901372116549129 -0.3798466423744
0.0732480711953932 -0.240317471909651 -0.967926770350479
-0.353212820103585 0.757611367064103 -0.548876780534332
0.382194690082534 -0.648831160031751 -0.657985824045297
-0.976972784537773 0.116120791704704 -0.178997597767072
-0.380209072382731 0.120963862132582 -0.916956272313916
0.459033894434421 -0.558033055553178 0.691293709410372
-0.132792655166551 0.986417817807448 0.0966747094425938
-0.37997025952114 -0.714933920771397 0.586934485960636
-0.647063882695687 -0.759826359648659 0.0630256685315521
0.645508853284168 0.371371338599925 -0.667384184108567
0.894545218960362 0.420499792239736 -0.151554531312977
-0.0246709012219803 -0.0969665258332474 0.99498182872891
0.171135335352568 0.0282483639014384 -0.984842488386166
0.0604261329887584 0.833309905087332 0.549493661961053
0.437828071768061 0.0574211381244129 -0.897223156449029
0.40822958720176 0.911779000605256 -0.0448068988924852
0.551912483773451 0.501337260353565 0.666373440074109
0.932789132636109 -0.180331015885902 0.312065952557362
-0.312890163602475 0.039822508465726 0.948954115508392
0.242302172997032 -0.0599820259886849 0.968344883561228
0.713197421478527 0.279967914589817 0.642625400055591
0.258102812184947 0.90142943639766 0.347574322322607
-0.667350056957554 0.338923674174337 -0.66315506826301
0.80954024103936 -0.301341273810079 -0.503823416324067
-0.173487642632604 0.484867847761319 -0.857207797480336
0.373574752819968 0.500455997319792 -0.781015812133245
0.943617186671525 -0.280725198601528 0.175442206689975
0.827088298998649 0.556679535610088 -0.0776713608253291
-0.606519195189666 -0.516943847710891 0.604072449446537
0.594591279621108 0.705909871711951 -0.384905784859294
-0.302685616771551 -0.652039089581987 -0.695144907955686
-0.605018500684348 0.735205286277007 -0.30565634438043
-0.499932882927041 -0.719604490154892 -0.481909213770784
-0.0941480153056295 0.399211544648438 0.912012222414491
-0.292593698058255 0.390407663803812 -0.872909378973468
-0.149515585521944 0.329085494478775 -0.932388238348002
0.202247696073 -0.617106178692642 0.760444497417483
0.806407358532745 -0.40063241295814 0.434972231058007
-0.823512876955391 0.507068573522577 0.254377678333682
-0.625469483437645 0.118607286520385 -0.771181066204634
0.126794841448669 0.954249217820546 0.27079789229402
-0.917854754418439 0.0951404086956192 0.385345237968107
0.213180510783216 -0.739323438910979 0.638713490149575
-0.0506591749406939 0.074249101489117 0.995952166985135
0.192712747263433 0.885984585748858 -0.421773767389112
-0.0281102368541552 0.420920529791534 -0.906661856583819
-0.353831606962402 0.841139253987838 -0.409008495407111
-0.566920133898049 0.166709599641154 0.806727631340656
-0.645983559919747 -0.716471685587493 -0.263388617948513
0.236310000749927 -0.825854233091225 -0.511978875766251
0.979327758193776 0.178514818457668 -0.0951293941018159
-0.186996753496625 -0.408447476946411 -0.8934220014964
0.66952406235101 0.218680335199359 -0.709870721279654
0.286535618452334 -0.952512304351062 -0.103041978911358
0.991996422603376 0.118188449034808 0.0444363371223469
-0.567597312002137 0.00712356764552001 0.823275498355167
-0.193398747163424 -0.765304711411886 -0.613926398916342
0.625193746571215 -0.665563592446884 -0.407624684798954
-0.963081707204406 -0.121516897068816 0.240223373082249
0.327613062483382 -0.52354979273649 0.786489221678109
-0.567764973538264 0.812677155044685 0.131144105820928
-0.94850479620327 0.200547568108336 0.245192423425411
-0.718850242391589 0.542700091038244 -0.434431744006622
-0.757008179323891 0.653092507846288 -0.020218620916697
-0.736193327002965 0.552418438544801 0.39096451761257
-0.701247395457491 0.447037715945353 -0.5553461721183
0.113635547104431 -0.546528938273386 -0.829694571552715
-0.414229822985761 -0.555067072109731 -0.72132808014711
-0.708045003142497 0.340932332279437 0.61841524749269
0.167999882216236 0.550332896161842 0.817869025564271
0.337005434330398 -0.21192736857463 -0.917340791462373
0.217005693901386 0.570551445851632 -0.792072961570454
-0.560757464869862 -0.148445091065192 0.814564374700595
0.601132286063688 0.586527454232441 0.542794178380218
-0.119881521520643 0.679735393327036 0.72359395786341
0.456633034644993 0.418764405866483 0.784934802420046
0.05026687847038 -0.570353281986751 0.819859972590311
0.735983454860663 -0.035923198722127 0.676045766176325
0.866155136667703 -0.240333139174625 0.438195460312659
-0.86105922113401 -0.0172848497029926 0.508210833877866
0.712437252052844 0.626448834952108 -0.316219890384111
0.956189249501492 0.292746754011518 -0.00120712612979619
0.982055058749678 0.0521806802393597 0.181232001020584
-0.968082149609433 0.0410337108213513 0.247251261238057
-0.149698610221651 -0.19451071231807 0.969410082932514
0.903395150350464 0.322889133342744 0.282169824560377
-0.249645268764447 0.727213513277364 0.639404211661387
-0.901297957357141 -0.433187925740025 0.00319578736770234
-0.0743059607371983 0.8782893029859 0.472320362105494
-0.961434890806778 -0.228435435893372 -0.153167236599619
0.543697127277114 0.300261191703442 -0.783732512115864
0.61671759990414 -0.290524624310726 -0.731611129383355
-0.844772252579244 0.145759234570326 0.514892306030749
-0.0819718900137014 0.809979970910178 -0.580700487318488
0.777930961995791 -0.295760127937121 0.554390985759077
0.721249774127414 0.511974488819147 0.466562842626294
0.297123865441821 0.124853702650512 -0.946640883080468
-0.507506849269347 0.181824938686118 -0.842244910709759
0.3845635827869 -0.513450367380868 -0.767124221381749
-0.343845711526392 0.937900905907086 -0.0459566900850853
0.50923353551148 -0.0260254840490317 0.86023478219059
-0.124850202019044 -0.352885960325884 0.927299264563864
0.985230874862084 -0.13677763298358 -0.103014573405424
-0.173905791486418 0.954845510160127 0.240887582524566
0.80068228212779 -0.587259726928027 -0.118464746718396
-0.191666651235249 0.980558863383651 -0.0420500920810778
0.381107275559618 0.81972764409838 0.427555650198247
-0.938541445623109 -0.285441593234777 0.194069708350576
-0.88742606434879 0.446938790569713 0.112786070941846
0.799281692224356 -0.578114587817852 0.164110632888807
-0.218961860522247 -0.936312789590295 0.274543373051101
-0.157049439773507 -0.668451424191287 -0.726985671773157
0.33916834775311 -0.653930622932009 0.676268860937852
0.20611176497748 0.702408452711388 -0.681278434927645
-0.405065629928807 0.289374483693267 -0.867285560607136
0.319480475962222 0.812017574323114 -0.488425720523969
-0.403656650591972 -0.361342760168073 0.840531211857709
0.0260148056879214 0.739927981760864 0.672182870722182
-0.227433564841249 -0.843133890484905 -0.487236304373339
-0.33708135713347 -0.349072011668702 -0.874371139358238
0.27584306152843 0.960666398617949 0.0321041426149838
0.0560288387333778 0.328237353884469 0.942932133689966
-0.593589468936338 -0.354861061824464 -0.722305454201122
0.328640190779239 -0.909455027681725 -0.254729616709596
0.00462454287468214 -0.982184615460003 -0.187861637267659
0.78316539825801 0.350897414672307 0.513344877589777
-0.137159432220685 -0.984610440617457 -0.108303141136335
-0.836533519473924 -0.540288499037451 -0.0911043830143698
0.358971420054115 -0.374874768637464 -0.854756355591077
-0.564856723700439 0.299785431077006 -0.76880789343267
-0.777432830296631 -0.126008210779547 0.616214350038285
-0.427378973095765 0.896564274483044 0.116274309614386
0.854234577743683 0.180711182934223 -0.487469747317293
0.338883804240371 -0.904798649236071 0.257870455004359
-0.516122793216601 -0.445768592319358 0.731373792546542
0.52622624321307 0.839374072017296 -0.136151049129131
-0.477714083923221 0.826490571884541 -0.297829798051441
-0.949472973350722 0.295052596743476 0.10698148452639
0.379974623220319 -0.756689217013255 -0.53201570894518
-0.273618427524277 -0.942267541529404 -0.193041022322395
