# command_history: dirgen -cart 0061 dir0061.txt -force  (version=3.0_RC3-1000-g3151ed7a-dirty)
-0.930162425504388 0.243394034474497 -0.274876710839645
0.167020565248263 0.682257213645062 0.711778915965784
-0.689368164735257 0.453559329515361 0.564849951809433
-0.681159654962058 0.042163115939521 -0.73091982878168
-0.00195614715036593 0.914495306585508 -0.40459177910754
0.433304335319271 -0.644693425940588 -0.629775943921735
0.244061484462913 -0.588733885664229 0.770601326025629
-0.841201317323268 -0.137421119410172 0.522968239641428
0.164291513771188 0.399388756009678 0.901940641104399
0.887362703629451 -0.184958101353437 -0.422348118204833
0.597257542275834 0.687426809371722 -0.413192219132506
-0.147408448536608 0.522527272830115 0.839783304459402
-0.0455616817458912 -0.739061808435049 0.67209506505345
-0.737554016866112 -0.664586546294376 0.119744706309616
-0.883146287667239 0.466850780058148 -0.0458583006518272
0.885714832382596 0.307187831336545 0.34805871914983
0.133756732913736 -0.766599475696416 -0.628040110392819
-0.468650200429052 -0.873812615411554 0.129686170370739
0.838062164392804 0.425735551771969 -0.341175978888705
0.754331530383129 -0.571235705824932 0.323533167790472
0.391179772375426 0.786881661436143 0.477279411435069
0.427380237510657 -0.90099766961555 -0.0744938382195693
0.520250034064886 -0.811934654746929 0.264767857710239
-0.0797698732687875 0.988122797070611 0.131339655961301
0.408540558368044 -0.0356391922207862 -0.912044110855488
0.172403176193163 -0.300611377287791 0.93803515109171
0.452515918415309 0.525009875320067 0.720828672013785
-0.626525310729429 -0.152181460059146 0.764399658705876
0.145296992809054 0.981515925663329 -0.12456031290064
-0.932744440659058 -0.359960190832192 0.0204075827984011
0.762012279967818 -0.325614917779945 0.559742986108274
-0.413266229075065 0.0871185628395256 -0.906433328996045
0.142474509458571 0.0701179175886021 0.987311750050397
-0.799271545479449 -0.572123313992806 -0.183956272447509
-0.968531277356959 -0.107993851282298 0.224242040809733
-0.694436409731027 0.157805336259891 0.702036714629501
0.37861186427611 0.335090089895598 -0.862767458753011
-0.712711939157541 -0.285078536636476 -0.640914908339245
0.287363929180923 -0.808455210970674 0.513636198159811
0.456903518751967 0.229847857086625 0.859307358949495
-0.59772068530664 0.725003802907858 0.342197995502173
-0.83042711947712 0.485848116469873 0.272658040335529
0.977192081401684 -0.190621687217874 -0.0935895742487114
-0.367112457864392 -0.626976849624272 0.687116055201731
0.646010891695288 0.442047470666768 -0.622305360324151
-0.879075681599201 -0.00761502001381439 -0.476621398482159
-0.0754521542543947 -0.90314171789597 -0.422660631966459
0.692691670630529 -0.721080693185011 -0.0148621450306075
0.446882699287483 -0.361145926499655 -0.818455541156781
0.225724072800894 -0.958300201115895 0.175240884212023
0.27834266836359 0.945156419340262 0.170893832387633
0.145562778864724 -0.221185893130091 -0.964307149247284
-0.544626047732347 0.615975953511954 -0.56917140900302
-0.988900438161335 -0.0618776388112905 -0.135081757537645
-0.295568906931047 0.879926038224401 0.371980091551008
-0.505328795773174 0.370004796129632 -0.779576333019098
0.312960705812895 0.846019235519655 -0.431633003543327
0.0886351308997819 0.483982011893511 -0.870577524252658
0.125350528139792 0.140657168855902 -0.982091037503407
0.569890305737046 0.800083289065877 0.187327974377732
-0.661458751113885 -0.57919882569966 -0.476446262324509
