# command_history: dirgen -cart 0232 dir0232.txt -force  (version=3.0_RC3-1000-g3151ed7a-dirty)
0.400803653911211 -0.863730718548346 -0.305492515206804
0.562145774430485 -0.17977785046319 0.807262071927565
0.193145598450283 0.980288072778049 -0.0415941362259333
0.456767749827487 0.729313132882243 -0.509377636850129
0.331530731232443 0.667906752701186 0.66632420333096
0.534967463946454 -0.373420510406549 0.757869998697938
0.899969977313609 0.0127358505137891 -0.435765806421102
0.476970630938461 0.171609892620512 -0.862002936176521
-0.150689697431415 0.0603896962381411 -0.986734867974317
0.723094075095428 0.364091953123402 0.587002562373176
0.576716715498803 -0.811279761329447 0.0960363416707842
0.188055727251196 0.456774973466117 0.869477812864165
0.623877199537314 -0.411299163513948 -0.664537612171204
0.970990158716905 -0.238631022469522 0.015275692785252
0.182760797320959 0.218334973608907 -0.958607495412906
0.300202839665441 -0.0552633125903279 -0.952273186296007
-0.611166501994006 -0.520166276151701 0.596575688404148
0.277076993584941 -0.740129164583612 0.612729270851895
-0.959697234362357 -0.123836232209183 0.252281204114529
-0.672043551121452 0.70204859630853 0.235553038225559
0.204281709015906 0.763568709045005 0.612561678469103
-0.450802819877646 0.0697192631915278 -0.889896646768822
-0.600369639979757 -0.0488830867466914 0.798227247856582
0.842717073719978 -0.323814309741433 -0.430083976064577
0.29277485480169 0.824515908412584 -0.484206981744812
0.131115575320879 -0.124734160945538 -0.983488736591064
-0.211827404300011 -0.929249638236755 -0.30269499603459
0.826474222574369 0.296197349033157 -0.478756190399479
0.159306752726947 0.899288022376338 -0.407311197177354
0.46141660148618 0.859018180628244 -0.221771245257553
-0.392902714502331 0.703557347759648 0.59214399882977
0.330404681240201 0.934271777830075 -0.134048467968838
-0.391369974460684 0.317798273672948 0.863616697581246
-0.754859600535572 -0.624876035150752 -0.199291053922529
-0.969297739889606 -0.239724229784862 -0.0547191474618933
0.651720321436934 -0.274479686918868 0.707051288164486
-0.0574742924861426 -0.832387592895729 -0.551205588593286
-0.420764175809056 0.752461025528375 -0.506714824547804
0.731150253786488 0.668661871800171 -0.135316693680587
-0.125122759636565 0.813766878762074 -0.567563002714908
0.567188605280108 -0.632707060154325 0.527237007494047
-0.0192747527187507 -0.75778099197635 0.652224234529023
-0.264436736935181 0.842408266067452 -0.469490708555881
0.295575076463024 0.905794017129124 -0.303599362164945
-0.504495742693321 -0.857265624339156 -0.1028576440072
-0.931067050807898 0.339817476720595 0.132808995987211
0.63061108607443 0.775927635165153 -0.0163083753648478
0.798519104296501 -0.489019435095318 0.351037365778303
-0.598700135124802 0.00707536561187368 -0.800942000024348
-0.489512627270689 -0.65697417416593 -0.573377992446119
0.803735652812174 0.414979017343403 0.426381772081421
0.0697253220436461 -0.648694912701228 -0.757847801145755
-0.539826762845673 0.815669251049226 0.208016198908537
-0.248320592172694 0.960638417242002 -0.124542020305531
-0.494646656569474 -0.759591379740697 -0.422309863688105
0.191711881361377 0.542399299731008 -0.817954493964177
-0.657689185984149 0.530458691380521 0.534844380524254
-0.547623350901986 0.754542672231775 0.361626909021181
0.0184587123348738 0.868138751439219 -0.495978209388772
0.341941725931369 0.441391537333451 -0.829607959724043
0.690017083580626 0.509432701779192 0.514154399694138
0.399961065437533 -0.896029448174599 0.192775450039671
0.991723674612991 0.0644679124050659 0.111031713857976
-0.476196712800646 -0.0954666755625452 -0.874141181145754
0.788359935409235 -0.208694579816095 -0.578735850450731
0.578853907679398 -0.11901842801718 -0.806698684365241
0.941509578888825 -0.287172600189707 0.176328133208713
-0.690066344034982 -0.655323342980414 0.307180332988896
0.399845763826536 -0.840979184361066 0.364523492550714
-0.0881127770517933 0.774191811039501 0.626787985079164
-0.402897307200905 0.794006522106273 0.455222366215633
-0.337842253701383 0.469196788102065 0.815914815191314
0.10964042744222 -0.96873738125574 0.222546316141288
-0.554541801737268 0.732724459217398 -0.39445944910796
-0.600069431605665 -0.640709812245498 0.4789651487789
0.0934400080481009 -0.94270354149596 -0.320279561862673
0.961473029145223 0.0149604509771174 0.274491892654172
-0.54208082629783 0.671076577188923 0.505771297434582
-0.0661707114444612 -0.716232614558886 -0.694717409303291
0.208264484126413 0.968981927095027 0.133041082432335
-0.614680955578574 -0.216289926229768 0.758542016410781
-0.997822952899356 0.0658180168189692 0.0041645322938947
0.255678345096744 -0.314971608880038 0.91401393285229
-0.195467407083786 -0.624315275627688 -0.756321974681329
-0.25797513264165 0.918398651489324 -0.299987912891694
-0.915080433785699 0.401950680954845 -0.0326105777702981
0.81461522660649 -0.0386345266670584 -0.578713578491182
0.337051127232213 0.19138004934405 0.921829818537329
0.591268099291835 0.489840107421899 0.640670511199574
0.834246500403167 0.0937899980461984 0.54335643258506
-0.728477912998021 -0.0494083942911311 -0.683285255839478
-0.80009997998726 -0.545474173255071 0.249595569544178
0.0968264267946913 -0.294566114420385 -0.950713125663809
0.617532223105741 0.375959680214745 -0.690875004815566
-0.830765416026709 -0.257365601270797 -0.493550170516119
0.873093247996539 -0.447051960356208 0.194557767885341
-0.0432402677483323 -0.4805207619847 0.875916706397758
0.956244189302126 0.262391349192396 -0.129413408481941
-0.562786387120354 -0.749326262354739 0.348972255369242
-0.909134960057486 -0.295104016860997 0.293917069313398
-0.250848515297443 0.883167021780752 0.396347113036018
-0.9488860442298 0.0731615258179322 0.307022256857566
-0.778244138504095 0.591243270018676 -0.211583214224668
0.265704042869444 -0.222810418393739 -0.937953559115823
-0.0972662744158521 0.984344491690449 0.146987052286698
0.675319929898698 -0.249002256265112 -0.694219611258931
0.371362514870208 -0.594635210669689 -0.713091052237433
-0.322933386132985 -0.51647907346493 -0.793072124584827
0.106369938970875 -0.404143236732703 0.908489779957126
0.614792486247723 0.327263657798529 0.717585323942506
-0.338313858305145 -0.282346943066468 0.897676966965125
-0.250873345756489 0.482763183038141 -0.839048433340905
0.706972887256672 -0.0809243175271403 -0.702595610231612
0.0259936323156546 0.94761622890019 -0.318351713995734
0.418224606034138 -0.521915955500882 0.743432521686529
-0.119290582117566 0.907781361577254 -0.402122812820907
-0.483741585053245 -0.482250592883769 0.730361858638187
0.389569610523496 -0.388814474071487 0.834900487069618
0.181200039134825 0.68287605681371 -0.707705331934201
-0.561946425983904 0.513056370177095 -0.648836940490152
0.686922593232654 -0.62607352987979 0.369011227593939
0.660388006732991 -0.715514544207568 0.227874126637195
0.866045505389623 -0.415789969653275 -0.277639845357546
-0.918526969800259 -0.360144309198266 -0.163108192012718
0.0578741222958833 0.971670953066981 0.229142193701609
0.937182608074853 -0.16155983493928 0.309171762708706
-0.822344205213567 -0.132566427854427 0.553331862770963
-0.736051491865279 -0.209387149522615 -0.643727599950236
0.922292383664502 -0.249498042034292 -0.295173654067408
-0.640008529759538 -0.753644503493325 -0.149696506937653
-0.338367363000867 -0.357920651155505 -0.870287501422523
-0.10796377086911 0.56365712365914 -0.818922750403253
0.104401430787351 -0.993993866168796 0.0328105968912963
-0.693625005824219 0.52118562668206 -0.497242288864675
-0.814974629907594 0.0731596681761243 -0.574859996485527
0.70122255883848 -0.112655665116896 0.70398552832646
0.274217987117625 -0.618418042599416 0.736453406624388
-0.831246676271226 0.553606627517119 -0.0504843060481329
-0.918988923455533 -0.394112927869029 0.0115913179812193
0.79587718935423 -0.371930144535126 0.477752516530987
-0.981269508265194 0.115270385810738 -0.154346656277447
-0.230883314896142 0.694378205089016 0.681565699841127
-0.453575745330459 -0.556247844464947 -0.69631701025899
-0.862015624508724 0.493647329282342 0.11507118403512
-0.204384918986546 0.565523306353698 0.799005753960286
0.248672507775291 -0.966932270845468 -0.0566035994824921
-0.0485019053856639 -0.381211321594553 -0.923214760205931
0.419281564028198 0.825252688745816 -0.378366184778542
-0.731201098198267 -0.259223543115773 0.6309897849317
0.605928488467911 0.77407742080193 -0.183452482860346
-0.772180652979013 0.483058025469485 0.412785638309314
-0.523164718144641 0.566440612988151 0.636744618859278
-0.5175539592787 0.854410560531068 0.0460488141859169
-0.423474745882292 0.237511408150877 -0.874218205368726
-0.889642188048898 -0.419064985918182 0.181442318164654
0.827741372835342 0.424020105853058 -0.367493087729586
0.247019021876603 -0.800370238076334 -0.546250020441885
-0.991664292592628 -0.11574447834011 0.056614013552632
0.48561115366441 0.332009570898422 -0.808672648398947
-0.489563431236932 -0.869866582614159 0.0604960762916647
-0.901107915077747 -0.168051477907994 0.399703923119569
0.478069698586475 0.412268305852139 0.775554129176838
-0.387788809527441 0.910283029475617 0.144929794914586
0.162712453716376 0.0457296013596122 -0.985613241066234
-0.972855608076157 0.177236432828637 0.148792515648307
0.119229098741063 -0.230583407132368 0.965720308561761
0.289819293023693 -0.149026825377974 0.945407733577957
0.244153083114683 -0.940866336914665 -0.234861252799125
0.880535736476868 -0.158160967192576 -0.446813076402033
0.0378351911533608 0.314557353300053 -0.948484143143814
0.357355896261593 0.772121277766318 0.525476446501251
0.737449565197299 0.572290356235838 0.358680759101699
0.394072926803918 -0.918385970137005 0.0356894692550255
-0.427458565598925 0.64498965344021 -0.633456803303262
-0.770989299776368 0.240939501441367 -0.589511370777131
0.902079288528767 -0.0311934138857309 0.430441550198848
-0.318171884033417 -0.0212166545309415 -0.947795603377195
-0.767754145460028 0.633616515631336 0.0953083587527709
0.742838861424277 -0.373020639511783 -0.555919084450341
0.192450610911763 0.286568808677337 0.938531342179333
0.910716264113316 0.140044844370398 0.38856573169125
0.719687068438884 -0.690715539193404 0.0704454926777471
0.651346353534186 -0.755514556148007 -0.0703255514461103
-0.0393745320499323 -0.202842718692395 -0.978419377209654
0.335890122051022 0.588064162116865 -0.735770594100049
0.158455006829744 0.801930857874304 -0.576019886809101
-0.352819742931222 -0.934996693606292 -0.0360473569523339
0.0603348926305019 0.91584916129473 0.396963492637555
-0.485034906474111 -0.25743752316992 -0.835743418260525
-0.00929247832489264 -0.0307513924887538 -0.999483867656994
0.0214547054776722 0.140729271215931 -0.989815623152059
0.218758413103532 -0.388254069981784 -0.895211446441009
-0.179533742816846 -0.11187154986484 -0.977370140489781
0.729304138457079 0.413337560942493 -0.545222463168465
-0.751450964769923 -0.658857839929908 -0.0350398959651496
0.36182440892545 0.90953893804904 0.20450432092837
-0.609343803845342 -0.639584920610785 -0.468648330886375
-0.956130364072857 -0.189222355607355 -0.223628323421496
-0.473701307498103 -0.616440883105704 0.628973535938077
0.882813937203788 -0.332281790286291 0.332006572409167
-0.212540754325463 -0.859478741433468 -0.464890009329847
-0.616770968570729 -0.161830710434762 -0.770327458609976
0.126901663480298 -0.696589321587555 0.706158116044929
-0.722617885154576 -0.0895559934166522 0.685421852655636
-0.724112567136523 -0.538621564348063 0.430752597826408
-0.192130790556534 -0.385718692216626 0.902389522210235
-0.0965605392473762 0.872282399070746 0.479374048663088
-0.840766622110206 -0.472593750739798 -0.264133742462192
0.525951404391293 -0.812716603995988 0.250732610180757
0.681252963465719 -0.403100698378843 0.611068103189542
0.359259192781862 0.857428487181148 0.368441612432653
-0.050569385249935 -0.997255204269095 -0.0540813723351111
0.850822484644814 0.516461670709623 0.0967907139691135
0.320748983414414 0.717173049851417 -0.618694517678504
-0.0597293200997665 -0.560174099223988 -0.826218728230614
0.836041388767454 0.54391090023618 -0.0720814044817111
0.45825488525084 0.00597723883362632 -0.888800727249739
0.0777006600630718 -0.480310696141084 -0.873649954271292
-0.324298842976779 -0.115189811533394 0.93891510146702
-0.986480603968522 0.00899957079114991 0.163630760309534
0.431614364083402 -0.15865795781022 -0.887995885767705
0.781433238183354 -0.567692844700772 -0.259011444414765
-0.892796943641982 -0.307034530534761 -0.329611004796311
-0.0336581636080205 -0.991304344281023 0.127211733075633
-0.542900689609759 0.283735634957413 0.79041313923578
-0.0373428369033489 -0.630636930450441 0.775179059626907
0.505803870913176 0.821031800010266 0.264705926531971
0.86651969633516 -0.203965352836738 0.455567504005068
-0.488123603967243 0.442459340115602 0.752306506415102
-0.167081142082133 -0.961340279551319 0.218880695523205
0.633615024064129 0.708324567889148 0.311140334583714
0.672674351961126 -0.628190253421617 -0.391006677333987
