# command_history: dirgen -cart 0253 dir0253.txt -force  (version=3.0_RC3-1000-g3151ed7a-dirty)
0.804659007628872 0.540103849373284 -0.24660031089575
0.274842950273006 0.205087139814827 0.939361814088588
-0.500523665443597 0.763716956596846 -0.407691636580097
0.768382338270675 0.638712696871362 0.0404310906234527
-0.597575413484626 0.318897553961441 0.735668386758659
-0.411208035839946 0.899219370170031 -0.149373610693678
-0.63468422161347 0.772667980031809 0.0126543063210752
0.1228968558773 -0.262392474826461 0.957103208630041
0.0841663593045781 -0.926630261530644 -0.366431961456779
0.481028029489549 -0.584930238197388 -0.65304567320192
0.751827492502988 0.263701601278354 -0.604331768981163
-0.0531380097253638 0.14173522311212 0.988477353535115
0.863562467136077 -0.0920560191454137 0.495767641837335
-0.96864954583684 -0.24675426549831 -0.0288164850124432
0.179465042329015 -0.979830524490422 -0.0878888039437861
-0.624713510033136 -0.413997059047676 -0.662072099912052
0.742095238233252 0.534489840111686 -0.404493841991343
-0.374772992934353 -0.351127337439167 0.858052910180898
-0.351133142814219 0.813202485065129 -0.464119849070591
-0.258136139170274 -0.960668067126925 -0.102384561613963
-0.911836519977428 -0.272579584389978 0.307009008026216
-0.501257273792135 -0.492632126853899 -0.711375240686574
-0.11750184729482 -0.607812996208734 0.78533857508852
0.749067166466161 0.363373033545937 0.553948028802324
0.170644409817389 0.814005902129172 0.55522506850551
-0.654087484605626 0.699288069670815 0.288384739711293
-0.404488372985003 0.804154276475353 0.435574397487211
-0.356109867214662 0.884855151588694 0.300361653976177
-0.336652831387234 -0.742294712406665 0.579364678809525
-0.0841906580877277 -0.889163172489195 0.449778596400168
-0.895336576434087 0.181748990252569 0.406619870937783
-0.332291449765055 0.666361105539627 0.667491774808532
-0.653404286111408 -0.390896302703204 0.6482768848449
0.601943417733345 -0.643168665050992 0.47328447063476
0.33008271534055 0.204017927041665 -0.92164097482644
0.772668391376885 -0.583101945376802 -0.25094955322703
0.399765359574864 -0.614422174291711 0.680200741709847
0.825957830531732 0.121859616362348 -0.550403393960589
0.0486266215071816 0.295756081719577 -0.954025047787887
-0.101908427116385 -0.444562102499431 0.889932137583507
-0.505000023985417 0.451853019474147 0.735393652792043
-0.843989268954889 -0.27038224763988 -0.463223006823063
0.0447153476589764 0.729845205397652 -0.68214845440109
0.671356806671307 -0.267916248573944 0.691014415107362
0.436696616491472 0.0839295812442848 -0.895685151455052
-0.16511275403249 0.263653664304473 0.95038125179037
0.889890513325707 0.41156345149155 -0.196749586249307
-0.201944253077996 -0.916205502471776 0.346101135348053
-0.982408373454787 0.0241859895821338 0.185172421472132
-0.103450804114125 -0.982342691288857 -0.155887036021302
-0.311155259897085 -0.920726556934448 0.235467644473747
0.385283221364085 0.848775110915924 -0.362129328313758
0.0486400116567081 0.450390855926447 0.891505595138851
0.429560131499241 0.23027061574555 0.873185854758608
-0.029267737016025 0.998821009855979 0.0387297022999486
-0.290028852393837 0.78209956801196 0.551546489876075
-0.891847975005518 0.326048872154741 0.313527227597826
-0.473875236113699 0.21246481405179 0.85457648188335
0.664550039092266 0.74711255371455 -0.0140027720324219
0.593083856392527 -0.789166038542232 -0.159588542502678
-0.839381637836845 0.535377561208764 -0.0938580471589505
-0.235660845595149 0.901447871153036 -0.363119403842645
0.74510900022229 -0.353966707061891 0.565261132645347
0.709796038133868 -0.099659123636368 0.697321764557436
0.905810726395679 0.124252328109938 -0.405053437099097
0.14807278648991 0.806759499074502 -0.57202583906164
0.394619045252277 0.896992125365171 0.199200743364715
-0.156398314770957 -0.970482390507791 0.183585121540632
0.274428053807626 0.589771944826431 -0.759511880340925
0.400310773711402 0.626387939144255 -0.668871762107799
-0.683461812617904 0.50623330777313 -0.52593515645384
-0.207624086178222 0.943836887150249 0.257029510549251
0.542611892223038 0.83402999965577 0.0998313282107926
0.528205586244695 -0.0429413845730055 -0.848030008991929
0.496322957640916 0.766678962266551 0.407267590825072
-0.928899341034674 0.0112188612930205 -0.370162331115196
0.537107241480747 -0.327311022012893 0.77742093232548
0.557661254274244 0.754193351510124 -0.346707822264228
-0.515746330157295 0.795998775583655 0.316846448928507
0.113664130731843 0.174152042435415 0.978136765233036
0.25039824978151 0.61220142476598 0.750006754650157
0.935819508878333 -0.319292584082967 -0.149312064322804
-0.999525846592266 0.0202630028591424 0.0231838889995718
-0.544993760165232 0.83279279562992 -0.0971491684363007
-0.238038642616308 -0.935346893383693 -0.261655868764413
0.587314153624317 0.106880295110188 -0.802270956391737
-0.370245258091247 -0.86052993363991 -0.349866663417134
0.454013441176725 0.755820813240572 -0.471812137935459
-0.163374876374328 -0.171208528545317 0.971594714643416
-0.749566946053389 0.66071512772456 -0.0400613701727169
0.922011802968696 -0.172736034576086 0.346491699100199
0.852814261524968 0.514425063660799 0.0898592745196975
0.0310265464370482 -0.687182476263842 -0.725822015188355
0.0529928773983295 -0.976905159568635 -0.206997739488203
0.0698555104414966 -0.406986200046907 0.910759266015085
-0.759188369790437 -0.616989585273223 -0.207260393802856
0.949776534683392 -0.244430185508715 0.195392984973827
-0.809557673675332 0.462702291402221 0.361279618196928
-0.956000661308028 0.292339468871913 -0.0245024594337081
0.52631009896053 0.372746679004522 -0.76423660801041
-0.212118080595799 -0.706244373464809 0.675444153748963
0.00556702021125596 -0.142438646873931 0.989787977378333
0.980508324379306 -0.172650850935016 -0.0937822450909569
0.561709800897804 0.577079360693971 0.592841893793266
-0.789549218817018 -0.176303857253844 -0.587817132263813
0.13150176509449 0.714843642904275 0.686808453629088
-0.525353650803965 -0.811111283891587 -0.257103144147804
-0.121738390536694 -0.992495902195765 0.0114738134092167
0.816939286370074 -0.181733163903425 -0.547341995029438
0.756040470157089 -0.618284074950609 0.21477339254926
-0.108009082005318 -0.0168003097962758 0.994007941515116
0.243398901590386 -0.875799269219867 -0.416812445517815
-0.691933139472497 -0.108306930732985 -0.71379138356731
0.967248538924137 0.0788501632509552 0.241273528809981
-0.269985617151112 -0.839246161952723 0.471989031842009
-0.601481709839195 0.586728050117716 0.542189955581972
0.40294468714324 0.616771948573837 0.676186322366453
0.219496316181395 -0.105718956567544 -0.969868480467876
0.669103263489433 -0.0240752365148195 -0.742779378937344
0.363429884187322 -0.527587382264098 -0.767834795613813
-0.84752037886487 0.265889211557672 -0.459360571431623
-0.832145221042387 0.486283082573693 -0.266576620690833
-0.0447352806843601 -0.883431822953101 -0.466419305835268
-0.620778913792118 -0.646673376415032 0.44322351520092
0.731498288832336 0.574519843934397 0.367201855061983
0.82115340765166 -0.327575343869781 -0.467334436127556
-0.25013177834212 -0.466212517772072 0.848575265805004
0.0240824053673569 -0.828257162336053 0.559830430390088
0.873141675635129 -0.0288083370683982 -0.486614522989638
-0.632109344234164 -0.249616845491747 0.73357290529204
-0.582044009760456 0.170578432327415 -0.795064632043642
-0.626348904742541 0.455102230792193 0.632905213326442
-0.719528426951747 0.682291464263712 0.129449606415873
-0.0777483275742329 -0.9454994676153 -0.31620555703307
-0.548873286566645 0.568893927380822 -0.612452295842504
0.112298100400773 -0.41146238791938 -0.904482083832543
-0.0406181756020178 -0.953552005640579 0.298477363211338
0.915335331984328 0.377186856895504 0.141036537841902
-0.916882210314583 -0.17555063778121 -0.358481500196671
0.407621393586904 0.487804168165567 -0.771940342909068
-0.330307476576731 0.508980804135157 -0.79488081618532
-0.214485168979789 -0.320791951872227 0.922544652524591
-0.336399148546487 -0.80212525624843 -0.493386953765085
-0.866789975601246 0.456416058609987 0.200896788526139
0.242592593195915 -0.642657315955144 0.726732693619746
-0.0773977295949378 0.907282907879471 -0.413336807607694
-0.173794413128747 0.109596895134328 -0.978664407517791
0.659805652398305 -0.734195506898542 0.160042052952466
-0.959999723127378 -0.127040991042205 0.249521778990077
0.660895418425736 0.735214567271378 0.150588133582405
0.196653115281384 -0.640582804546197 -0.742281094175148
-0.0640097529317265 0.558886733538626 0.826769841373126
-0.887207862390601 0.33870056994249 -0.313279639991067
-0.38262918667973 0.0752479833511356 0.920832583319246
0.00813459729213613 0.795886232396006 0.605391553797528
-0.918360405926651 -0.394857279532413 0.0264932751183891
-0.118716037042365 0.850358212252376 0.512637701894719
0.602851335602499 -0.170931556228026 -0.779328345594941
0.439812783401529 -0.210516574311115 0.873067859617403
-0.462536290057741 0.868254692616073 0.179426779299494
0.626708843530115 0.756945038154502 -0.185122215453533
-0.802079710879446 -0.432396558436502 -0.411948241467072
-0.269382252697065 -0.960992855814738 0.0626572661779101
0.72812061760924 -0.462936660363082 -0.505499767264254
0.115375699876671 -0.960689013136489 0.252517460617692
0.323647870556876 0.356205548367796 0.876566975875773
-0.837104823581464 -0.483484530159489 -0.255926207007225
-0.843884215116257 -0.530683987426784 0.0789552846010231
0.821211186264024 -0.564950374313003 -0.0802699328418316
-0.717563557085238 0.179567137675028 0.672947386212606
-0.974415925568082 0.0736614155618081 -0.212338408811804
-0.209126006623955 -0.8861782019591 -0.413466452963303
-0.22646280434257 -0.0476136357501585 -0.972855354068605
-0.286012467451198 0.239567359738303 -0.927795423900386
0.282541546607012 -0.379820756522557 -0.880855531489444
0.333994617186076 -0.0832047754399804 0.938895394085363
-0.640161415191752 -0.703724830465583 -0.308163472017498
0.72408099601598 -0.324824766006299 -0.608436999694676
-0.408522674741315 -0.911687351733648 -0.0439931461831263
0.464843141219525 -0.885027575141338 -0.0254370851437184
-0.782605053347479 0.0286444090101272 0.621859170799506
-0.010655638963901 0.541742293390368 -0.840477093626243
0.838918675350653 0.409295939209413 -0.358737076832865
0.720852389602454 0.119888741402372 -0.68264084414089
-0.000639525488350785 0.991273866490608 -0.131816966358321
-0.234247279444112 0.389138288855524 -0.89089820081737
0.457044005482562 -0.698990284902994 0.550021234738884
-0.759669085646451 -0.402897910589499 0.510466604153202
0.302866998231652 -0.737757976473736 0.603311486324873
0.266878523180137 -0.942439930662434 0.201451808029054
-0.544034847494906 -0.836647169181867 0.0636207435602817
0.384862634584942 0.0764800421088924 0.919799736714117
-0.173383867562097 0.529926291172206 -0.830130206891473
0.940000235637611 -0.0273472959220657 -0.340075995046677
0.951278983759083 0.272957568292894 -0.143396167905272
0.698674306192778 -0.590206791635015 -0.404363891778114
0.324804508394017 -0.22899581242303 -0.917639879920025
-0.992427965641193 -0.0849881369146615 -0.0886777852512033
0.387363215999928 -0.867517143062454 0.312031641637433
-0.954015294195796 -0.230658991184577 -0.19144515722844
-0.480421011242776 0.475882164702806 -0.736703344144873
-0.483196244914159 -0.364481084258781 -0.79603701428916
-0.325495006949414 0.936126577164216 0.133116610450424
0.159534722094655 -0.754019392071101 -0.637183983498415
0.290746497091772 0.723108924395188 0.62656201439993
-0.358905481716556 -0.492475495312649 -0.792877507380786
0.950392345370884 -0.178907024958808 -0.254453662345072
0.2056442661726 0.478842263021301 0.853475554972122
-0.517367672528214 -0.64305738309513 0.564630758522401
0.869339600148955 0.0835608305952702 0.487099832891661
0.695336680355955 0.655866035728454 -0.293847994938547
0.890463328156144 0.334730851643209 0.30826987878691
0.988112562100086 0.127671418199962 -0.0856362866710903
-0.691809898710664 -0.269048879076028 -0.670083401312011
-0.0937279310709088 -0.593186728832962 -0.799590257365369
-0.138829045467968 0.752626223281605 -0.643646070572424
-0.900281920018052 0.434396670306563 0.028142446858472
-0.39058601340775 0.364022883429254 -0.845535278075429
-0.410240011910453 -0.904756586000623 0.114536687206362
-0.536269589284287 -0.513488964505171 0.669883580139318
0.845376125999518 0.268821938977821 -0.461599361691773
-0.449291200473429 0.702978293505371 0.551324710164002
0.687019447295737 0.508810831835736 0.518763738559362
0.58380261976825 0.24799571051744 0.773092897856835
0.535536529097062 0.111952430040128 0.83705870726657
-0.784061830410224 0.190040487472493 -0.590873640650001
0.565184760111045 -0.700615499984691 -0.435550350842956
-0.746775631522257 -0.652223266773852 0.130119047196705
0.429200469499046 -0.359758157596167 -0.828469085135233
-0.192453027081123 0.837007556763022 -0.512230594838798
-0.98769019297735 0.137518739258492 -0.0745431354929535
0.620964486681881 -0.423765623775593 0.659413225819736
-0.483525536581968 0.0502389408983242 -0.873887352174486
-0.530433722613947 0.808089727379089 -0.256185593697811
-0.164574463923388 -0.331189677472152 -0.92910098663182
0.789315150259314 0.00661788546470985 0.613952601723531
0.0600741636665624 0.0157978750175048 0.998068896421832
0.00235593652436635 0.297579220161196 0.954694221880151
-0.650659832534574 -0.524336427275921 0.549284164488294
-0.156785092686629 0.984309652519121 -0.0809502481091494
-0.487774150008173 -0.840321997560149 0.236506488283779
-0.277170727601627 -0.0498561512142027 0.959526316443114
0.729382920564724 -0.57073203308147 0.377180993162653
0.63969266672378 -0.697917602911702 0.322031538340273
-0.606297703569629 -0.651029638866855 -0.456687534275993
0.798051780505384 -0.427082872408801 0.425104193965708
-0.0743360481593606 0.654525561524365 -0.752376528910402
0.456842221301173 0.700720027638047 0.547984149135305
-0.22251061880317 0.513083253430053 0.828996139658963
-0.906324183253877 0.39653841743006 -0.146060803610199
-0.311527542512217 0.949788949840009 -0.0291811757493015
0.488193839152723 0.232255736998621 -0.841263364259108
-0.619404111360789 0.00886678231846985 -0.785022246182023
