# command_history: dirgen -cart 0282 dir0282.txt -force  (version=3.0_RC3-1000-g3151ed7a-dirty)
0.217929460212825 -0.730135174018897 -0.647618234789403
-0.372772329862765 -0.201590843665853 -0.905760410836539
-0.0307799821838706 -0.665252393156604 0.745983810880753
-0.272600917193078 -0.856383364182073 0.438515990013691
0.532622337571106 0.798242870635363 -0.281285913262833
-0.178082602915258 0.177248786862412 0.967920169277782
-0.435122044442511 0.516615075712862 -0.737412821956849
0.407932166075536 0.836925106076172 -0.364894114367866
0.461891247926521 -0.538512368162756 -0.704741728879893
0.956866842552989 -0.174047884007495 0.232622397234634
-0.485692143627562 0.692698118446725 -0.533172071960667
-0.135165923471446 -0.134783964029894 0.981612681342544
0.654743391899393 -0.74864189664241 -0.10414605780217
-0.893988021172141 0.352189354206093 0.277034432489201
-0.577341173627237 -0.527883867938386 0.622909135592931
0.573993684117364 -0.450129264160796 -0.684043051378666
0.565450645523911 -0.731202292838679 0.381587178013166
0.945814239081426 0.103817120135439 0.307664477503671
0.729580376058742 -0.543492765177831 0.415124185117344
0.492110924456078 0.791148264576652 0.363195899602867
0.298374705731348 0.572925122476046 -0.763367106322731
0.76843485461964 0.462755945350704 0.44200091543827
0.661549414727741 0.545856141662388 0.514192030746135
-0.788101167013933 0.562471995751983 -0.250043605289275
0.610959774734278 0.618338090412614 -0.494354285509413
0.650056322444875 0.114054864853496 -0.751277755196236
-0.0159758167052667 -0.911099527395549 0.411876710266806
-0.485295456726585 -0.657957719543393 0.575829800352321
-0.33133000116992 0.511799111437944 0.792642479214981
-0.332938218359433 0.638490081310001 0.693889442796469
-0.587951809069264 0.593535439356424 0.549571062229587
0.188470020015392 -0.327682845420486 -0.925798576566486
-0.233557884298942 -0.281130378824763 -0.930814925097168
0.648945935527467 -0.716157243432136 -0.256881247743126
-0.688235616294613 0.335746257851646 0.64312221762445
-0.129897496892426 -0.854251115705952 0.503370312609135
-0.760204354262693 -0.0636538814403551 0.646558213262826
0.719988899758322 0.265219866367881 0.64130679608796
0.239738710065597 -0.826382156597845 -0.50952711620951
-0.893808248339502 -0.398762409349747 -0.205171528458155
0.766451664399352 0.325720516576534 -0.553586480344832
-0.58687976990796 -0.680026250742116 -0.439472904710179
-0.944507644524034 0.303222360597798 -0.126338867610727
0.380505143292199 -0.122248959928493 0.916662984812076
0.860399257577146 0.363662489599113 0.357019202871878
-0.276256799212349 0.959238942973873 0.059521686563093
-0.909720875416734 0.395641901832969 0.125997675950801
-0.737778073288776 -0.636899308743322 -0.223702447676775
-0.405027894424995 0.869240673700204 0.283501421377162
-0.26285402494014 0.893136088031409 0.364987246117889
-0.280159139210422 -0.941669826999466 -0.186463920466323
-0.303173751754382 -0.628360156622716 -0.716414118939771
0.877037010345042 -0.443574882300267 0.184519392686335
0.813949639433161 -0.451592165603369 -0.365445618980835
-0.526609915129125 0.842226525373371 -0.115483666573218
0.771375317772857 -0.388774841350873 -0.503819652121101
0.624414841509258 0.723376838739636 0.294672792904299
-0.451127590249305 -0.548059302439836 -0.704354242072138
-0.430783355080446 0.792404082510588 -0.431881315879938
-0.706719541289923 -0.601367604795058 -0.372698931930339
-0.933127897637495 -0.307645874332473 0.186081548405091
0.390325642982778 0.192506896985179 -0.900326044854429
0.607564444905842 0.34449422570114 0.715673929764686
0.24051972135669 0.777201885275928 -0.581470113730743
-0.500012151985501 0.821767291481217 -0.273288065086007
0.0254324421343761 -0.547374009964411 0.836501574477037
-0.537958343629082 0.84198224979692 0.0408253787094564
0.621704362268035 -0.753037001513688 0.21545059825438
0.0130956888859361 0.931633552164558 0.363163086524293
0.644060631434043 0.741404229037021 -0.188429488676275
-0.930461330434072 -0.252786372012205 -0.265218330233344
0.423328160984976 0.905033239881808 -0.0413292006469612
0.0183678040200022 0.994189665837817 -0.106063811532363
0.92916542987524 0.207092607440234 -0.306209496698529
0.466830045972378 -0.372693405535971 0.801978387269525
0.78710554995937 -0.242678421240601 -0.567073220217043
0.0439017764180908 -0.268793737862198 -0.962196736906442
-0.309323054651707 0.0752631408680618 0.947974001482958
-0.138615984581126 0.980855205667562 0.136779656138803
-0.448328187596673 -0.744464783016489 -0.494746422983021
0.142235475617498 0.57641973025672 -0.804679665485983
-0.0706244701187146 -0.500473317359288 -0.862866526660897
0.649074495412532 0.74804804283585 0.138298318913939
-0.81974695194898 -0.1682133114671 0.547466178513001
-0.170721204243912 0.495060530426297 -0.851920971473024
0.796363593683464 0.421097374175043 -0.434145169405861
0.274720039092833 -0.937206484867741 -0.214878814317943
0.0185621052662741 0.964854235309337 -0.262129267449703
-0.841984253903531 0.535251837519214 0.0675868819433181
-0.722287616391709 -0.563363244539247 0.40115141020492
-0.98060441824631 0.0235186262069244 -0.194581214759174
-0.200806551308738 0.608742391033657 0.76753464437126
-0.249243223717782 0.0384744193711518 -0.967676358337239
0.7230455441902 0.115360994766203 0.681099832559992
-0.131344560635939 0.947401430156341 0.29185464966156
0.712947711802087 -0.541249705677923 -0.445818703443148
-0.531098224413006 -0.821545409013969 -0.207359149673757
-0.589888202658457 0.293395521830168 -0.752297132876617
-0.781626129501956 0.093219216280816 0.616742062288427
-0.85694506397647 0.295797317634209 0.422077130637008
0.865875924365617 -0.144683774646545 -0.478879409620017
0.614093490096214 0.041123047715822 0.788161202018986
-0.409775685584121 -0.669392875152159 -0.619674968188638
0.155605507395025 0.923205851009081 -0.351394198487873
-0.15618192047616 -0.889450718371307 -0.429516736932502
-0.847612286862963 0.318940685675351 -0.424063969443143
-0.385863247002573 0.817119718459107 0.428281356491199
-0.178092486568901 -0.707107250339786 -0.684311626924907
0.392727293467704 0.452793660229099 -0.800464349126098
0.961468992852079 0.0592135213059639 -0.268460676223833
-0.361706951813365 0.289307690598325 -0.886266969468313
-0.124827078699404 0.937087493522303 -0.326014155992436
0.38148028564453 0.767611723296722 -0.515019450042428
-0.0256706842308577 -0.234477527865006 0.971782539922093
-0.189937425889581 -0.571221071985391 -0.798517539673551
-0.4486024594158 0.113765058838984 0.886461135523413
0.645847661965916 -0.76162181426752 0.05303781259641
0.189576232651166 -0.797788524704203 0.572358560575522
0.479421057448172 0.41542563187876 0.773031043395677
-0.988903139447983 0.130797435002139 0.0704458074464583
-0.49573087944024 -0.272251826082953 -0.824699847437783
-0.755831789604834 0.634947840934715 0.15987352850018
0.215671044785595 0.429961780144958 0.876709112565661
0.95276591478166 -0.245166648794678 -0.179249619104349
0.525706832391569 -0.779875753251811 -0.339744221241132
-0.500803767498326 0.721277419461586 0.478491871022193
0.00775986036346617 0.998743340405284 0.0495128727022959
-0.250759981232315 0.197860517340841 -0.94761313176316
0.0576763771727316 0.64326552205271 0.763467683438194
-0.851922974264217 -0.00809544250825608 0.523604535629138
-0.694848863058392 -0.47991713230932 0.535597426825838
0.129842391791395 -0.878824191820932 0.459139404935119
-0.529719970852324 0.575786281884156 -0.622789619433588
0.321860140708434 -0.226018222136812 -0.91941384212185
0.0836758201923844 0.456385032866824 -0.885839183424553
-0.984527352567761 0.154652494069436 -0.0823923426297514
0.270042292001179 0.90179663882359 0.33740181199458
0.378955507324478 0.0404947541978435 0.92452847352091
-0.458538507003349 0.405751445441098 0.790637845108365
-0.698107174031949 0.211513872575647 -0.684038197232566
0.615862253596373 -0.624617090937354 0.480174108323381
-0.13489741839412 0.62876937854254 -0.76580138098454
0.93839745352137 -0.0460070216553778 0.342481493197823
-0.445076362166384 -0.561165516721269 0.697854064030359
0.134125712945259 0.331119847886994 -0.934007462209066
0.690535794539376 -0.355667602815313 0.629810187887972
0.653001324352754 -0.501392821441431 0.567621801026485
0.970092238933431 -0.0910441359965463 -0.225015584486419
0.538211400811862 -0.820385538670454 -0.193121868198614
0.752031302173804 -0.659089515036403 -0.00706623802682252
-0.162478821983882 0.023360520868318 0.986435460874907
0.355146309550794 -0.74447790967615 -0.565352757857147
-0.457531856595412 0.262836060193047 0.849459713972683
-0.0796430687220563 0.739590826929603 -0.668328055917242
-0.347032644052264 -0.677844763219721 0.64814722165392
-0.979182870153304 -0.127590229699855 -0.157865892717449
-0.906548545978133 0.320026665583179 -0.275232024119007
0.25118000077682 -0.933817339655168 0.254742582559536
-0.894551601983964 -0.430932604753317 0.11863608872702
-0.889593523594784 -0.061967963344318 -0.452529926410589
-0.684331905929487 0.65541645064345 -0.319560821680098
0.329496592026545 -0.443302909377327 0.833615334780071
-0.667410501376438 0.473746770060017 0.574566985224658
0.906587649362324 0.419313747695788 0.0476950208827826
0.428164333849288 0.0389655162086594 -0.902860449773933
0.51192004973266 0.739174738965352 -0.437674043047123
0.389490876725041 -0.646004156253946 0.656487232968461
0.246404069640563 0.124294307576038 0.961163856774048
-0.837403023304104 -0.546550990617585 0.00617990421313678
0.365299021165461 -0.873319474964811 0.322288255731952
-0.295688452513959 -0.946902108191635 0.126272469494095
-0.0879051489542234 -0.354086385089274 -0.931072240313149
-0.796090630803722 0.258447118388249 -0.547215491870747
-0.583126680568692 -0.484174180127412 -0.652333225971885
0.759355269082079 -0.416168096259462 0.500183657243076
0.576281250097916 -0.154644771374747 -0.802486707349122
-0.617443994463074 -0.19670914795363 -0.761622232351998
0.904530041552668 -0.193364093794811 0.380047011775701
-0.815343955797811 -0.176271835906278 -0.551491136474746
-0.826712221698335 0.555595139097305 -0.0886619642577876
-0.580327664695937 0.304729875500615 0.755221493712897
-0.145828385543966 -0.982463129662342 -0.116190708852802
-0.502454735025722 0.0434981144208798 -0.863508629541164
-0.649955805185611 -0.759678545285912 0.0211177446192692
-0.532275279575339 -0.423329031004474 0.733127245614162
-0.359866150113073 -0.353062378975102 -0.863622203602499
0.156645727345843 0.986844067192382 -0.0400112878009248
-0.689793420918966 0.19274420931773 0.697878718855499
-0.885046806438999 -0.21503955589451 -0.412856076390819
0.469431107056363 0.310603233018326 -0.826534976493071
-0.606987678162215 0.128671389712156 -0.784225498201114
-0.407704188158731 0.912904124838306 -0.0195794231538419
-0.87857378293207 -0.364772788498241 0.308300049814543
-0.0645688673497833 0.563811016156989 0.823375976956572
-0.820273602418244 -0.549767508432739 0.157819212542247
0.100297532224474 -0.804658844821129 -0.58520470647527
0.291133391839373 0.956147374995893 0.0319928967829678
0.999052484955109 -0.00309406055525936 0.0434115087770758
-0.401465316513288 -0.871779788977552 -0.280758969878327
-0.678300373211677 0.0417415842685349 0.733598148746064
0.811213696384888 0.0278170856536011 0.584087791811563
0.989006959361948 0.147759607435691 0.0056861888892981
0.416612132501255 0.900949737768396 0.121342082839449
-0.131548205286457 0.991146983456052 -0.0179646005210222
-0.923637535690137 0.195569771113576 0.329615180613445
0.953880073653639 0.27708921287246 0.11547455648864
0.328452049368568 0.830128381861927 0.450562005602876
0.42264404437467 0.882947390269313 -0.20439157950178
-0.601003750310952 -0.271876043742723 0.751583600773045
-0.818190009949856 -0.494894847686456 0.292650298738366
0.285437473828806 0.0779860532949561 -0.955219149737748
0.540210055186026 0.840119899464003 0.0486995975394588
0.541320231590133 0.615473726285614 0.572856438493367
-0.826770761859224 0.447173921147934 -0.341299855815819
0.296158774390473 0.75667878354537 0.582861217515655
0.393449882707129 -0.903170562138676 0.171697773671805
-0.117941375847527 0.890002631550318 0.440437450379393
-0.322106169597625 -0.340021281209384 0.883534461032435
-0.730345198548937 0.666006973653285 -0.151758367155508
-0.292593938352078 -0.913249107163859 0.283486958260932
-0.49008965466568 0.211629598681819 -0.845591534578869
-0.870169987003168 0.0965439972118343 -0.483201252400352
-0.52658053062785 -0.15626989068205 0.835639076413922
-0.020531774900538 0.831475540842599 -0.555181836158155
0.0162887150849112 0.047023038812466 -0.998760988215761
-0.858798220103206 -0.269541347842323 0.435675428445201
-0.993694415870995 -0.01959758115467 0.110396298306091
-0.657055849341614 -0.379993810572369 0.651062450746978
0.166712275878532 0.814095025710942 0.55628797055491
-0.411845074663245 0.901423300582879 0.133490327896428
0.802185845048672 0.321904255428403 0.502867298937438
-0.272610989604703 0.858257870851875 -0.434829478609201
-0.900850781434093 -0.109385414656468 0.420122244888337
-0.832873576604671 -0.533609400292285 -0.146910221950182
0.629292741283967 0.692952201091364 -0.351863457565494
0.235498819621595 0.456052752189243 -0.858228520370567
0.195145338807548 -0.473804443459977 -0.858736074762944
-0.338619569934563 0.760606569607334 -0.553908325562539
-0.788787340291309 0.122733578770307 -0.602288137388074
0.102965596746574 0.201485818267534 0.974064449060576
0.00140593909794759 0.978615738075502 0.20569214988957
-0.541719997057722 -0.832530200720434 0.115900430008588
-0.743215616735135 -0.66290463333041 0.0904875358825065
-0.0406150318133732 -0.764187175909519 -0.643714516976457
0.837287472768419 -0.50074087164262 -0.219563811707809
0.0568519634948291 -0.418940663838866 -0.906232075369788
0.0303535811254031 -0.113929318082045 -0.993025060405942
-0.220631628286199 0.361485772307239 -0.905897191197334
-0.570351111840886 0.439053572554618 -0.694212913772779
-0.336493907209404 -0.495512754930508 -0.800773975671117
-0.0218995420865104 -0.860327187790731 -0.509271577848689
-0.120536357632898 0.977706796262741 -0.17193140210631
-0.924244909011624 0.0429490671667353 0.379376759693583
0.243316556596259 -0.696716954573766 0.674820374985519
0.959432980085078 -0.280738368865298 -0.0259677679425435
-0.974868404875041 -0.165552963997433 0.149076521585588
0.751670843954792 0.656069752266483 0.067553108805495
0.114745433805497 0.0436527042801544 0.992435351461151
0.286468976945444 -0.575258295024181 0.76616800980836
0.159250750894945 0.967299243591723 -0.197411680724005
-0.627157642013017 0.665285777928206 0.405053238168928
-0.718304417857422 -0.222450010302111 0.659207673046287
0.138255823843804 0.952282507168867 0.272109084217063
0.500218292948409 0.119527792700893 0.857609914921599
-0.731383898152313 -0.631773881427595 0.256786596748034
-0.742779378833325 0.595147774753736 0.306721242475404
0.0803787961596721 -0.694764423080155 -0.714731869689621
-0.700293084398752 -0.408592508889545 -0.58535609471725
-0.113296415949614 0.269806251743452 -0.956226180698438
-0.265851378745424 0.959151635034289 -0.0967015275484676
0.0489873427232419 -0.397297137928868 0.916381593249475
-0.904840384844525 0.424767556158354 -0.0289206014749215
-0.241664386884685 -0.230935836863205 0.942479158052814
0.954708467529339 0.295388128807514 -0.0357434663592871
-0.464793797428467 0.645237119027813 0.606329766794204
-0.709602791061068 0.0406945291403262 -0.703425784440966
0.0880108692197181 0.765234062043456 -0.637707548322632
0.197915470816557 0.68161656652028 -0.704434754009599
-0.326911586195617 0.372732492049612 0.868446488956891
-0.809891665779002 -0.505749237298414 -0.297141714799163
0.559762383870024 -0.000369429724147826 -0.828653086113741
0.111354206157047 -0.120181962761448 0.986486967272219
