# command_history: dirgen -cart 0299 dir0299.txt -force  (version=3.0_RC3-1000-g3151ed7a-dirty)
-0.539906243517694 -0.708120265808041 0.455046082680163
0.384728586137041 0.513351521851157 -0.767107639136839
0.554031137606596 -0.550044551045085 0.624900384403748
0.294556112917486 0.446354554348951 0.844987756215965
0.820778809756811 0.462984641590808 -0.334615252349955
0.910202847171257 0.254210595042901 0.326967506595491
-0.571629216362638 -0.273371358152897 0.773633078107624
0.889061241721263 0.147885486115995 0.433243570598897
-0.135859928941943 -0.970029941511721 0.201454690386344
0.163520960777133 0.396769105306055 0.903235945067044
-0.0663267799332475 -0.116608258830658 0.990960782390589
-0.620440918946555 -0.708972520560566 0.33527754351694
-0.817142191642735 -0.351921657738266 0.456541110363632
-0.528262916182391 0.837090626102296 -0.142188519501896
0.636343580749623 0.746586696808345 0.194100879409528
-0.382423562350807 0.387193806503192 0.838947659371243
-0.524404832824702 0.338466211446789 -0.781306722752949
-0.190286535144727 0.19128245658826 -0.962913317149667
-0.259599869474092 -0.131172950202366 -0.956766201798664
-0.952292126955117 0.0862534584297321 -0.292745701673329
-0.749934719203725 -0.353796096254608 -0.558951016823326
0.717048104530808 -0.451729801392454 -0.530831613906623
-0.812733972857829 -0.204172095946587 -0.54568969625558
-0.016096933833842 -0.368927902300313 0.929318616850776
0.835969104138606 -0.490818098652924 -0.245465376296585
0.887473159563535 0.325645055840683 -0.326108400169078
-0.926293208908536 0.246340264597776 0.28512692817029
0.649973833401324 -0.285023188617034 0.704482645523768
-0.896133723576498 -0.436130431356329 -0.0820645862346463
0.296393590243785 0.871666572284408 0.39031810927031
-0.609487969705209 -0.265890382133935 -0.746877981649809
-0.375975516286797 0.519487093339558 0.767317125448464
-0.369940431519211 -0.157164369605258 0.915665571076014
0.208460248399032 -0.972915868812086 -0.0998951302668851
-0.429933832608585 0.244617391713918 -0.869091037377312
-0.310915858666791 -0.69530459134788 -0.647983683498319
-0.763273168604419 -0.460532531582518 -0.453126756485167
0.666985305980176 0.594387333190551 0.449259724156479
-0.687283291259136 -0.0058596171431585 -0.726365846142937
-0.0831193321378132 0.472208576963129 -0.877559249548098
0.933507392506494 0.17888876131472 -0.310745489445963
-0.0385334323252981 -0.900027715703605 -0.434125886763946
-0.846654233124009 -0.413973837894266 -0.334368466025564
-0.0916351026200678 0.0829368984136674 -0.992332846805612
-0.901127224989055 0.190319917638313 -0.389548525005128
0.432143499292715 0.608594093160659 0.665481198674315
0.311057537207015 0.792122243166025 0.525152892430701
-0.127880402025766 0.984443135900844 -0.120491970501942
-0.867434649988221 0.346442492715557 -0.357120045980121
-0.580156102262044 0.0394168878959792 -0.813550985468464
0.424059741681002 -0.736025314023198 -0.527674210666483
0.0494115882899637 0.818440285539723 0.572463093961804
-0.752925586580324 -0.109450822964694 0.648940350436791
-0.929360335223686 -0.365728093895749 0.050322248044986
0.124651971492953 0.614392652591054 -0.779091492987216
0.0739971689784274 0.935359160488267 -0.345872317299119
-0.968520329014308 -0.0241163354693584 0.247763545844714
-0.725432471564226 -0.375675470742175 0.576728419520716
-0.334326522192101 -0.400907783105151 0.852935358631971
0.868512502565723 -0.0660226965560446 -0.491250482367696
-0.284406953891667 -0.296303801573851 -0.911765727449188
0.155955570412535 0.245456848931556 0.956780432162935
-0.486007519762874 0.666586347436973 -0.565207335536769
-0.274869823440548 0.828266828052514 -0.488283362106051
-0.412462499787474 0.60197846146956 -0.683737243534247
0.304445133852799 0.0204996188794308 -0.952309259694113
0.500414894359138 -0.773581603374099 -0.388788421155634
-0.72025384049931 -0.662537203661813 0.205618236083232
0.608865001875266 -0.42194891629373 0.671745875707457
0.871988183914618 -0.48115354779501 -0.0901547034688754
-0.748127672283851 -0.63066207684414 -0.206325787999907
0.515674078952106 0.152975038315603 -0.84301772338975
-0.789582659551065 0.0413669054562738 0.612248317979918
-0.21759692733418 -0.146579390524893 0.964969460391403
-0.661927091335736 -0.496481784275803 -0.561567772969682
-0.228349477714713 -0.507815287967208 0.830650437509184
-0.809097574703061 0.194915748782285 0.554408662888907
0.280109279986026 0.945720617850964 -0.16477652817468
0.17731718588614 -0.565766933376751 0.805274110279777
0.824703537400252 -0.541845553909551 0.162072425501575
-0.737271783444629 0.666966377026799 -0.107639069357378
0.721195805942498 -0.169223181144034 -0.671744091492024
0.413918777426527 0.746119774111826 -0.521513689535612
0.197459830341834 -0.767018338213377 0.610485449659338
-0.379727952359886 0.247852909294834 0.891277519940145
-0.0365334184417682 -0.726954671167293 -0.685712924921947
0.781524467136624 -0.427518353081371 0.454365013007612
2.69113734726636e-05 -0.954659262023031 -0.297700676367086
0.181694282808251 0.9820395807709 -0.0508473145221101
-0.807269708296445 0.341150376131753 0.48159322974076
-0.182560648979845 -0.765744519825872 -0.616690311096828
0.953716774408913 0.287553748069463 0.0879611060768501
0.262993912210555 -0.647862797214358 0.71491817582558
-0.578755605443071 -0.00757201328843482 0.815465887565497
-0.565559303343198 0.671928914490918 0.478178008980979
-0.169817986236152 -0.877201815491485 0.449086658061828
0.321591011130803 0.709658473201512 -0.626868465448029
0.394458039492318 -0.842691902533667 0.366433094144165
-0.0298217260741369 -0.995827717829586 0.0862428029245268
-0.631572220447886 0.696303032730045 0.340996505802434
0.0715397303020058 0.497904414040026 -0.864276148848142
0.155786581852007 0.925278304498526 0.345818738849127
0.467427697368422 -0.870993855633476 -0.151264837889006
0.945429985604953 -0.305207940128612 0.114062507431095
-0.4072215712691 -0.342011055652314 -0.846876041522438
0.137306376351199 -0.860297067856232 0.490954085481803
-0.509371056507353 0.263244180192729 0.819294591943118
0.245995055766104 -0.170086786797892 -0.954231060852349
0.0858465173034448 -0.996135170478549 -0.0185768028073158
-0.639610386234437 -0.505710060529494 0.578926496630004
-0.0421395964673897 -0.608863829838797 -0.792154714133292
-0.500412950822184 -0.831529159477986 0.241135098206935
-0.466847172585178 -0.800611158783151 0.375600172898157
0.974764757196233 0.219293878663848 -0.0417595846331533
-0.524300812938689 -0.509002755160068 0.682660129780032
0.117136392977843 0.971972228052777 0.203835848991928
0.465910068515895 0.884379001655776 0.0283123557099394
0.227576910138693 0.920774844392158 -0.316831873248766
-0.721445896390429 0.562115357310983 -0.404403441697219
0.621540342544972 0.123753956764772 0.773545448421837
-0.172285592007862 -0.66289838326848 -0.728617463588773
-0.329491037213286 0.523738410950809 -0.785578597780537
-0.642285098744108 0.739665148099655 -0.20091122571421
-0.407504037026038 -0.867816513746175 -0.2843148928159
-0.113998775174243 0.278921332788086 0.953523554703548
0.557856704987153 -0.792494908201746 -0.246470519890683
0.10214523535862 0.806081507550286 -0.582922768537128
0.989696554094485 0.122392582887984 0.0743019950439444
-0.485560673099162 0.632724808462601 0.603233080571227
-0.683843451481575 0.582734479800912 0.439065666975826
0.369324877381824 0.0220276735480645 0.929039243813177
-0.91068169570937 -0.353736657119262 -0.213375787075281
-0.817281047548298 -0.571220109850862 -0.0758898901061647
-0.62679056555473 0.288346558494364 0.723871431357833
0.649901470877231 0.604902275370147 -0.460131845674291
0.0235635864020946 0.191115753801834 0.981284630494449
-0.239138962748274 0.586295192627744 0.773996449344102
-0.501271948838243 0.521348308708476 0.690595666301723
-0.299164153100984 -0.583536489583864 -0.754974155069902
0.674455381839561 0.735509522631788 -0.0643092530326076
-0.75535853688223 -0.101744628844394 -0.647365052547984
-0.783473816793086 0.480302583570767 0.394307249001233
0.658690196267588 0.678270149851866 0.325694379995869
-0.843453503461571 -0.0430129405711211 -0.535477426640774
-0.110123188139897 0.773542710618789 0.624103002942977
-0.161420715273046 0.95178233577881 -0.260871113732762
0.714707754903808 0.238270616045763 0.657586449533087
-0.221021513006761 0.697504793911257 0.681642540675842
-0.276613332729593 -0.614612436248063 0.738739884780461
-0.483568969741659 -0.398456176135839 0.779354686392656
-0.609632560265683 0.549842837310763 0.570982482850358
0.599544652662489 0.798296417542749 0.0571755122603004
-0.616549362295053 0.143345399650832 0.774156948074812
-0.534197172685726 -0.623158784151383 0.571232448684024
0.980330738316055 -0.19674974665242 0.0155299937188399
0.623824993474051 -0.424392270305801 -0.656302962374686
0.529890803599261 -0.79721984894395 0.289233899656862
-0.872787013780369 -0.208186002347484 0.441476405941382
0.366809683450828 0.887358872215111 -0.279365151777795
-0.543893981648239 -0.506217113892635 -0.669270924461115
-0.498295375947058 -0.0735624736736182 -0.863880941320503
0.676410412693303 -0.495969017156445 0.544503156667567
0.234120589632022 -0.0310390990382998 0.971711955180775
-0.741569493207805 0.620101495075886 -0.256025042814506
-0.277360543116244 -0.279197916619777 0.919303895606582
-0.109923762585771 0.417054796521505 0.902209545015676
0.761215220616136 -0.213732782183223 0.612266025288475
0.409594013399196 -0.881948134450044 0.233238573841521
-0.361071595506432 0.64355804714099 0.674878020740426
0.909260790867114 -0.370469888496287 -0.189728426729518
-0.976030298362064 0.148014962501884 -0.159550705278374
-0.762679531000308 -0.553564719909298 -0.334493697795476
0.718671436671683 -0.69387671488449 -0.0452379337875655
-0.849619344636945 0.125046507410266 -0.512357629203647
-0.839800954712522 -0.312466501956241 -0.443958378250898
-0.328920027421992 -0.844463991007008 0.422719982320722
0.289385856515534 -0.762723501322881 -0.578367259255343
-0.778144686290478 0.0609611620403977 -0.625119655682476
0.643255797785204 0.13288128395776 -0.754032189624194
-0.996212209885363 -0.0569667923318723 0.0656964036058229
0.889696908566607 -0.403499640949514 0.213605830071738
0.0892502309584971 -0.665598047114883 -0.740954543781674
-0.449493731331364 -0.0270232935308928 0.892874642433388
-0.386453955178824 0.389818616551602 -0.835879648464083
0.337461562928658 -0.71775517357651 0.609054352541627
0.825023467041943 -0.281300086631676 0.490108702321336
-0.549196930585538 -0.831435471830527 0.0842483686332989
-0.117877935936913 -0.259838925378671 0.958430240068264
0.252104841977478 -0.966725986113842 0.0434052580193933
-0.170176881683343 0.00372224294242562 0.985406501829581
-0.438021010478215 -0.711244708403232 -0.549789558966015
0.839814378566702 0.500646330043676 0.209916797246963
0.814577260842805 -0.489296537366242 0.311532959153984
0.284711336051751 -0.939112231806495 0.192373779905296
0.0179489293632779 0.876031798441967 -0.481919209051937
-0.0268802425804001 -0.34105924470117 -0.939657407868786
-0.97398714682319 -0.145403534411086 0.173801179524149
-0.219861059856946 0.845577353156432 0.486477187736017
-0.682742193899707 0.703891007842921 0.19596057191918
-0.178065307886421 -0.717271019475657 0.673657947884285
-0.814259852888032 0.580417407438087 -0.00982471972164608
-0.981603878325158 -0.0211992220296242 -0.189748304451839
0.25585719894183 -0.898427620143742 0.356882200610361
-0.289987810482407 0.294660802774768 -0.910539445098206
0.615492124920636 0.761685615401348 -0.202495598597477
0.360023789804901 -0.826749616335854 -0.432282248841004
-0.939349751212927 -0.288392579633987 0.185611866291641
-0.24733466809255 0.461477580408347 0.851976528279979
0.726828244754389 -0.315303308069965 -0.610167621680626
0.908265598442297 -0.021185278187475 0.417857375996136
0.33039627060882 -0.141389357939397 0.933192024092184
-0.864600325298212 0.367578269760459 0.342567501514861
0.503507709324335 0.224008856048309 0.834445935374419
0.863275808193674 0.501355203583338 -0.0582909841010545
0.843924771286851 0.0845347638282822 -0.529759241649386
0.417739413716013 -0.860098347098944 -0.292787662899013
-0.0740998350161242 -0.995498335720126 -0.0590954992283108
0.138806045819527 -0.336047692676311 0.931560427396353
0.174443620567346 0.389706899904754 -0.904266528966976
0.554371849643774 0.70592045999655 0.440849358036054
-0.250566355136597 0.323464745920191 0.91246208678517
-0.102615872120912 0.546624210721362 0.831066757271709
0.176909816471686 0.855106076220288 0.487336141946294
0.267508927392265 0.931525520419217 0.246372032855083
0.0138600441170085 -0.972966795237575 0.230528771614732
0.555854246803011 0.613091628567703 0.561377512277843
-0.520798145481846 -0.384178607941449 -0.762349059724507
0.119404777272856 -0.916997921309185 -0.38060124997043
-0.430656428349674 -0.281804154147774 0.857392243623745
0.506715134334384 -0.862088911767661 -0.00651773302129821
-0.419176678026412 -0.899055924285467 0.12644903165286
-0.791907126513796 -0.23429231007941 0.563906212427489
0.162051815765058 -0.956883698169998 -0.241065960234449
0.112209420708052 -0.134841052343774 -0.984493238426342
-0.732806940667412 -0.590768688760238 0.337618637059889
-0.497457662301167 0.120289258838354 0.859107891027651
-0.692183690476031 -0.25499893582888 0.675172038346614
-0.932729775751873 0.252830850162974 -0.257083112303644
0.742401997646417 0.484663330960982 -0.462537273646583
-0.171495059724608 -0.535569018015005 -0.826894957919382
0.631654781850216 -0.773622731844481 0.0502006507850152
-0.811266858892194 -0.548704906835299 0.201913369735783
-0.397159052216938 0.913793111932249 -0.085128349140103
0.0111944747538653 -0.0254898262185916 -0.999612401130724
-0.616373652122914 -0.389498165775068 0.68437906150504
0.52913817802857 -0.736009332255916 0.422259459793154
0.936524417566961 -0.349012463968242 -0.033351391210579
-0.037105006840375 0.228695932632055 -0.972790516434515
-0.362129092737079 0.930255945658342 0.059045709079689
-0.890197012646393 0.450980874192406 -0.064540915612432
-0.226777693635814 -0.968910672944254 -0.098914030976069
0.0808379196102917 -0.923588125205624 0.374766868509264
0.266990877957957 -0.90114002490009 -0.341558965056263
0.0417811692168732 -0.986516054497632 -0.158241613102548
-0.611346878048221 0.621928784651982 -0.489346075412895
0.32794048899615 0.944622047313312 -0.0120093049996295
-0.960431206511314 -0.189481677335481 -0.204128860069698
0.602769362424035 -0.791598952685929 -0.100200767609154
-0.416128080063643 -0.490178657765304 -0.765873556439933
0.475341455993952 -0.475573311926051 0.740189519783438
-0.423400231180852 -0.619408810969621 0.661108893548711
-0.538896146106518 -0.783133292635354 -0.310311439811122
0.0803481933915457 -0.854894396769055 -0.512542425747946
0.962351035074017 -0.238749528159646 -0.129919775613705
0.967651681950537 -0.117426457979016 -0.223296326402384
-0.997599962100677 0.039764182657371 -0.0566844369674785
0.0273401655172606 -0.599356611655589 0.800015104491297
-0.916298916468781 -0.0566318895622271 0.396470837215993
0.0329326922174312 0.480748628251715 0.876239804059029
-0.777794247574172 -0.625289153258875 0.0636363359828823
0.692624447551803 -0.016376309591476 -0.721112467745305
0.945277676192628 0.0852853522493219 0.314923043906879
0.726545462200741 -0.359169392165523 0.585772173363468
-0.509055201530354 -0.843295912105676 -0.17237983182712
0.643289418444305 0.387178994785803 0.660508251359696
0.510192951534499 -0.39737663259697 -0.762754851882575
0.642602379109398 -0.68473521507823 0.343802076193137
0.127537827440294 0.0787347981125698 0.988703663459372
-0.371430467423499 -0.917926511719465 -0.139464428984945
-0.743331098684777 0.599972099577013 0.295791070617814
0.67668147593235 -0.142004733418851 0.722451960905815
0.0299745891379648 0.712209872004388 -0.701326330765859
0.40704074291428 -0.770251154322159 0.490949073604558
0.252087632901304 0.801232904185649 -0.542657957269999
-0.878234713280748 0.220060822428352 0.424590417721408
0.367018292116659 -0.103850950806479 -0.924398481861779
-0.559124404482543 0.192702502890929 -0.806378103430155
0.316685827438128 -0.927073687431767 -0.200610230974131
-0.429979646783754 -0.798258271642806 -0.421783398328524
-0.460653811357367 0.090074641392035 -0.882997522680573
0.787381419291789 -0.59923210703191 -0.144745923798032
0.385314199347204 0.180301202466424 0.904999692911873
-0.237208992145325 0.434908608999262 -0.868669324808771
0.117993742848432 -0.689858282524322 0.714263975488902
0.928342129275883 -0.090842295468113 -0.360456056081187
-0.7187423811867 -0.691493876961864 -0.0724265670201421
-0.992522023878175 0.0830719506653176 0.0894375934908233
0.050224243620069 -0.795802478538947 0.603469916817782
0.884737697993742 0.42310636447817 -0.195499897920177
