# command_history: dirgen -cart 0261 dir0261.txt -force  (version=3.0_RC3-1000-g3151ed7a-dirty)
0.797239223172549 0.585529320036554 -0.14685038785363
-0.269535756881054 0.593583020717082 0.758293922749577
-0.287144218730425 0.0166722132768591 0.957742259146032
0.915137746623189 -0.343345220486727 0.211274618149821
-0.967390918393027 0.171808760446224 0.186109002588879
-0.542586442512618 0.836786351285997 -0.0734067755930562
-0.257455208647044 -0.494465491628193 0.830193166154357
0.469236854352506 -0.871338581458682 -0.143477702026957
0.107769757112639 -0.818908367353705 0.563715145556664
0.464692949397954 0.674235584019329 0.573992020869581
-0.73820122324153 0.490959741214706 -0.462620240057758
0.443310003228613 0.241323653914564 -0.863272341210334
0.620263418587905 -0.783171450876504 -0.0437695110052327
0.515283239283714 0.0919748166976176 -0.852070311891409
0.916222136082785 -0.216039374911753 -0.337437380619927
0.783289476889105 -0.103281861953291 0.613017497618342
0.102475985266427 -0.483802488456829 0.869156962007816
-0.493652288693031 0.323470476170036 -0.807263444554788
-0.832119621382578 -0.311188215650364 0.459062991484238
-0.675057710137946 0.136994836447367 -0.724934136849736
0.759561105740602 -0.376780952547295 -0.53019151298721
0.955845750664832 -0.185154340920947 0.228203354432212
-0.38471648432888 -0.101005605811296 -0.917491740715043
0.451604717092056 0.778279942318544 0.436272289842992
0.586038184346501 -0.787281601645961 -0.19169487785965
0.592375730437432 0.556500954643269 0.582578476662028
-0.203127414538418 -0.728844447892149 0.653853977765468
-0.849607988130547 0.174813760260144 -0.497600658890714
-0.413137102804351 0.853194390474727 -0.318397654433707
-0.690105403185775 0.40589060014259 -0.599172223329559
-0.657805953396952 0.504536491346479 0.559226480574116
-0.197172523097848 -0.8283254452536 0.52440437915854
-0.336494160832294 0.599520114344664 -0.726186830107742
0.302408677429824 0.943792380295922 -0.133435132969181
-0.829338414398797 -0.0295841286436083 -0.557962878455985
0.998533285765818 0.0528875344285522 0.0115838646309084
0.848965882339582 0.0339614429247488 -0.52735524176578
0.408050232552703 -0.617846679653592 -0.672131302763616
-0.415109020380638 0.894720282865562 -0.16480326643485
-0.259720156879472 0.813180596373639 -0.520848113937177
-0.144257943157148 -0.986878173549855 0.0725335536629157
-0.316468006480981 -0.8460609484972 -0.428985864920947
-0.108830967710711 0.0157672468320134 0.99393521639717
-0.0601940755287126 -0.699316585464207 0.712273112342398
-0.627602101830147 -0.755642975342692 -0.187401429006362
-0.551127453044159 0.167600865965456 -0.817415732799833
0.574773968051992 0.618548377577762 -0.535754412250321
-0.177776859857599 -0.84418527742666 -0.505713956180017
0.919553679340522 -0.128374192924543 0.371404223727033
0.327109039999213 0.760048032480878 0.561539548271303
-0.767364760263539 0.622241596997182 -0.154811884789503
-0.736837702319278 0.243402754100035 0.630733937359776
-0.577355293808122 0.0679167210897614 0.81366343392594
-0.0959310614761439 -0.245988351903634 0.964513847579077
0.0347779039409866 0.469357645469708 0.882323012301393
-0.850007947635126 0.361847098874126 0.382822629939114
0.114452359727652 -0.782592992829199 -0.611922270331298
-0.451174625972082 -0.872348799504205 0.188279124925001
-0.7448501994377 -0.646739143995958 -0.1640934490496
-0.863454373941837 -0.168857777372632 -0.475324725994225
-0.396281240517386 0.731549665667097 0.554793894231327
-0.458081572271747 -0.41797359249182 -0.784512172706406
-0.439876473958018 0.0439496325796007 0.896982228059386
-0.538785402468968 0.503742586436178 0.675243435137982
0.893422954490252 -0.0955455394948082 -0.438937893411533
0.534149425077274 0.841744451517497 0.0784262075401223
-0.745909314717596 0.257749161605989 -0.614153615888514
-0.0342429672420602 -0.603008713703337 -0.796999316431517
0.116195144244547 -0.273444990613186 -0.954843717873529
-0.350912659151113 0.898465152930015 0.263857299724567
-0.99025053220582 0.00321517598952585 0.139260712727769
-0.0411049125967288 -0.883649385604267 0.466341237166108
0.879310435451266 0.443712498279126 -0.173009759774998
0.401376657399835 -0.340705284216626 -0.850186266768291
-0.892975501140701 0.438441857008315 0.101801239607453
-0.903294317045205 -0.0109646029374537 -0.428881282263822
0.330761893852779 0.654653390545365 0.679724582329034
0.407653934931557 0.50703921744253 -0.759427087553561
0.756549919040374 0.0554858392847024 -0.651577732614364
0.0032722790402577 -0.368272541666719 0.929712120628863
-0.228504113554894 0.899076017575238 0.373427616425918
0.794068538447989 0.307198877139447 0.524484514672585
-0.0468696633496371 0.986970212379074 0.153925418738745
-0.142489339569125 0.982544142390741 -0.119598479767923
-0.498404244630023 -0.375223111617441 0.781537475392512
0.789950180690441 0.538433767045171 0.293373125102977
0.703858835045066 0.436513078091828 0.560391892325183
0.567113840256475 0.819904032424957 -0.0783534926014755
-0.842551453715151 -0.52123496524238 -0.135724569814238
-0.760882353275892 0.56907886093931 -0.311780843711345
0.182921660809492 0.748747438730846 0.637116111082348
0.76789903965826 0.171463247884391 0.617196418911239
0.0853738486906747 -0.236090676217189 0.967973397652566
0.0492478980019902 0.801571126833459 -0.59586774805264
-0.262574250474462 0.310772144213506 0.913496271130164
0.0762070307042332 0.964468427953739 0.252968654089173
0.012441061328991 0.985058047288549 -0.171772708731855
-0.0144681122353947 0.999840944856396 -0.0104287447477273
-0.18474213955673 -0.504556900761486 -0.843381690437945
-0.386653536243468 0.701954148669852 -0.598129932435758
0.268039142950878 -0.885538520019201 0.379442416459155
-0.954883592491467 0.0507836624783992 0.292606125048451
0.0922352158666889 -0.718954789491499 0.688909773207827
0.487307746640895 0.840156022210864 0.238052553875383
-0.649579272093614 0.615511812035807 0.446309285709728
0.624062007973419 -0.226639781742219 -0.747784072801784
0.195622687420593 0.917306203316359 0.346815647749163
-0.286605948339593 -0.230748336960286 -0.929845274960531
0.118795768998035 -0.674967943966428 -0.728221010329899
0.387735969979657 0.913158684753925 0.125706141625681
0.963347324811559 -0.0122198663285022 0.26797874289825
0.650901529449355 0.160755273224328 0.741946723889972
0.421238514986359 -0.467855234741003 0.776961770499378
-0.584607563397908 -0.664267716741938 -0.465813693779404
0.78030961533037 0.625343553871264 0.00789581247426883
-0.743082285303122 0.669163855476749 0.00696073215846758
0.11832689418889 -0.419187950466876 -0.900155657814243
0.100524427197915 -0.875178787376226 -0.47324087911254
-0.915113247644872 -0.0718773283973634 0.396738444881907
0.876304573268207 0.407712247692109 0.256634015576801
-0.53141600617701 0.362506583015322 0.765627850622894
0.802749466885212 0.428346764592606 0.414864246083649
-0.625726486693182 0.709866562128423 0.323350936016244
-0.323931734484491 -0.900648715497824 0.289655178904138
-0.233330811794103 -0.067096642426927 -0.970079776535176
-0.236586468646973 -0.952912494056643 -0.18969612943838
-0.178538970393282 -0.358076900235761 -0.916463185058983
-0.915734821778194 0.33198926594108 0.226302592744235
-0.585062867428927 -0.776786417145194 0.233032837373995
0.668034590437725 0.74332514387876 0.0346051507195239
-0.412243824456672 0.194866978199953 -0.889989825787102
-0.835258531572918 0.43120551105036 -0.341181759000172
-0.0210200556998416 0.598157638324749 -0.801102738088027
0.264479264210638 -0.712460733142194 -0.64996186236816
-0.182204510015336 0.607553404685119 -0.773097909055245
-0.5855429157824 -0.228509333566737 0.777767946273136
0.248277118913821 -0.81585171120109 -0.52224942082697
-0.171370639765832 -0.957741624711566 0.231004511040584
0.934850840735874 0.140341124807251 0.32612616310757
-0.990658805836908 0.0678883143867591 -0.118263718813147
-0.466704527491721 -0.554500990175898 -0.688996034758313
-0.627433565614461 -0.362970264658755 0.688897458054446
0.939227226003757 0.338079153122178 -0.0596213397826518
-0.663163467076657 0.739023391789259 -0.118569145746979
0.496514268590062 -0.206034819461056 -0.843221936536358
0.0499833750235542 0.907215496193114 0.417686132985447
0.033307976490125 0.823963951690575 0.565662430267898
-0.954879592498173 0.288221487591574 0.0716473162164766
-0.915978193226622 0.397323027590405 -0.0558422893485405
0.07966501485534 0.490609643178951 -0.867730178931171
-0.698888499464117 0.0874193461961521 0.709868102697559
-0.193149937471892 -0.118035807870656 0.974043453709805
-0.266861070574703 0.482909689440016 -0.834016427210322
-0.366186642719949 -0.113286208501836 0.923619823118133
-0.967189235072531 0.240833427610991 -0.0808964999549047
0.940841520757153 0.261389066355228 0.215622329106498
0.706963832106031 -0.687811692650662 -0.164673056530166
-0.204204162180332 0.145959824811925 0.967985738370716
-0.664697175179125 -0.486549135383592 0.566963494562367
-0.161060764440543 -0.603486674211431 0.780937426563137
0.562324421299149 0.290441712072913 0.774231785125574
-0.022070870228185 0.15290420216712 0.987994525109834
0.980727929203658 0.106184550106247 0.164004787121102
-0.469067290006732 -0.73512743772045 0.489452273215997
-0.116052741981882 0.89674397507033 -0.427062061360584
0.644855216486933 0.0737290443693269 -0.760740282741736
0.888163892040523 -0.283276188421642 0.361828000504019
0.124193233281541 -0.952178714821852 0.279162561686346
-0.482610330231361 0.5776707151033 -0.658318930356723
-0.802825593641892 0.106640850128969 0.586599348173278
0.0340838367311236 0.721659564355992 0.691408537152388
0.840648485087298 -0.473096564791422 -0.263609113846595
-0.339921929660457 -0.740905836779862 0.57923365126816
-0.405412848615467 0.788491127762584 -0.462517203590506
-0.197462581509929 0.95589199169643 0.217437414246186
-0.135263799451401 -0.194928048834148 -0.971445706324179
-0.543581083037785 -0.504666854998253 0.670694395108265
-0.692741846871566 -0.711329334019916 0.118824711890052
-0.315318067952136 0.942694878099957 0.109091167502415
0.356524139137657 -0.178529402467126 -0.917070221230023
-0.275549112602817 -0.247623548769369 0.928846200745131
-0.685515715915756 -0.654372623745936 -0.319162454753637
-0.430050458448877 0.902803111135287 0.00177361561705768
0.739303129487343 0.340008670741056 -0.581227138519118
-0.409445665724554 0.487391992527705 0.771234913913556
-0.686763040023429 -0.304606147921585 -0.659978500790861
-0.664173800086756 0.694781520369769 -0.275956159980148
0.627473036249715 -0.294197621489918 0.720919793242798
0.516881845658786 -0.730838476058894 -0.445767068703242
-0.166276963210388 0.0938183601502887 -0.981605871418994
-0.0317012765023368 -0.945343597272374 0.324531219090322
-0.169367085506126 0.984408307653832 0.0474876212215157
-0.546998460307859 0.804486040766627 -0.231505711878711
-0.840854937049656 0.540619968136073 -0.0263253659380039
-0.241628776729572 0.718975985569138 -0.651681721725458
0.119704782272669 -0.553242885259127 -0.824374353683574
0.588085213983577 0.711405273192776 -0.384783469457047
-0.269950280189674 -0.962522994689618 -0.0260063630530262
0.769379330623198 0.456726485448655 -0.446605377374164
-0.182643235319729 0.35715200567095 -0.916015225548767
-0.56302518369853 0.441562938411462 -0.698587728164954
-0.542570050824633 0.74861661323877 -0.3810392451324
-0.329829700923216 -0.530712212048364 -0.780741260835902
-0.484509884083095 0.81767313964148 0.310903214738333
-0.0319339862409085 -0.320737871739205 -0.946629514728423
0.52426002909465 0.131666172462708 0.841317681332502
-0.0724646643984639 -0.0302657636786593 -0.996911659056391
0.920117435891926 0.379111799209852 0.0982758763254552
-0.112826575763703 -0.989436082155612 -0.091029682686425
-0.962656481815851 -0.115547072791434 0.244829271099799
-0.700300750840273 -0.660317133196226 0.271219730071518
0.0746038402175523 -0.944417990698159 -0.320170151435834
0.710570605760526 0.209334223978294 -0.67176528408405
-0.336090682301168 -0.832994233773026 0.439503879131032
0.650536964911542 -0.376145555239989 -0.659784948719565
0.0117813893011665 0.111340682618557 -0.99371245904445
-0.866084530718248 -0.384538674943203 0.319417584242756
0.991885144130743 -0.123047444852074 -0.0319872969803824
-0.425164793985268 -0.904548922526428 0.0320334935925198
-0.178338741751818 -0.373350398299356 0.910387155709092
0.852011433443705 -0.489417726246921 0.185867712409923
-0.258796346076366 0.218180258373147 -0.94096855745224
0.703533031124336 0.55271604593003 0.446705995805382
0.563147740081792 0.754485106693103 0.337070981573716
-0.820353501478863 -0.183175072632234 0.541725968897139
-0.743809728737009 0.598988121563389 0.296581047375148
0.980356486486732 0.17235584993553 -0.0958885832432136
0.793445821536632 0.529919081899553 -0.299381854701974
-0.310267350382177 -0.625181816512355 0.716157711394031
0.350850526527458 0.373196776598 -0.858852766178388
-0.345465529414935 0.346130730041884 -0.872265490379352
0.586787316581197 0.431426706585756 0.68523838329738
-0.68778136476231 -0.590123759527095 0.422741933958889
-0.326227844662705 0.0621952947734923 -0.943242884242847
-0.448214833596728 -0.630489126660135 0.633708863838275
0.803857023216198 -0.341344215506647 0.487132438630548
-0.355202216204266 -0.88902281741038 -0.288911432323625
0.604699045828405 -0.00288036522094123 0.796448847993649
0.273721220814304 -0.93455862902174 0.227325454353296
0.935792524787224 0.281796652748902 -0.211856076268459
0.321933619368127 0.388598623058606 0.863336466783081
-0.616684962782834 0.544672515720426 -0.568358608007583
0.371463138526296 -0.827309963016088 -0.421394544115741
0.871429937430707 0.490104457309308 -0.0201862595609533
0.76106194467955 -0.495293305836445 -0.418890507834908
-0.972763598049017 -0.224966230156056 -0.0558675003924818
0.268984765624692 -0.459596354476722 -0.846415020432374
-0.184961067002394 -0.635063501711071 -0.749989168246988
-0.880996417735857 -0.292335760885969 -0.372001498442962
-0.430112531951958 -0.2632722903782 -0.863533966313365
-0.464751145022435 -0.816936201043626 0.341499072655759
-0.905548474934334 -0.219194667362696 0.363229483032226
-0.534790023019371 0.625961448567752 0.567601881767408
-0.722397142293429 -0.0277691800412865 -0.690920575353001
0.472316243205255 -0.0329918735727845 0.880811502355999
-0.809702637097487 0.571271494488774 0.134277768308597
0.188031479310631 0.904411524912818 -0.382993415600227
-0.290319416321286 0.954881688615484 -0.0625747333490949
0.524408328371088 -0.672410050005909 0.522360631925963
-0.652368004333178 0.626694849760959 -0.426227113409549
-0.837415049394246 0.23992761786422 0.49109141026293
