# command_history: dirgen -cart 0211 dir0211.txt -force  (version=3.0_RC3-1000-g3151ed7a-dirty)
0.852576464955401 -0.0764033780224695 -0.516987325986729
0.530010174171109 0.797233040220721 -0.288978710038537
-0.328569664430234 0.0201530631580304 -0.944264703174672
0.866320869523444 0.477803179485192 0.145575659716809
-0.990239042280428 -0.0208792895592167 -0.137806728467964
-0.592463754962017 -0.644263136048081 -0.483644198337785
-0.139381978454831 -0.451706496926617 0.881211611768877
-0.280148733321014 -0.462875545177871 -0.840989248977013
-0.531579151482418 0.701143798523297 -0.475206249434448
-0.577782826830184 0.665782286903172 0.472123873010149
0.897130609426106 -0.405215495158803 -0.175946219379527
-0.272071698763028 0.142784521954685 0.951624700721021
0.189821422551952 0.16098805092965 -0.968530162152024
-0.990102791240642 0.134284047003222 -0.0407953122052853
0.110122807381055 0.86527763547829 0.489047626346979
-0.370038983549443 -0.594313043046804 0.714047027525598
0.531888070266182 -0.147212398259861 -0.833920614031754
0.711680770531834 0.702448585911231 0.00874442716970625
0.251587863931781 -0.754882504455092 0.605686347204436
0.765129399279834 0.414967530765363 -0.492319967874733
-0.0223780512978158 0.895481636764074 -0.444535556551382
0.766260148795352 0.0523735620579616 0.640392375318044
0.38589429070528 0.856966412114728 0.341605276464343
-0.318086628133338 0.707494786133784 0.63108796898394
0.478471709603772 -0.814483429777255 0.328148694538199
0.689723821931299 0.645155862546531 0.3287171466205
-0.236111113513563 -0.717876582770736 0.654908202716072
0.0823070599624817 -0.870951920967827 -0.484425741721871
0.8468210955781 0.245579164004143 -0.47178904850678
-0.974056929626545 -0.187964490235264 0.126025585724109
0.00745730183470827 -0.673973728357412 -0.738717674171503
0.533271459638618 -0.320479995787859 -0.782888320665669
0.327905358295878 -0.473253005684138 0.817624405587175
0.630157955353719 -0.520834651381243 -0.575875175037958
0.945177823274727 0.0246131995109342 0.325627199108865
-0.805830418272814 0.434743884120502 -0.402038670038197
0.397321971576107 -0.232869683156199 -0.887641234716823
0.075848124517114 0.295156809129966 -0.952433472758834
0.235022189432336 -0.320349472464515 -0.917682290319552
0.158865597423447 -0.535233884425752 0.829630285680201
0.429386696957317 -0.339114423466961 0.837035526290704
-0.206680530918458 -0.917633773870663 -0.33945753076217
-0.42062150381641 0.670620073187831 -0.611020677199037
-0.901210212876471 0.127489696325562 -0.414205902345636
-0.378154207768696 -0.174422451523964 0.909162363690447
0.92720711850582 0.205628344574899 -0.313055814990747
0.754046167449737 -0.656732296430008 0.0108198049951161
0.372647179928878 -0.796815736119841 0.475624601931871
0.470256638603985 0.624824401257087 0.623260107373
-0.448755130141095 -0.491568946627606 -0.746310125807948
0.321639823584114 0.463156890047642 -0.82585320674208
-0.959729510439044 0.272674886152394 0.0675845637273164
-0.683938834250008 -0.220646031111166 -0.695372561983596
-0.819560076184567 0.284991485980563 -0.497092681944662
-0.949691607755752 0.281761641264753 -0.136734149611896
0.203882867510769 0.946134700115631 -0.251517207309344
-0.842692260001222 0.406539531463599 0.35298068543674
0.308741776966564 0.944817107445211 -0.109540625497544
0.638203120051074 0.750167257760685 0.173048729960347
0.273364261996182 0.829023067063762 0.487844990278138
-0.956909106225476 -0.174854386524957 -0.231842416170427
-0.79261208964252 0.551630721256263 0.259749153451583
0.45730600531226 -0.521163642472043 0.720596749417187
-0.310124262986155 -0.931181621538177 -0.191634363350692
-0.894789458603816 -0.196391905965329 -0.400976363446519
0.599187257148716 0.506775972778727 0.619800568154607
-0.452971016736452 0.00936242888239603 0.891476080959084
0.809836774076492 0.103865958190151 -0.577387445380156
-0.371101660954008 -0.175217758188378 -0.911911341333474
0.200801345445147 -0.862903833028784 0.463762649004479
0.774672569947204 -0.224252593958739 -0.59126405562504
0.712012751119765 -0.276933040280292 0.645248737653921
-0.101985956690247 0.247995075477206 -0.963378070737045
0.76772351381503 -0.571042645340976 0.290707591124629
-0.270997233450687 -0.819266562260727 0.505334344195567
-0.325290798416415 -0.724036308865454 -0.608241169200261
0.442529273848636 0.321787579939875 -0.837030820928022
0.351742783453157 -0.566209507123664 -0.745442022112655
-0.116460098717886 0.679750825177516 -0.724138012451429
0.663747990740895 -0.189052275399895 -0.723669705012962
0.562763142671748 -0.809057020109048 0.169482693696101
-0.195477605647819 -0.594083019640476 0.780290889005536
-0.584955638252994 0.410649545574556 -0.699423942966956
-0.0368665338694136 0.534592850350061 0.844305242809171
-0.076877303374806 -0.25536031381235 -0.963784721997333
-0.578373211163307 0.797861262282106 0.170005396262147
-0.146560039198701 0.941325354339498 -0.304017651112058
-0.659019380136136 0.362620420696671 0.65893845471239
0.574321518679075 0.363485458168871 0.733507406153426
0.838541176801375 -0.53833517516126 -0.0839281477971572
-0.0678136485636615 0.989291191231801 -0.129244914869593
-0.864862492221262 0.246566580613157 0.437284565098704
-0.87733200882383 0.42128444834134 -0.229799825671987
0.982771219939919 0.180208370841387 0.0410569401745374
-0.0174793602886402 -0.93812266701218 -0.345861726130335
0.116933531716943 0.973847112730094 0.194803362875138
0.663067722678667 0.678563892017921 -0.31605733592375
-0.553027283578061 -0.763464489649861 -0.333590762255113
0.814804017526413 0.36356845312873 0.451566598534922
0.258414581469245 -0.948454611735379 -0.1834550450709
-0.901482645887344 0.281222167298986 -0.329003239776777
-0.737415636608278 -0.28043605415561 0.614470339735971
-0.5353163448507 -0.207732742786748 -0.818708445363782
0.405206689351278 0.706586187602313 -0.580123692323117
0.433120551550208 -0.167152956749491 0.885701121640222
0.923153667652311 0.336020876478142 -0.186754588888596
0.258485476441122 -0.830736901337872 -0.493012635968447
-0.7008539583435 0.692087644487398 -0.172680112989693
-0.710766003165133 -0.369917163124229 -0.598308433143629
0.829472454763093 -0.545421875697968 0.120376178288726
-0.423468235139701 0.76288317148386 0.488552884030373
0.487950090474499 -0.872859761828844 -0.00453270184563902
0.0600409064165745 0.708008034909608 -0.703647434486982
-0.510124262381473 0.792442387927758 0.334377479422749
0.963281096395769 -0.132532834523003 0.233504983030051
-0.626282427994764 -0.766661334129836 0.141423898741492
0.415325504727496 0.341153416999396 0.843278762446018
-0.751245787832426 -0.63968780109892 0.162570856518828
0.566038099909374 0.824126715044754 0.0203967399485419
-0.932368254516695 0.0975053579714155 0.348112256515565
-0.217598718838285 -0.975037897528423 -0.044180266446574
-0.553709866452472 -0.694654835170383 0.459194995364271
0.537375906631513 0.151929720962249 -0.829544751571784
0.417243783991928 0.803311214772456 -0.424969077629064
0.378466391565826 -0.408372689039082 -0.830659338900209
0.722759077644792 -0.545656271281171 -0.424120913530066
0.210878983103748 -0.484180023790905 -0.849175929385053
-0.570726348844153 0.0922174650683962 -0.81594569296699
-0.627101856439091 0.706291750398519 -0.328474085689635
-0.0629274336826749 0.375712540143632 0.924597331419971
0.098478485431591 0.818540660314088 -0.56594449844457
0.449763058014029 0.753765304495202 0.479114868674647
0.903715965305064 0.0678860082955257 -0.422716150543643
-0.300106456837968 -0.0231531907997672 0.953624687348199
-0.016872916274639 -0.574062381933349 0.818637701517221
-0.161159078573796 -0.898845029687056 0.40756025812157
-0.349410882773933 0.87270963261371 0.341013096731465
0.128579661699667 -0.0228911759627527 -0.991434952309148
0.0467599409402291 -0.418982318265872 0.906789570354568
0.762917637929788 -0.391852048574693 -0.514206816138651
0.576734100976612 -0.563938506483442 0.591059335156737
0.909768550682465 -0.414243680261414 0.0268953072599466
-0.244255476954647 -0.302826654878301 -0.92121402457457
-0.534366553303452 -0.584326069902696 0.610749892134791
-0.317176637788217 0.892743095909273 -0.320013664001537
0.175140257104042 -0.923219958761538 -0.342039176244293
0.748477924138044 -0.0416248326339846 -0.661852075909864
0.16171728777418 -0.0672783827638367 0.984541079918784
0.0424245290256757 0.0736170631576049 0.996383805242236
0.939229763533483 0.319577843619924 0.125369267207227
-0.656664280395347 0.683738226981254 0.318267277327394
0.803235631631574 0.50530568852423 0.315402411567319
0.765599285261778 0.622085876602076 0.163911245919493
-0.159440815193511 0.986824904231652 0.0274815363220364
0.114343327620656 0.98779097804167 -0.105804475936119
0.99845569178041 0.0202517059232938 -0.0517310347711968
0.619323626588132 -0.00331916265389411 -0.785128797528788
0.21112406966319 0.120281836720843 0.970030363939146
0.425705313941407 -0.887314278944691 -0.177336843501039
-0.021641634905495 -0.791380234708177 -0.610941047689421
0.64262905790087 0.439231561059937 -0.627776655913782
0.0773078871054724 -0.800457623183884 0.594382943966342
-0.279573492880411 0.206033097940762 -0.93775744445543
-0.151453658271611 0.762578585761222 0.62891628213504
-0.306423524307926 -0.603993888833149 -0.735728214766105
-0.629671822740695 0.77685679530658 -0.00262968294688115
0.89066603180705 0.3473413159803 0.293373533227107
0.0218957574712263 0.998822279475608 0.043296995599132
-0.356566783844754 -0.887334081451951 0.292401020094718
-0.512267941449623 0.48077374866202 0.711644685752964
-0.772096037508151 -0.539831293749576 0.335335478517964
-0.682511135700348 0.577555740061493 -0.447892751411588
-0.850505870999543 -0.495137990686389 0.177420781123164
0.0970242016752984 -0.202626889900311 -0.97443760589306
0.803802809273051 0.210092632120055 0.55656278148437
-0.330502135402979 0.94372128165997 0.0125889251381483
0.405298266103694 0.913432960002499 0.0370613420481922
-0.70792236708912 0.432827306121027 -0.558127624518758
0.139314487105807 0.586455751926515 0.797910474122725
-0.969672726830268 -0.0432187417566137 0.240555488822285
-0.669624256607666 -0.564203405335806 0.482988480577034
-0.637867961961998 -0.0656758428952876 -0.767340307010156
0.262730715032344 0.317660451994061 -0.91107870604988
-0.228698279427073 0.365289308826888 -0.902364016261659
0.477021188771694 -0.627925827464456 -0.614947103957665
-0.242853462147889 0.958535772920682 -0.149101871061817
0.183223625876603 -0.632937216506136 -0.752209799778024
-0.0758572729274602 0.977774976699285 0.195452728516951
-0.829028634769437 -0.559135222147275 0.00890651933367413
-0.715420461198373 0.680916305520186 0.156609541776508
-0.599193932727352 -0.30125240737189 0.741763855978013
0.167275780439019 0.726417132213849 0.666586050937706
0.71484248157294 0.514951027437271 0.473102172770258
0.979711833386761 -0.120594876271043 -0.160067483703351
0.47042569741406 0.871924812798099 -0.135818938441936
0.409250349764849 -0.897923635353457 0.162010173418155
-0.0131303193828685 -0.114373727268357 0.993351018131883
0.493849339494732 0.460019147503709 -0.737899189463289
-0.290253499877108 0.624456436310476 -0.725125551169941
-0.70168039380028 0.109949834392002 -0.703957142781757
-0.85743312353112 -0.382024079575011 0.344769548099209
-0.813060603886727 0.120240891909777 -0.56962670436005
-0.109207490851977 -0.430133478903266 -0.896135544584852
0.576552300475395 -0.260270168643887 0.774497827066424
0.929080113952616 -0.258147735814856 -0.264895995348095
-0.478394092404724 -0.0407274129888385 -0.877200302202124
-0.920372365177885 -0.390153361434992 0.0263640660339607
-0.485242532689658 -0.853961632880772 -0.187854236142101
-0.688598108589529 -0.140181922339019 0.711464456945152
-0.869277227923936 -0.0408283718760678 -0.492635915319648
-0.0274632504391678 -0.959459659241183 0.280504781000448
