# command_history: dirgen -cart 0069 dir0069.txt -force  (version=3.0_RC3-1000-g3151ed7a-dirty)
0.215356155665048 -0.31339356717707 0.924881721232074
-0.0071692784387914 0.937943271686924 -0.346714609648767
0.802945629961215 -0.554561416508329 -0.218494738258072
-0.254788663313227 -0.840403864724259 0.478334695797398
0.348351911715046 -0.590540934723403 -0.727950788185907
0.700703541483542 -0.340641622688385 0.626879439641026
0.269111277273542 -0.943879730862836 0.191494579846281
-0.795125341990078 -0.227897191852691 0.561995160540391
-0.760077419431026 0.534344660178563 -0.369808194351787
-0.812851381571133 0.349662104980942 0.465842295007868
-0.880278471702067 0.230189276665026 -0.414876739726759
-0.971286727627445 -0.213542122209467 -0.10488972674694
0.319706792829962 0.342795874256184 -0.883333773389945
0.740468326090875 0.283928780291157 0.609172476215524
-0.907641781898513 -0.0958832616690329 -0.408647520344612
-0.579189502393646 -0.447085134885875 0.681655633352413
0.309217295726267 -0.933204891371845 -0.183066367045935
0.750002580248092 -0.0267516168158421 0.660893698425808
0.0314759459768968 -0.163199123048596 -0.986090924337623
-0.942247263685414 0.287938526938755 0.171059927457282
-0.584728181499759 0.770336077878339 0.254313351751344
-0.0389571578024257 -0.176168540719849 0.983588829296366
-0.542037154200213 0.778625893778963 -0.3161288360834
0.860810403396263 0.404173811670048 0.309271691825921
-0.267868736101855 0.825314792233252 -0.497093385532517
0.524766377997055 -0.124097337342399 -0.842152064290279
-0.0591690824300107 0.482401176269224 0.87394972671113
0.981208001795502 -0.109741939318319 0.158705904008432
-0.224514515631225 0.622141699042497 -0.750021958734137
0.477438295496625 0.813414701554557 0.332278794520789
0.0835833994357331 -0.747059391102775 -0.659481676397395
-0.925038755356434 -0.272752319954847 0.264403995899964
-0.521796711393033 0.632053719764733 -0.572919093163233
-0.236827262590552 -0.321807110197179 -0.916707713243652
-0.67286796937335 -0.566379740303902 -0.475880957346131
0.746944085096528 -0.661407934191923 0.0679270073482082
-0.348514592551702 0.801863016601981 0.485338316419065
-0.70543976494511 -0.691108558718415 0.157237712080605
-0.246489241886115 -0.00697844657284915 -0.96912040269403
0.420188903105563 0.682709596538602 0.597786661360927
0.906615122799814 -0.40623407823576 0.11411788987981
-0.179531737479404 -0.843642859616018 -0.505999091557024
0.0522499397768842 -0.998336763571582 -0.0243649398671896
0.913470590256628 -0.0393881005499826 -0.404993899054384
-0.491448149290483 -0.869908806971293 -0.0416819398869749
-0.513971190449647 0.857363066272287 -0.0276077521713591
-0.723130376595184 -0.669622891022119 -0.16937426683085
0.770554043314443 0.50085160958395 -0.394200623425345
0.0454043142924685 0.496957974454467 -0.866585956423103
-0.213197981839881 -0.956213345658761 -0.200506005205531
0.29240850704622 0.028022330855323 -0.955882845321766
0.0709599326752965 -0.927843732941631 -0.366156653900563
0.611579005176505 -0.608255670577005 -0.505960630522015
-0.21040093142355 -0.969328984367215 0.127014834258546
0.754421357060123 -0.0851982784879044 -0.650837667436558
-0.522288219461413 -0.155612782694773 -0.838450760434873
-0.57630244905355 -0.172069947069993 0.798916403968657
-0.992765914471663 -0.010559062462901 0.11960077450898
0.540217708597839 0.679986891134724 -0.4957647175851
-0.879583794630992 -0.474630882950785 0.032524962289035
0.49295003032923 0.436243957818474 0.752789131739616
-0.304850049785777 -0.620883717409942 0.722197934503292
-0.510599274578443 0.138860011998687 -0.848531836684807
-0.187074099089154 -0.608151192154001 -0.771463161098214
-0.593451714915223 0.386692107352862 0.705892538687855
0.454217286782078 -0.42610611467166 0.782381131819876
-0.461603009015317 -0.849194276142164 0.256499012542721
0.0191056788636667 0.76186199871283 -0.647457541428356
0.303041102517854 -0.318418578800078 -0.898206935432867
