# command_history: dirgen -cart 0156 dir0156.txt -force  (version=3.0_RC3-1000-g3151ed7a-dirty)
-0.656346813378344 0.370630638404106 0.657146703898192
-0.675787994848635 -0.716796672716683 -0.171793818284459
-0.196124855065215 -0.387172729752765 0.900906387235345
-0.535488203478631 -0.783188502264013 -0.316019230200761
-0.4964007485726 -0.858762632433549 -0.126937141737016
0.136131879236793 0.689618627641682 0.711262440921115
-0.00454006331311495 -0.821526258609785 -0.570152606097456
-0.496362847057542 -0.534325592326363 -0.684193017682885
-0.28755414400651 -0.710630137878783 0.642119475956823
-0.0192398222973908 0.934028090633195 0.356681027174242
-0.238356220543147 0.925469474344816 0.294436010338946
-0.516513482649184 -0.220313047645364 0.827451499049233
-0.427985305848225 0.355436480915184 -0.830959376872679
-0.062099160467835 -0.998033485624134 -0.00853556337514971
-0.698161647450181 0.0940311299149877 -0.70973830433235
-0.843324606263266 0.440608573043956 0.307681156119573
0.422532522630676 -0.632889371472142 0.648781404478391
-0.150365701001871 0.987532616669401 -0.0465777519455537
0.583995567096008 -0.621808867504618 0.521826513225264
0.545412529528107 -0.82513756415604 0.147218113193962
0.826642227086752 -0.383636387397232 0.411686471312642
-0.990731580559525 0.0868188320282186 0.104467342683158
0.366530990475311 -0.81512977192218 -0.448573837787361
-0.877034185139405 0.0388354834520952 0.478855764632631
0.576833131540067 -0.741890913847171 0.341849982168626
-0.162026139448353 -0.927715375924034 0.336291111107015
0.551797508977157 -0.724950082777052 -0.41227040467168
0.0726719354188124 0.54289467928839 0.836650558478771
-0.781588007636422 -0.62375319624668 0.00722056029529023
-0.919761637274067 -0.0448678420493522 -0.389904356668097
0.211562492481427 0.0145881797327471 0.977255594400529
0.514183933315384 0.218676880138454 0.829334253973169
0.698206977773905 0.15520854560242 0.698868602499648
-0.00802612665086677 -0.365894034388443 -0.930621908666421
-0.532834638456568 0.474892463379758 -0.700403024183908
0.530727176486256 0.677218578439901 0.509611284367573
-0.946048823096884 0.276604189011506 0.168765360599525
-0.978412843445081 0.198660012378767 -0.0569430176876875
-0.72215139253875 -0.66149318903379 0.202297125823013
-0.264451947679508 -0.561846883754466 0.783832409756008
-0.867853927168059 -0.329344082411266 0.371970477967887
-0.0719715911893045 0.809512418982313 -0.582674637834087
-0.307180235168692 -0.828743327234508 0.467787131808887
0.91946318739382 -0.388557595210843 0.0600869555857574
-0.96185954802114 -0.160470503331815 -0.221529743919415
0.414974522851575 0.394676489073969 0.819772294211236
0.893592333436655 0.44886164300283 0.00399588088326629
-0.838932811868789 0.494860968275516 -0.226504656127299
-0.378120039681219 -0.810771586302015 -0.446849717955362
0.00588088199785549 -0.351884087547761 0.936025108721773
-0.997432093570887 -0.0387509802145642 -0.0602293968690373
0.397775470869868 0.391450320388332 -0.829783900447657
-0.72500555579694 0.573992811947646 -0.380656270007477
-0.0892315701249217 -0.706250079396126 0.702316561278464
-0.164788691941231 0.863444679769705 0.476768258156612
-0.796752560383975 0.21453447729291 0.564942754245276
0.769655158289103 0.507105053795037 -0.387911590100772
0.110953604411207 0.193411230254537 0.974823775704916
-0.56513777408565 -0.800060253532092 0.201302973201293
-0.640040932337611 -0.66066482131661 0.392262155716166
-0.882871819510105 -0.270106932830281 -0.384160897479084
-0.192787617037634 0.336222419452249 0.921839150489187
-0.767013513618356 0.412858986883346 0.491159573740022
0.4352159774609 0.897948010907472 -0.065394362678045
-0.823999255064113 -0.152729629932342 -0.545617895412639
0.627740617802466 -0.29503338587663 0.720345068685245
0.3304887071823 -0.184218459002628 -0.925656941737958
0.696547301629242 0.206327075439471 -0.687205205548981
0.00631805859441139 0.980557352693052 -0.196130977194299
0.113063973692256 0.184257076060144 -0.97635335190426
0.0382157775327481 -0.917192287006095 0.396607946219055
-0.226988229875746 -0.0033815822798781 0.97389163072652
0.34196158032729 0.902557861688126 0.261632535983238
0.667402353097419 -0.744636533449969 -0.00951483744688452
0.437639672315496 -0.861318134555311 -0.258074772695326
0.589656736649926 0.383879582559812 -0.710592287473671
0.199834003038832 -0.94744598347367 0.249824897936707
0.120379140460718 0.836676952364166 -0.534303789921568
0.893785631757673 -0.17060296767985 0.414779305031441
0.821675884529168 -0.0423245310759935 0.568381363920746
0.669986842626033 -0.168892559776591 -0.722905895646253
0.47560789300268 0.682917443638301 -0.554455496219561
-0.45519031786877 -0.547506867900235 0.702166649820826
0.483674439780172 0.787929894463028 -0.381084659511267
-0.318159110190638 -0.214184614585269 -0.923525706993401
-0.135328373922121 0.523306549081558 0.841330188986432
-0.924007085787023 0.291119014859786 -0.247912534177765
0.630234008426547 0.533892326025902 -0.563705666845083
0.23594357641642 -0.747007595595784 -0.621538639884951
0.631096484899311 0.775539735472349 -0.0159795322588963
-0.87935914990983 0.461740414881289 0.116289615766488
-0.833902734858661 -0.170494159809475 0.524917107995259
0.0876526489657939 -0.983500789182415 -0.158250468583341
0.967308510622357 0.252206725310228 0.0265709048744923
-0.749954458811035 -0.363813958965228 0.552456073341126
0.235958085775074 -0.864363584336182 0.444071363443841
0.511390304103468 -0.312907860602594 -0.800355313371549
0.397511529286722 -0.868507856169438 0.296105872714641
0.115323382373624 -0.179123685830656 0.977044125233015
0.890248376979333 -0.251338060764995 -0.379851295241381
-0.614404595998759 -0.0412771260093434 0.787910649302324
0.302097487938748 -0.948038600673029 -0.0997993958650225
-0.98254902638166 -0.116908859709099 0.144671107267383
-0.127855541638527 0.500424213461303 -0.856287666064364
0.693475136557379 -0.447508839374913 0.564648628492129
0.348631894137561 -0.416500427869459 -0.839632774476208
-0.213446655502811 -0.38813471743597 -0.896544458672053
-0.497247753707015 0.86579285516927 0.0561017234242601
-0.969932623867472 0.0773632806133083 -0.23075014186411
0.417297708869103 0.0437388394784357 -0.90771666068971
0.80079810299275 0.461255968476754 0.382054092750994
0.104158643244932 -0.165986462697442 -0.980611784162604
0.237565198402062 -0.343372292228845 0.90865738616802
0.259582798180238 -0.737817896856201 0.623090300010849
-0.287287491032091 -0.554829326794973 -0.780788265552655
0.422562884670571 -0.768720652230068 0.480113702505839
-0.130127268612274 -0.970622057531799 -0.202385067127609
-0.0683314448404228 -0.546729907491648 0.83451616035892
0.494081418020043 -0.507302993174035 -0.706064604327372
0.299445939663928 -0.598019061298458 -0.743441545477853
-0.174382200692876 -0.902007781380123 -0.394933931704048
0.000856139848920565 0.00660685885986476 -0.99997780797404
0.62023779066584 -0.562005959955205 -0.54722425385283
-0.762001497286716 0.625228639159867 0.16865013165457
0.313853081588134 -0.535200418605203 0.784255541964765
0.809822062156723 0.554931545140352 0.190365983968707
0.932960184831336 0.313741797223516 -0.17649753027858
-0.764643195665623 -0.00202951294392483 0.644450668708997
-0.507935392933106 0.124309540682126 0.852378304921759
-0.329668445130018 0.163574675248148 -0.929818284345398
-0.409566769888311 -0.0294353991578847 -0.911805142713985
-0.952444994881716 0.0732276064149608 0.295780745457685
-0.930269999923248 -0.133842939387045 0.341590097659514
0.845162513560487 0.497601063633311 -0.195175580294044
0.357524546317644 0.897628884157782 -0.257756833286759
0.287904733737596 0.955264604271897 0.0676786533313118
0.713012260147242 -0.598592551513055 -0.365103374611647
0.312942666281635 0.215777927248687 -0.924936091701909
0.70705829371121 -0.67988028627778 0.19450286790954
0.684288933692707 0.631917320603814 0.363908168562612
-0.613442133974549 0.759344271272598 0.216990843010111
-0.611031631267639 -0.356932277907069 -0.706568959535075
0.215521502885609 0.968181901334449 -0.127178173136511
0.356710761039973 -0.928834094158771 0.10012321652114
0.755628921972912 0.341477075945754 0.558943949677955
-0.777489395967121 0.253596934221876 -0.575498769861367
-0.517168822103005 0.165811330328119 -0.839668394176778
0.585514503127207 0.0301063832445375 0.810102692450552
-0.439707707100063 0.67616650314187 0.591148029131199
0.359813575479686 0.683872887747016 0.634706281917141
-0.808118447143114 0.587684522755424 -0.0396418604600224
0.0719527582212745 -0.686418074898786 -0.723638740696347
0.90672866598236 0.37096168717354 0.200575554181489
0.115828171184184 -0.662180863006211 0.740337989994082
0.20515246278826 0.801664057423286 0.561468793476135
0.657468836315097 0.517874331441479 0.547303303579025
