# command_history: dirgen -cart 0126 dir0126.txt -force  (version=3.0_RC3-1000-g3151ed7a-dirty)
-0.949131266004079 -0.287815785540348 0.127718101642984
0.915369769293513 0.275599179769194 0.29350175054689
-0.659052165002511 0.302351865721477 0.688646203140804
0.881982362824798 -0.456724108055916 0.116233389292903
0.942405306058526 0.108677393221378 -0.316324933123114
-0.503970896262924 0.812297509917055 0.29357467721603
-0.396251707659769 0.0786431030456314 0.914767646192229
-0.280312186397677 -0.0801839404245427 -0.956554030807956
-0.371954213877706 0.923323819363174 0.0955153776897631
-0.311310977226741 -0.746699830670333 -0.58781360849765
0.315281802012786 -0.802289189973676 -0.506882077973717
0.117700128327653 0.485230400717196 0.866428380197396
-0.773707585430867 0.103541737375965 0.625024544212389
-0.992640143807389 -0.072850249567812 0.0967387514905668
-0.967189578338289 -0.00211381854993985 -0.254046947088409
0.132510070662699 -0.106157782597257 -0.985480393699946
0.730247935450752 0.663047668950045 -0.164638213880697
0.288348543895091 0.692500738743746 -0.661284994592307
-0.892276959196557 -0.0975558801742694 -0.440822728917611
-0.704514663903732 0.505815837464148 -0.497804607165356
-0.994244040743409 0.0956322048323093 -0.048303921633025
0.0734423728615515 -0.378749776115544 -0.922580524919581
-0.253687087548077 0.848272504778071 -0.464840423423901
0.860666872573888 0.486822132267995 -0.149186949790946
-0.00309605127126073 0.984242138066091 -0.176798835181728
-0.476810897519941 0.293417976787779 0.828587508295892
0.297820810418878 0.57511468653487 0.761935602405703
-0.616625008925191 -0.25650461034313 -0.744297644253108
-0.849438338575975 -0.105215480469979 0.517092072678319
-0.787569216558288 0.508161260412047 0.348578344918619
0.0788700941585162 0.222529013886243 0.97173059343948
-0.572101104285162 0.818171402397253 0.0574097794370482
-0.664886795557529 0.495780919992739 0.55868311990286
-0.166390561670978 0.61363027772491 -0.771862723057713
0.379050877109726 0.892404962784164 -0.244813837355126
0.439568734836924 -0.822403134847366 0.36115427610246
0.52854327474145 0.126581965930621 -0.83941587584863
0.669678846263357 0.697317822082431 0.255495788367625
0.603854310457632 -0.0904143363497227 -0.791950263289417
0.304162162337477 -0.900597481053744 -0.310498882641857
-0.106631887440238 -0.693291875746498 -0.712724361590675
0.876054187872338 0.330700695897479 -0.350950295119212
0.454106169765877 0.418123181324687 0.786740485687299
0.806903432792014 -0.313052454779417 -0.500904193139811
0.894557355256685 -0.151966570700636 0.420325230679356
0.793930527348275 0.60492249798435 0.0611807909140148
-0.753947520073055 0.655711624165541 -0.0400674794550197
-0.0508954835713212 -0.99692993834141 -0.0595008217643652
0.318976018999295 0.123270176592899 -0.939712063807908
0.268199133098058 -0.26439989251825 -0.926370294127456
0.491186597914505 -0.496826176031619 -0.715471506657654
0.229027718553288 -0.940019670532771 0.252802933419959
0.303217902058203 0.87240154768141 0.383372460506102
0.100068255776127 -0.895738024951164 -0.433174023739318
0.634597929553826 -0.201916002092008 0.745999595110599
0.318396401017343 -0.713856593697952 0.623724695240746
-0.902524613245427 0.324888299073067 0.28266042455852
0.000307264927440778 0.485000936612408 -0.87451357740938
0.172587670592413 0.927619717896757 -0.33126296944969
-0.649438468164254 -0.436597349502156 -0.622585279681554
-0.502779509916559 -0.746835911228004 -0.435257264279761
0.0819933539932886 -0.78414009025542 0.615143405032643
-0.0889294020358761 0.017967355859176 -0.995875863537706
-0.089108405698488 -0.948519941244021 -0.303923696174407
-0.946174277813601 0.248284057875832 -0.207627701929729
0.288651298890926 -0.471173374758105 -0.83347230221984
0.70623695361007 -0.683684294785884 -0.183861769867194
0.970789411463403 -0.123682741794776 -0.205597903619338
0.458546522650834 0.511843421862127 -0.726465001263858
0.293821201681561 -0.654864858832687 -0.696290972301414
0.0848825219109089 -0.591969911712292 -0.801477748350748
0.10906543668537 0.116407412766729 -0.987195038872049
-0.818992522883509 -0.503383283615003 -0.275420618759531
0.39231916527172 -0.524972204918518 0.755307789330608
-0.480901219294143 -0.847379122557164 -0.225128052307253
0.708412944757271 0.115428364804411 -0.696295477724014
-0.598187710263809 -0.708831462903692 0.37380398671918
-0.606978354156575 -0.327707368897774 0.724006324527261
-0.274456673221845 -0.328083027299767 -0.903899917978654
-0.607234530027709 0.776070134962 -0.170239158721168
-0.400330648553849 -0.329751245904384 0.854985080368635
0.364812080480453 0.814608602206463 -0.450915702927672
-0.457381724718844 -0.174408620304605 -0.871999765514108
0.76698619045742 -0.290685881445732 0.572043618945035
0.951478426183733 -0.304407861659021 -0.0449962028076662
-0.978903777305531 -0.176046064509449 -0.103707174041621
0.125519727551306 -0.972370632985643 -0.196825176495657
-0.562220421978986 -0.807976336031181 0.176302120019583
0.234032538691901 -0.4082722402343 0.882350581507991
0.629801000569599 -0.667440721078941 -0.397333088890359
-0.911583523195452 -0.403065665151445 -0.0809539981383855
0.0404266878290694 -0.912379502428457 0.407344235824655
0.631107318645028 0.774434013983065 0.0442211526168331
-0.513624601045053 0.636778502729692 -0.575067741803209
-0.267333063343815 -0.95071695076067 -0.157067860428368
0.76201798793536 0.532486867816625 -0.368491956039458
0.853988740985537 -0.506406147334686 -0.119398677595598
0.10084987995885 -0.769504329078682 -0.630628566781948
-0.17393992292077 -0.332287828644795 0.927000378720982
0.187081567879336 -0.981930974037575 0.0284964767195533
-0.445068669079979 0.305111668049616 -0.841914930277019
0.492580079837404 0.66570919286398 -0.560532011114232
0.676163884862806 0.582554633775037 0.451034920460124
-0.240644049347866 -0.522423980380994 0.818024221057262
-0.0691841429413174 -0.669061993558124 0.739979461297071
0.484755053162854 -0.673515947249171 -0.55802222826168
-0.643552323169408 -0.0281658865289263 -0.764883710232672
0.804991446539744 0.36429410492646 0.468271904040463
0.792010349512603 -0.0582598892569022 0.607721475322946
0.771870519066153 0.317340932488944 -0.550917992412297
-0.140591507132856 -0.825928629189137 0.545963302436955
0.651940175329639 0.507534743255223 -0.563367102500683
-0.89874160696912 0.110824724279373 0.424242153010476
0.272861209580168 -0.170715712920339 0.946785564776179
0.109302262287745 0.844218205919509 0.52473673042091
-0.611061577675597 0.691625989998826 -0.38504186557666
0.22103572315384 0.971121488848727 -0.0898123765752345
0.590857898656884 -0.425859355431003 0.685223141018065
0.493197778577112 0.604962954428654 0.625120608343347
-0.774030506634263 -0.182506903816751 -0.606273869516681
0.430515543139349 0.902582712078494 0.000902758252102704
0.468358067663631 -0.0689615013921976 0.880843363930344
0.766665701225468 -0.58525048024728 0.264018139404833
-0.849016060838794 0.384700734212754 -0.362183756584894
-0.416896496160146 0.899528036148713 -0.130562719303148
0.0637974892027283 -0.271213790776137 0.960402498988974
