# command_history: dirgen -cart 0229 dir0229.txt -force  (version=3.0_RC3-1000-g3151ed7a-dirty)
-0.0520169527595605 0.663576730016042 0.746297635000157
0.00557016413625437 -0.963014560346954 0.269391777586582
-0.444988109372489 -0.51705665130317 -0.731189443208974
-0.17671324476662 -0.984180813926522 0.0126710150730449
-0.273949645044746 0.865132799192567 0.420115260066914
0.610998655867009 0.156172244601696 0.776074012285411
0.361700621836709 -0.281873224533724 0.88866199730488
-0.231644268876695 -0.0294075511868316 0.97235596806405
0.220746573210492 0.0224336095504328 0.97507316832039
0.813672728301824 0.555737924801512 -0.170563918092822
-0.980581272690429 0.155849985647814 -0.119042637833656
-0.284086007500604 -0.333081023769278 0.899084073903646
-0.359032761863968 -0.712178127373495 0.603239414162497
0.412570894333473 -0.426377458943213 0.80497671994537
0.940527125528764 -0.318406512672653 0.118431494258241
0.00107257495118238 -0.239021102221786 0.971013780682672
-0.803690556466792 0.404223775505036 -0.43667451123526
-0.790591893503637 0.535378380410448 0.297211116406199
-0.008723631660442 -0.23109505810838 -0.972892066145334
0.856397251914611 0.200213168530118 -0.475918516198133
0.157872884228549 0.367866225080229 0.916379066145982
-0.0992343162036753 0.919620368704841 0.380067004554146
-0.73799299548254 -0.0238952365058173 0.674385169091847
0.722876694369071 0.684063927824305 -0.0974978327329862
-0.657214826677042 -0.607878432683503 0.445592283005568
-0.726623369438969 -0.465340981702007 0.505446584451584
0.855105239199577 -0.498452426815623 -0.142619101438237
-0.0421371555771433 -0.509641792890533 0.859354236074502
-0.727515298973339 -0.188679307882155 0.659637482665171
-0.820216489418364 -0.572016149541343 -0.00651422674697981
-0.527837915482623 0.788001230990078 -0.316924588722745
0.318935958708158 -0.670350048937959 0.670007959752557
0.209510128228225 0.874340999132379 0.437759435541926
0.689994516411636 0.510162369238172 0.513460733002211
0.132292241567294 0.978377248263489 0.158986549435681
-0.751256827845268 0.126189207181572 -0.647834440738335
-0.110260425434724 -0.664965411385026 -0.738690490154366
-0.543881508268769 -0.775681133627527 -0.320174458534099
-0.291093790139976 -0.885580143870584 0.361956094193894
0.771302091208912 0.30868786759727 -0.556601189807397
-0.243440231483881 -0.825675670633319 0.508917027244416
-0.33121744382333 -0.14352559612086 -0.932574612653214
0.834532182827556 0.0547544850993982 -0.548231686594796
-0.411842314058582 -0.655454878038892 -0.633059879636906
-0.303569392255453 -0.945415396381588 -0.118470892502334
-0.0740262687104612 -0.849752089429984 0.521959287732466
-0.00891592137607727 0.388965076632302 0.921209354873496
0.317646027868842 -0.764914392908944 -0.560363250490153
-0.999527783099964 0.0105668893178029 -0.0288539713283403
0.0703870122340691 -0.391716102064026 0.917389864720843
-0.410708332494812 0.793820576789103 -0.448517064876629
-0.11269669131284 0.109311284836083 -0.987598348912463
0.859505397169469 0.427608781509556 0.280002146799746
0.698478462863563 -0.423231559149709 0.577064020933086
-0.977534893712565 0.0135042587974695 -0.210340596577775
0.466414368605679 0.363155974040035 0.806582528497363
-0.471879009415117 0.527803384549764 0.706225026270821
-0.785215848164597 0.269954812045484 -0.55727952702808
0.13717386857823 0.52211776946041 0.841769781230574
-0.250840404490341 -0.710842388579386 -0.657101354490976
0.935789303917755 -0.338569849950474 -0.0983302363346983
-0.27628822512062 0.784203739583342 -0.555598156479303
-0.93557467820076 -0.290484791801357 -0.200794938286965
0.889750111696117 0.269186551505198 0.368623573887356
0.889588536495645 0.0880131351045854 0.448202993948723
-0.885051115399509 0.368094985225714 -0.28493965147337
-0.838543305863973 -0.367607727558029 0.402131424823206
0.982575218256006 0.142736417785433 0.119047282652498
-0.460720664602822 -0.836834830842066 0.295709206987989
0.255700441936898 -0.966598965107302 0.0174276976898185
0.656145915209319 0.368192355327555 -0.658716120519661
-0.566615046425766 0.823881239081722 -0.0129264478142198
-0.483822126539948 -0.866953162055907 0.119617576767075
0.451224588883321 -0.555443783256787 0.698483052069601
0.515900411362282 0.668140372636231 -0.536129842491301
0.684404564910892 0.68340937852802 0.254051201274623
0.891951070864533 0.439248739573154 0.107162642590638
-0.716516946735793 -0.692796902199591 -0.0814611400795914
-0.314663023946115 0.32277918747364 0.892636979681518
-0.808677928420927 0.271398257353615 0.521903241980981
0.198386323429381 -0.584199142691116 -0.786990615163318
0.0138950907362684 -0.776892048543418 -0.629480477348934
0.433328693742864 0.874571241626608 0.217603737327272
0.809047701364236 -0.587641444060444 0.0109247489583018
-0.246766420053964 0.410708372755215 -0.877738552464522
-0.526473353526478 0.292951147459485 -0.798126201317032
0.584585956464573 -0.562876340836282 0.584319676573669
-0.213457358203564 -0.490366847725743 0.844971189378829
0.2294904059551 -0.876668202136019 0.422832138014797
0.718744275350749 0.357138260434836 0.596539126616273
0.609549894603444 0.792493637961673 -0.0200688758828997
0.757568212341859 0.549166767317889 0.35285445345465
-0.588492526547947 -0.462793759454806 -0.662946817178347
-0.112861024005593 -0.363237080476633 0.924835776031194
0.121629952156505 -0.986422210309588 0.110351156524763
0.362690242817781 -0.877660132934673 0.313318494222527
-0.0892313657961608 -0.93968729134831 -0.330190184343247
-0.899025375960613 -0.432569383605268 0.0680962682254817
0.880835757547486 0.408130994159964 -0.239911358279983
0.940918206724415 -0.203019175932041 0.271027936675144
0.598970490872032 0.52634323075457 -0.603487493245186
-0.980553544032094 0.192458255805236 0.0384000919075399
0.879295488358529 -0.0963861419424973 -0.466421650219816
-0.189326941732402 0.724682015235254 0.662564174951247
-0.389859016071664 0.0139617013187547 0.920768710634717
-0.989368014573706 0.0466931945385449 0.137734081919723
-0.191359467599199 -0.741011368906766 0.643648743734556
-0.485556624277092 -0.731346015326392 -0.47892355390693
-0.176359002057636 0.945149701382154 -0.274935527661415
0.522702496865159 0.419895418639958 -0.74193661264026
0.336979831841512 0.918449803750027 -0.207109997159971
0.786727380455965 -0.530477027746419 0.315680458492793
0.487494943021354 0.123839853271893 -0.864298774307937
-0.567915951604369 -0.73260772484743 0.375176483014562
0.296619590099383 -0.13129657978916 0.945927072720166
0.282029660860375 0.58772846956125 0.758310303544777
0.781438752474024 0.521452726240859 -0.342695973754898
-0.955845193946674 -0.292714931768596 -0.0260371643761594
0.0299767614801106 -0.643450395099432 0.764900635911325
-0.0448304304967562 -0.992394157563524 0.114647584079472
-0.671752571273152 0.670631339993093 -0.31464597376572
-0.989156986790054 -0.134501660453893 0.0589725259724067
0.146124466435806 -0.834887513191443 -0.530669841451217
0.703346670009002 -0.553180920441678 -0.446423936462356
-0.580112434829114 0.678153490314772 0.451195530264352
-0.309237399152705 0.935838892778279 -0.169049690117418
0.805106759705832 0.0502705372401103 0.590995751728866
-0.89715421439698 0.441310796451876 -0.0189498423409869
0.661935035251066 -0.111710986257791 -0.741190032755758
0.156540530703765 -0.27549956035523 -0.948469849015275
-0.802454841792357 -0.397443823949578 -0.445089467060658
-0.328756473930995 -0.784273645155758 -0.526150197531616
-0.220885813654379 0.938219680181068 0.266370585927157
-0.624267086045943 0.76261472164375 -0.169438459659937
0.947231781751763 0.129193866218847 0.293361375390162
-0.444420147260706 -0.295202558559924 0.845781403276548
-0.697794905936963 0.716209948989694 -0.0112061686853256
-0.632053898873305 0.76042265566854 0.149215460543
0.280604536863308 -0.1486014035895 -0.948250344973815
0.465058756973524 -0.667195565431547 -0.581868052079437
-0.2870101243085 0.555158878760516 -0.780656011235285
0.32385949570625 0.301402194684528 0.896811989259869
0.173502654969408 0.20201496207911 -0.963891479272819
0.374281209583163 0.460293263466905 -0.805011607220636
-0.438633640856435 0.782895635632378 0.441219846354176
0.606114286104946 0.31359915994496 0.730945305109286
0.384073420937044 0.843427012189324 0.375657400351844
-0.568819781656488 0.243997917423599 0.785435593979043
-0.0540473831142925 -0.062949881336398 -0.996552152583211
-0.853169491680604 0.0952046855945579 -0.512872192954835
-0.0574672550418548 0.905681217611787 -0.420046481550775
-0.918676903478651 -0.239602262041958 0.314043791594827
-0.33735566333826 -0.165632679929432 0.926691411286949
0.179607991435975 0.961412295536702 -0.208392340077999
0.593400615135995 -0.404964073491262 -0.695614698764759
0.728895074878605 0.191684099420238 0.657243619860372
0.13463585499356 -0.538613706705599 0.831726193827637
-0.63187838161714 -0.652520215481198 -0.418266756069945
-0.432349035401598 0.195200273421393 0.880324465662247
0.404958506786553 0.00238986502232073 0.91433193990278
0.459968493417738 -0.370286873058255 -0.807041892781134
-0.711762419277429 0.418361402090291 0.564241079455748
-0.91873994078211 -0.0677095850392459 0.389014566957972
0.333816795954077 -0.932376601403624 -0.138709119721748
-0.545099570461985 0.781929363686466 0.302411852424865
0.822254791043258 0.23006641911923 0.520544427883022
-0.702247291467839 -0.656489177236802 0.275446368277076
-0.595817638560836 0.550870986449415 0.58441637371658
0.474991471717123 0.19321711789903 0.858516305696516
-0.30694201171923 -0.450325226978264 -0.838447250212395
-0.33187141763193 -0.942109403914376 0.0478668279194671
0.875835388574647 -0.240261199204991 0.418553375660592
-0.753434420682253 0.640281315378111 0.14958746909041
-0.136690560512682 -0.63204476199013 0.76278116750977
-0.117246678763918 0.102828757468334 0.987764882427164
0.412294865010776 0.788626929754602 -0.456158426373531
0.953140510872372 -0.213470975210072 -0.214367229950883
0.470188232190399 -0.148774423280206 0.869936317949371
0.418765421751161 -0.907959804816063 0.0156369557123603
0.491533235560764 -0.858503251178123 -0.14617539483702
0.0286531195972799 -0.533944259247964 -0.845034038813519
0.00240664497185435 -0.998965870345471 -0.04540262046286
0.571274102758878 -0.686063081113788 0.45051453722349
0.475949662329522 -0.86263434872306 0.171271420066382
0.549948571631811 0.0119083641111061 0.835113620667469
-0.886728748051089 0.378147022359184 0.265926600513433
0.0264583136962113 0.87637469558204 0.480902641477295
-0.14192659092312 -0.800977674688725 -0.581628410103206
0.0363279848364203 -0.973671234408147 -0.225043562013759
0.55641924187078 0.601091080968146 0.573661171473625
0.300161915636282 0.609729777115235 -0.73357509724674
0.810859750327527 -0.409419075263128 -0.418189533715833
0.668788735317144 -0.282823614307078 0.687555401915494
-0.259923805835453 -0.924416710001373 -0.27909382191344
-0.928645598876665 0.0577422466225523 -0.366446700956607
0.969191444834502 0.0998526689034898 -0.22516080425434
-0.894048772040602 0.243118112028662 0.376258391024454
-0.693831554007752 -0.0160946538138809 -0.719957454841464
0.392010130045523 -0.871643088874598 -0.294221657188663
-0.592405412753365 -0.247592252931448 0.766651096150553
-0.172393441890636 -0.20265733041797 -0.963955656459861
-0.109363451249492 0.820412837494993 -0.561215120612599
-0.177586239946573 0.436480482638931 0.882013557524443
-0.534270810276337 0.0603057788087068 0.84315948332978
0.698202700501322 -0.270018470436962 -0.663025651566774
-0.622276235874922 -0.0778092046672226 0.778921057575408
0.800974746305881 0.570084513590407 0.182874555760552
0.570394208088976 -0.42848575785705 0.700749885973747
0.949047567506916 -0.073988782086153 -0.306323970225339
0.455603251156936 0.574748189944823 -0.679772164545136
0.586667733141878 0.795146343262663 0.153503301873886
0.467954082496731 0.88222379239216 0.0519630331277692
0.161454168213625 -0.704070565548641 0.691532494026466
0.334603980639793 -0.484768291848657 -0.808108828907432
0.184124827804003 -0.262955204958183 0.947075819547488
0.854729675479696 -0.490523870095791 0.169774894258902
0.155412814087516 -0.982078159012551 -0.106627139171593
0.125566044607509 0.919126783717088 -0.373415484273894
-0.0616222275548855 -0.0701790779117642 0.995629247307766
-0.949623758275438 -0.275924666915992 0.148594400655378
-0.69657817198133 0.55429574653974 -0.455560177898705
0.452952519392325 -0.684800357431915 0.570861178954453
0.020961610934415 0.75711073561641 -0.652950185604853
0.677229070588784 -0.669343715543189 -0.305515591111633
-0.752216938970646 0.63731554531518 -0.167327739556971
-0.33738482581124 0.635658195692862 0.694341513637788
0.602980031291612 0.772127840101007 -0.200583350267464
0.61990389141039 -0.138496445407018 0.772358660224559
-0.785631446558432 0.125578667534718 0.605816167198195
