# command_history: dirgen -cart 0250 dir0250.txt -force  (version=3.0_RC3-1000-g3151ed7a-dirty)
-0.800119673084553 0.595211051308107 -0.0743795209971601
-0.172040452366245 -0.878489459500948 -0.445711063689639
0.135181007244681 0.968048718404713 -0.211205525674181
-0.458377511194004 -0.78489078275732 -0.416937065243896
-0.493781331149284 -0.586990822753922 -0.641577564298437
0.477447527568793 -0.826231546930672 0.298973726730284
-0.68739560454835 -0.381685300386391 -0.617902592903249
-0.484069778137152 0.751138577459789 -0.448851074796456
0.828218112252731 -0.262619452482349 -0.495061391864074
0.898413123739145 0.320006302831127 -0.300748774297791
-0.8183606564437 0.528715869999567 -0.225267318525431
-0.0850593771340861 0.661023192641622 0.745528833212666
-0.981135138206782 -0.0473809186220752 0.187427023469103
-0.325362208301328 -0.927073580987274 -0.186209583117291
0.124477500845349 -0.268345912386086 -0.955246472429485
-0.307602582163284 -0.95112025650232 -0.0274027209860905
0.0175361826018583 -0.219999933063343 0.975342253648369
-0.958509836165695 -0.224168899177862 0.176088610122851
0.645206390166829 -0.0690828939998538 -0.760878615709822
-0.943703832933847 0.0323917595557121 0.32920183720455
-0.0537791519916019 -0.509473972280613 0.858803862578457
0.00383271709265764 -0.378302683589288 -0.925674019225359
-0.499801566153126 -0.399561878963019 0.768471664637301
0.244989725316148 -0.399017075928133 0.883609307107661
0.038379552081159 0.0520679686487358 -0.997905775423133
-0.579513227146926 0.533261612094212 -0.616276295689229
-0.193529891455834 -0.679815956552818 -0.707387055528492
-0.578341036979419 0.346862614709393 0.738381995624577
-0.700874686025767 -0.707799790902422 -0.088284372834438
-0.668498781737532 0.39557066010313 -0.629788243523971
-0.788636112983881 0.355789970754858 -0.501464433442625
0.832544117381157 0.47191417616788 -0.290116016355218
-0.847260415832473 -0.376963979502187 -0.374229803625072
0.692494656915926 0.466317709616343 -0.550453398428116
0.445815932602013 -0.537465075661992 0.715806850122187
-0.147735293342185 -0.177704203372008 0.972931394911799
-0.460060355052625 -0.353613536625581 -0.814433506447274
0.669349347386566 -0.640482564034892 -0.37650170825704
-0.92554504786574 0.373348999843516 0.0630625775484286
-0.200481275359629 -0.0147844446640769 0.979585972963145
-0.60467473993833 -0.288861364390165 -0.742244953531626
-0.286868737961404 0.540527735360719 -0.790908398290373
-0.832735842749958 -0.137740579925776 -0.536263506907964
0.313915769561616 0.814148102611281 0.488487212355646
-0.379341086401791 -0.834452331736921 0.399736971302787
0.240457882280045 -0.690466037274589 -0.682229183060738
0.549901051498558 -0.400396886933526 0.733001477825742
0.0718762275734257 0.609545824231046 0.789485716192705
0.896309542435341 -0.37694912602039 0.233534923580637
-0.355921543316287 0.2630655574915 -0.896725357880014
0.266974855897806 -0.960392231419672 -0.0798197227951087
-0.807354058874061 -0.5714054585303 -0.147225084755816
-0.120844912491878 0.0942219202831758 -0.988189625964056
0.296664436971143 -0.951205095163551 0.0848473851777128
-0.705953660125866 0.500521364842226 -0.501106568597309
0.110089986247803 0.920805329053141 -0.374162719836297
0.863186346764316 0.241913077699741 -0.443156172920466
-0.887231460567519 0.453822722276894 -0.082856937696347
0.642299302676742 0.730446932172478 -0.232161334120881
-0.0273334271330947 -0.920219540706175 -0.390447026706155
0.200897885710069 0.78063783557787 0.591814674692613
0.458157617579815 0.645229796883966 -0.611367407265601
0.405218946786434 -0.0768969387675034 0.910979948173109
-0.3850709269541 -0.0961729962826425 -0.917862264177327
0.828892057841561 0.541988883782405 -0.138513559998596
0.493117983805284 -0.280608634845778 0.823464296796042
-0.9860904435378 0.134264648402786 -0.0979726561480398
0.170745155838006 0.977032677063095 0.127488194389825
0.135609161846587 -0.990653771909277 0.0146717219571688
-0.747038319343024 -0.616084964485844 0.249746002906206
0.526403152244825 0.0337174927958845 0.849566272862966
0.115195947200027 -0.869070744625581 -0.481088281487532
0.755914375744229 -0.649797370962215 -0.0797297512463534
0.546515053344395 -0.763270841850477 -0.344585139622759
0.531367973528278 -0.132430545867264 0.836725897310314
0.3964334968217 0.716475300843608 0.574024063849923
-0.758570212005953 -0.314544656042369 0.570642526291576
-0.198885290329411 0.752249217165052 -0.62814469397198
0.464805676957504 0.845750495898389 0.262033931687683
0.691764971701638 0.204914574654224 -0.692438618955435
0.697647447229429 0.711050685916903 -0.0877209292664112
0.649216593906497 -0.0505722190320083 0.758920460166035
-0.75278937982222 0.103904240309791 -0.650009275681911
-0.000352801937711276 -0.993903000900335 0.110257427559788
-0.603775952516757 -0.0905950344125625 0.79198935529606
0.327655549730394 -0.454908634425107 -0.828070030285095
0.954668136605858 0.29586878365395 -0.0327171485406416
-0.591287873508867 -0.786395756122543 -0.178774621783449
0.435383671965651 0.898239304946728 -0.060060046907458
-0.967235602885548 0.0462588360654714 -0.249630544197818
0.608815294783611 -0.718572972246665 0.336149996867675
-0.176633598734442 -0.760905951362216 0.624357834082093
0.411435377729063 -0.783454614933617 -0.465746493590838
0.258061038494304 0.295203604938886 -0.919923546846328
-0.758344063842582 0.423162265781217 0.49583059370477
-0.946613728543667 0.213596252412398 -0.241452044696324
0.932914480638365 -0.294759376143149 -0.206851352403005
-0.270015764313714 0.145241878378218 -0.951838370621424
0.638418445277693 0.36306179919132 -0.678681087623027
0.800094918954966 0.302988504707642 0.517731674400432
-0.640308386315042 0.763120066528206 0.0874810521005135
-0.991317982221936 -0.125240299003687 0.0400440461104651
0.802877518471645 0.157923530672589 -0.574845934831861
0.0781491229359337 -0.110570407773686 -0.990791047350099
0.396018572018999 -0.694422429904601 -0.600788464820541
-0.463906425286303 -0.880364860668242 -0.0987346984533367
0.0488317795760054 -0.903854769746578 0.425043541898711
-0.90590648720926 -0.396730744605672 0.148115335859618
-0.924426452475646 -0.281373417597915 -0.257419373460045
0.437112448550883 -0.333372364291428 -0.835341591235942
-0.0878379189227111 -0.336595663875449 0.937543523821467
0.471557805182576 -0.656370456923186 0.588906664633573
0.927619477831067 0.357317574481167 0.10884050401994
-0.689150324655251 0.721613950351571 -0.0659176507891737
-0.820840095553458 0.00763487763903426 0.571107035655512
0.0176347867070496 0.998033487737044 0.0601512398311793
-0.359676203596195 0.0175680084094553 0.932911782349839
0.588611226207367 0.808360132441347 0.00952473947510063
-0.916829063621218 0.206948053370155 0.341462986728788
-0.191486963510031 -0.441280411518449 0.876700827657769
0.558246443250727 0.509727994780433 -0.654628352529152
0.814645454333565 -0.447951823691122 0.368363879045513
0.0510653045609823 -0.523579543863848 -0.850445057553643
0.590853285616858 -0.785872898566239 0.182472414832657
-0.171580502473445 0.271819055176264 -0.946929000724998
-0.0620521888951549 0.392302997276816 -0.917740641020624
-0.299338878934797 -0.407854199234285 -0.86258401777741
-0.423436593062077 0.905751032354582 0.0177909821142556
0.242571539373862 0.547560830808504 0.800834680099517
-0.363936654844423 0.587289688980975 0.722939093200306
-0.86747898495723 -0.445838512777732 -0.220699413641529
0.478080172385946 -0.474031431473583 -0.739414329551795
0.891255423019202 0.211093119248551 0.401376962399165
0.95842963475232 0.118060720907983 0.259758159462264
-0.858784662327221 0.360888746288891 0.363659478844638
-0.209279356125132 0.565059606597856 0.798066283018727
0.165778048678571 -0.65231857847827 0.739593206261668
0.348297154847067 -0.849542679858099 0.396189761383301
0.347461183910602 0.257088796374624 0.901762760627256
-0.415650283693842 -0.272677733750027 0.867687556198761
-0.118570592177115 0.937794735889562 0.326315871524194
-0.231166087570253 -0.850618794533475 0.472239246933035
-0.260629980715443 0.93190055045174 0.252256570221694
0.492858743676586 0.729544481972958 -0.474188894433796
0.177499514938229 0.940631785933737 0.289319486878783
-0.119807742274593 -0.471372462816537 -0.87375860864963
0.636658795808736 0.123493176531777 0.761193150960689
-0.878579146592355 0.111160052423491 0.464480490352668
-0.560731597908566 -0.248389236839814 0.789862559012036
-0.662933175665063 0.710745047100588 0.23528935935273
0.340989242388652 0.636377086179788 0.691918015924239
-0.351362081713403 -0.422042367447837 0.835718210650605
0.731032276548457 0.547377176176017 -0.407394204237063
0.541973185939958 -0.682185249998686 -0.490803779942985
0.41072026989956 -0.853176580436039 -0.321556499684114
0.171282689824312 -0.420745365160969 -0.890862266493598
-0.6045488730662 0.634647352811555 -0.481397338633766
0.162222918364381 -0.970429100694616 0.178748665120561
-0.950079752704174 0.298305919595044 -0.0914442006697561
0.134574677160079 0.652040882711213 -0.746144988283405
-0.656853512791162 0.555919951399885 0.509407960645945
0.21809876964296 0.175030428212295 0.960102742356279
0.262389663168079 -0.792436201021905 -0.550632846797676
0.747717752021498 0.462144189750953 0.4768028011572
-0.28639958190664 0.304099361251668 0.908569677003382
0.406686563817207 0.500219254067134 0.764451919136235
-0.997810285847719 0.045934270622885 0.0475886145925442
0.67246390848529 0.610492105664982 0.418439578320961
-0.0179525307636214 0.624263088383014 -0.781007876478645
0.172885673948897 0.327258301942822 0.928984686393019
-0.975301760387316 0.214025487628457 0.0545854085887858
-0.532281698119125 0.826680309275052 0.182416721010781
-0.302002067138225 -0.66779703995296 0.680324823061972
-0.263379223056839 -0.913806339523387 0.30917528799832
-0.508453714006996 0.0416498714713504 0.860081454816294
-0.70673084801446 -0.662483243512215 -0.248289066473532
-0.323327215196623 -0.882244931445541 -0.342203730037897
0.667420777480709 -0.213786656029555 -0.713333562571359
-0.890916922078107 -0.0715702290222203 0.448491627873453
-0.0884720241579293 -0.0692805832595495 -0.993666393577148
-0.410309813986345 -0.882219104167762 0.230944384620893
-0.108961237517636 0.77790411081778 0.618863994017607
0.880739903204947 -0.28762283968665 0.376258322157967
0.790907937096762 0.61189047062595 -0.00739506555057644
-0.397365877487788 0.901848322576286 0.169617105489685
-0.130105829759371 0.517533450682822 -0.845713663415081
0.974208705405494 0.196047935409699 0.111725580480688
-0.72199620666427 0.589449632618006 -0.362312859513575
-0.0459527548193832 -0.227258945729226 -0.972749564847269
0.629050340696468 0.532468751450739 0.566367987794286
0.12127981257339 -0.979852336363047 -0.158683981504253
-0.727172428601037 -0.0389086740627404 0.685351277933549
-0.773229797331191 0.148523266955346 0.61648724211623
-0.311738155181556 -0.141223419427646 0.939614425394355
-0.914622858852025 0.118985989634504 -0.386403106012422
0.449213263152741 -0.881389696286947 0.146149401253886
0.807155875707921 0.398584395208267 -0.435465121687879
0.00449121053836423 0.740110946615548 -0.672469787966521
-0.7160863162193 0.663708979068873 -0.216126765641899
-0.330392410421577 0.655748740815647 -0.67884787990721
0.881570116002134 0.471890828980045 0.0123764331093632
0.722255177056304 -0.322224599416741 -0.611979384249247
-0.0273732245774605 -0.97300911464023 -0.229137446532137
-0.396258921390477 0.416170566278092 -0.818401446102234
0.341801668974085 0.760625139682574 -0.551924828187132
0.544887658930249 0.671246810024824 0.50251881474927
-0.780693183312739 -0.533800213326974 -0.324923815349228
0.0239594853306753 -0.961899104632616 0.272352814506589
0.322982600910279 -0.913999827283212 0.245533205973225
0.396171694211615 -0.176458304444231 -0.901060739072658
-0.993946878847496 -0.0323741423596533 -0.104983412669801
0.241667117230929 -0.145915731159125 -0.959325598454243
0.0803402816307032 0.844841252638128 -0.528950561951056
-0.630495697541915 -0.674576115006274 0.383956039728738
0.838068240918823 -0.190035549348811 0.511398194704405
0.554226832161558 -0.832106380455011 0.0207747471278455
0.409666735148909 0.543040028649485 -0.732994333809477
-0.548643694331795 -0.823404099869983 0.144899223556457
-0.501188707106626 -0.197533158979048 -0.842490671148676
-0.155048409448817 -0.987034612928756 0.0415049829294411
-0.727957248590018 -0.22193653460975 -0.648708269432929
-0.9721562498172 0.127426359503944 0.196658965839167
-0.589683987232821 -0.733512669434969 -0.337982187370264
-0.0726675791274319 0.820892537862103 -0.566440521348954
-0.248560421350128 -0.558056941103059 0.791700806760322
-0.601191227312778 -0.602444476469182 0.525004534241305
0.517704749357762 0.79341649215041 -0.320112577816234
-0.211467070787196 0.850005994907176 -0.482463974400726
0.266307050558767 -0.873199503374499 -0.408170530696692
0.556684055425831 0.443805475852329 0.702238963628577
0.846336514936893 -0.0269777994534216 0.531964944165615
0.253775054566854 0.0171434439473487 0.967111329687133
0.518823439435858 -0.585513281448656 -0.622893599211915
-0.626859553404931 0.457399063904369 0.630740197422344
0.937074601252109 0.148410916816869 -0.316014859552169
0.537392802232727 -0.199199566746554 -0.819468430579508
-0.851942297368511 0.518262070518726 0.07482478343508
-0.866879743924235 0.445837826379895 0.223042915473019
-0.914871073379185 -0.0459984885453737 -0.401117262338034
-0.750237861766553 -0.0578778263210458 -0.658629871773442
-0.0403290655787744 -0.839035532080519 -0.542579894924152
0.631733631556968 -0.232153747611657 0.739606149399603
0.776319608907628 -0.587824924982844 -0.227573553811558
0.737179816447601 -0.256263661079434 0.625215846114321
-0.287361970430781 -0.947442231608643 0.140628289168907
-0.346258867831487 0.76342963152314 -0.545233889409397
-0.0437878159219567 -0.739400001193254 -0.671840952467324
0.187720674057972 -0.923091053241419 0.335654369786643
0.464432509547558 0.117290706613048 -0.877807116750354
0.777009063770442 -0.51168513973165 -0.366654104840493
