# command_history: dirgen -cart 0225 dir0225.txt -force  (version=3.0_RC3-1000-g3151ed7a-dirty)
-0.903186897097757 0.354852443899193 -0.241522611715126
0.54762165863909 0.729822569774745 -0.409230418757893
-0.398458333791326 -0.769887775720685 0.498501523596565
0.687237074926795 0.441155466084518 0.577136948730381
0.412378984252325 0.143957333461585 0.8995664841965
-0.999815017283501 -0.0180147273035093 0.00673801265753964
-0.1275575139577 -0.937265811238239 0.324440872451139
0.585627094896363 -0.695917649925231 0.415619453642138
0.0569206608048987 0.99837461098509 -0.0028591106842237
0.555047880648424 0.517302427601016 0.651398532839757
0.629021832400263 -0.327633057083813 -0.704973839422238
-0.712638338730187 0.597513133261661 -0.367593054547704
0.560140750391552 -0.204887369814378 -0.802660267760487
0.848311821570371 0.523660383250847 0.0784018902676174
-0.675535823765755 -0.724502123117072 0.136923425344161
-0.521135759370893 -0.248231538888512 -0.816577383599353
-0.950505746670399 0.0208101605882109 -0.310009294639434
0.235321560892788 -0.949578528381437 0.207182000704516
-0.773175819102845 -0.519999917345025 0.363041648734429
0.0292155044796824 0.780516638412042 -0.624451944876436
0.121566838284941 0.527512412871008 0.840804470787597
0.274580336968349 -0.960745550955084 0.0396689408777159
0.0989982813938664 -0.844469556245409 0.526374874833272
-0.565261358304685 0.483284725108209 -0.668517367975302
0.87467971472683 -0.468524147356652 0.12417938632927
0.807882738339626 -0.10294646871821 -0.580282263791784
0.981416134273741 0.191299092803413 0.0150674642782855
0.0180143589386146 -0.168991333979552 0.985452896850906
-0.651406053603169 -0.595449367331325 0.470223568394728
0.931720524588178 0.151383655144417 0.330120967247229
0.161583103832912 0.698996035644945 -0.696631497068841
-0.350621551140059 -0.920152029836957 -0.174312276856986
-0.73299340265335 -0.442262221761521 0.516841173736408
0.255207838203623 -0.598079589425387 -0.759716897292797
-0.688030717807021 0.377814266810767 -0.61957252291253
0.360680486113938 -0.0330309732494773 -0.932104362044726
-0.0197940413951451 -0.98726041868089 -0.157876729226574
-0.803147157993207 0.571079707678922 0.169772230016551
-0.29048793095265 -0.0407255717474374 -0.9560116054613
0.786307988558003 0.584661030793603 -0.199727880380354
-0.880756453985887 -0.327187042821954 -0.342369256463881
0.75279282328303 -0.270414717650327 -0.600149019570689
0.313145257855754 -0.491924651184852 0.812373180896019
-0.368631053486307 0.482523551207082 0.794532673296751
-0.510598556749416 -0.85256070118398 -0.11148706042449
-0.708487244298188 0.641451742283112 0.294254119748085
0.186143433588896 -0.414553346707791 0.890784005730405
0.713388397145831 0.183905260080859 -0.676206958062614
0.310792176022908 0.887528531769037 0.340148980034989
0.80315273603875 -0.0836102192076436 0.589877117574093
-0.32929972043979 0.136628090933377 -0.934288209754451
-0.280004261548781 -0.926025550930023 0.253129003749609
0.743248297552424 0.652010159433056 0.149882354470111
-0.420767944163773 -0.892350439655652 0.163294304893208
0.0598906869991036 -0.968335054444398 0.242364040123406
0.95626247866795 -0.27022025477844 0.111995918672528
-0.465860391223947 0.865723081894327 0.183023608761438
-0.56761533423708 -0.72270639156965 -0.394345411946561
-0.580727643027061 0.81199325573462 0.0585009167938975
-0.54575228254733 -0.835596193238216 0.0627172060935548
0.618260049331873 0.051454054344789 -0.784287569512379
0.195518133824658 -0.233724669572978 0.952441829288658
-0.844094199197179 -0.353845683409306 0.402862526445777
-0.421990152036776 0.572076088399211 -0.703315903890874
0.702318296445621 -0.702641111161047 -0.114212430952542
0.240458692015742 0.61755137374842 0.74887243120275
0.682865066901369 -0.142338211444073 -0.716543881397846
-0.940262746401486 0.18980851816716 -0.282628190668806
0.34841833885906 0.67894772815521 -0.646246581097008
-0.874641737555888 0.483264333173576 0.0381761078099414
0.175653670683639 -0.749217720606919 0.638606760928772
0.249044205455373 0.964064741332611 -0.0924995040440087
0.192993805917656 0.459115837026 -0.867159754064575
0.888511518680743 -0.314212976762926 -0.334391217596127
-0.0125308024969225 0.776362560960978 0.630162005302521
0.573631050377542 -0.590437967779667 -0.567741511822921
0.40577919910325 0.575442078572267 0.710077218183736
0.592557245266988 -0.690014131787436 -0.41563975870365
-0.113344805152219 -0.107689274810464 -0.987702371788082
-0.588804750329012 0.116822132007605 -0.79978844419208
0.791380694716839 0.274047357956551 -0.546456440740273
-0.169873653669606 0.956329465062816 0.237858983520925
-0.0435198497631118 0.881169564677311 0.470793182791546
-0.336434323886493 0.32098748555338 -0.8853129276302
-0.584232323795834 -0.22958330244186 0.778436958958148
-0.357042713358187 0.87190071170329 -0.335126319123281
0.469654287697817 0.835551640597834 0.28509350385676
0.0162550519933258 -0.948726265574844 -0.315680608040951
0.462077734981578 -0.404907604080934 0.789008237594343
0.891898439372002 -0.408238767713175 -0.19457204933344
-0.267469587397286 -0.867438431461796 0.419536157488988
0.931928643527728 0.361033656092451 0.0341130846023445
0.195392915254028 -0.01529894195568 -0.980605706205899
0.270511534271205 0.82306295839416 0.499390504861367
0.942769897823666 0.308854420614814 -0.125673651272819
0.332065432040223 -0.817343547518277 -0.470831258705471
-0.158788642269272 0.0627519222054704 -0.98531637728488
-0.801421748924072 -0.350198154526355 -0.484855063826105
-0.772849785229805 -0.633879276377136 0.0300045404871223
0.275359904561562 -0.82184415049329 0.498747546620341
-0.598605144206524 -0.50767307715702 0.619628863158754
0.0979460807010278 -0.991649240811021 0.0838948656011381
0.310530940986852 -0.941757543955402 -0.129086262216045
0.127216757399653 -0.317312823319455 -0.939749152058013
-0.233183626096603 -0.786061754401244 0.572479095503127
0.194214216780463 -0.896775275897687 -0.397586396320321
-0.613109913687308 -0.348955952970598 -0.708749586683987
0.893273679002386 -0.0212448308317672 -0.449010903614235
0.985584949399141 -0.0962377187649773 0.139142405487347
0.0530745818527869 -0.327831056258009 0.943244341257296
0.884726424982206 -0.146179209093215 0.442595517111378
0.055851069139141 0.662280599788022 0.747171376071402
0.983833043318845 0.0741020986984759 0.163038099358587
0.176106796747262 -0.808572640663051 -0.561423797955341
0.474481644574498 0.111571632967807 -0.873166043590094
-0.558443901528142 -0.793922739504203 0.240472644066157
-0.135103879136244 0.98781309481676 0.0772802144851673
-0.809110878787025 0.487241088041926 0.328535702705517
-0.767142209796038 -0.492448998833511 -0.411080057284617
-0.653950177674301 -0.755338930266712 -0.0425707122713453
-0.318160858407153 -0.135677512878398 0.938277827019671
-0.788221311374881 0.615153235157381 -0.0171365565348255
0.470393630901542 -0.223091389853253 0.853791580996561
0.52682623334575 0.397925155591185 -0.751072360299899
0.0219273991359397 0.00621058888657695 -0.999740275147908
0.927744907253033 0.245933143382508 -0.28072455548466
-0.177911638958584 -0.739859810256919 -0.648810380534765
-0.353270707211267 0.709771120310211 -0.609446276713575
0.212992478148366 0.974618950438393 0.0689355184109246
-0.457221863413931 0.715066850255993 0.52879822927206
0.452176648574011 -0.0358680317642942 0.891206913562575
0.423667796839249 -0.606095994324486 -0.673166579373329
-0.887587179536399 -0.173619562316384 0.426667606344432
0.241863259002876 0.213417437428006 0.946549080262704
0.64797423227551 -0.549495070006856 0.527432045239122
0.508611639672732 0.648534340086591 -0.566319176540814
0.0586695424472611 0.273613274638892 0.960048780391086
-0.596347032379472 0.7655684051794 0.241402638683317
-0.467157544434201 -0.419673813974451 -0.778227292339677
0.399087775655319 -0.901607737994374 0.166830555088565
-0.772936710130362 0.605669136755696 -0.189033697827831
-0.424464800680154 -0.783703555394635 -0.453473670950548
-0.954271456449329 0.234487306355528 0.18542300440939
-0.0029343010720754 0.429284987224721 0.90316432038732
-0.733940664004109 -0.011157646857383 0.679121939446676
0.983801853509512 -0.050956074321681 -0.17186445682855
-0.614402904419334 -0.757915392631438 -0.219256308126858
-0.651226549699236 0.718447339423625 -0.2444123594296
-0.0689542220426909 0.157545025452298 0.985101456814333
-0.189927885124053 0.466603799554041 0.863833486670919
0.107362762091555 0.840614171650222 0.530887042351651
0.388343695808572 0.92149878153457 0.00540088474617737
-0.895672449783845 -0.399037590479803 -0.196315725509391
-0.702741912167687 0.192760660533094 -0.684833653257306
-0.859386865300206 0.316447611282837 -0.401640542105589
-0.763589882020579 0.439710147622264 -0.47284826123589
-0.872627616820917 -0.480494124745328 0.0874439160071664
0.987250004982591 -0.156547912902269 -0.0288128205460456
0.695662119500499 -0.0105283081346259 0.718291981174714
-0.0861788459926186 -0.593471647441999 0.800227848919207
0.472476786881701 -0.803636618751389 -0.361847855955756
-0.364987899823369 -0.438010738395083 0.821541493798774
-0.0945699414376806 -0.981925336933068 0.163948647037283
-0.175970456209707 -0.957436841280103 -0.228799242789235
0.422352932518361 0.841563309809007 -0.336733122778929
0.512119505076672 -0.642747745788616 0.569744633852463
-0.883825170655576 -0.0236374973058603 -0.467219794568634
0.362129984520197 0.315612201987141 0.877069445521978
-0.405003104119498 0.199700868802114 0.892239905324376
0.823654166061419 0.0933599427028361 -0.559354749535741
0.937322271700206 -0.130518272121013 -0.323097415058231
0.249374120750981 -0.631912451530126 0.733825048292072
0.679140354860524 -0.73055267025435 0.0711419312653259
-0.242430414264635 0.181225653295475 0.953092207935363
-0.563789074708433 -0.0673967343390868 -0.823164357488731
0.860521801809351 -0.211347458844185 -0.4635024058739
-0.697419766738519 -0.638674259361582 -0.325116685808842
0.446652974952783 0.548465810973697 -0.706884979440639
-0.677139031351261 0.444430024453277 0.58648502588313
0.0674156159696838 -0.571468403491941 -0.817850229891635
-0.438511995636596 0.772014251137729 -0.460110014804136
0.0478486951155217 -0.678887130331846 0.732681900039528
0.345819465358028 0.709266306713432 0.61428837164688
0.303257870740725 -0.717407053689094 -0.627185605025287
0.436247878082914 0.278742199415265 -0.855564477484483
-0.533642933904758 0.475817737897482 0.699158565273747
-0.741001557731381 -0.263216492817923 -0.61776514093003
0.794037737805495 -0.384820454239911 -0.470549985590608
0.811621098990263 0.524452276092766 0.257334416227125
-0.500135874839623 -0.659561098911725 -0.561108958670919
0.303133549602131 -0.341409738581923 -0.88969064371108
0.640844814938766 0.58858926479795 0.492829179869362
0.661288147023721 0.168120468802569 0.731049584211316
-0.548489345597911 0.827310511841043 -0.121312632330217
0.980108119655897 0.130506996173856 -0.14951922195577
0.436984857700463 -0.899442776474981 -0.00685025455607416
-0.470641946927923 0.350638897304542 0.809659509601999
-0.184786663610052 -0.376882681175172 -0.907641632794617
-0.786404083199388 -0.0917649861136381 -0.61085825299401
-0.303461051344985 -0.474785116196877 -0.826129822579063
0.134339385620316 -0.6951116736711 -0.706238409177324
0.121476413940055 -0.557335706274512 0.821352781311268
-0.0243761437248452 0.917715346948971 -0.396490032146379
0.942422127708951 -0.332448466024393 -0.0363118526456763
0.272258879693173 0.579812868036103 -0.767914149165104
0.677341047063852 0.668131400789549 -0.307911573737396
-0.667252045953966 -0.350851397589879 0.657022072672962
0.193711249747396 -0.908412325579524 0.370490213712188
0.153751607372401 0.151841788710347 -0.976373143030699
0.114549334414018 0.316702613105434 -0.941582659588363
0.818914370237799 -0.48390459404259 0.308570248213441
0.953312481209654 0.240359328983035 0.18281877950779
-0.511044657829165 0.808261494537573 -0.292483698951174
-0.336355381693378 0.893243702558441 0.298296404680964
0.590867817800081 -0.303817869858477 0.747375356727012
0.278354940036926 0.302110622467681 -0.911727864633537
-0.871428807009941 -0.422864714626385 0.248590561842517
0.950193802163921 0.0591917133209108 -0.305987057575001
0.79261917217008 -0.261305970795732 0.550884777004154
0.0134494909002423 0.469465101154092 -0.882848588373398
-0.702823698139647 0.55100421970115 0.449925770772064
0.139230936240208 0.913025110402325 0.383405652238587
0.856005613790002 0.19051301574017 0.48058212616949
0.517436743287014 -0.0572595505500008 -0.853803584302233
0.102717413382361 0.862873864829078 -0.49487152512846
