# command_history: dirgen -cart 0045 dir0045.txt -force  (version=3.0_RC3-1000-g3151ed7a-dirty)
-0.820658976772412 0.560789333731538 -0.109700351028587
-0.698822061204192 0.417619847302029 0.580724883153594
0.495982214451523 0.851697725433141 -0.169152674941243
0.370744534023863 0.27885707851598 -0.885882170637248
-0.01812127864214 0.105323798837805 -0.994272858253079
-0.574456706335356 -0.791256584241373 -0.209553120809521
-0.696114459057469 0.669085021688783 0.260288097389889
-0.358763246451632 -0.110987557114591 -0.926806719419546
-0.0465453697356444 -0.491060536213586 0.869881071371137
0.801224755234855 0.597154050400187 -0.0380254084724642
0.638002749532278 0.645137295653312 -0.420416889939479
-0.965672428022289 -0.243626508499526 -0.0901270553933022
-0.972678163495846 0.18420801502125 -0.141296133918377
-0.560801841202577 0.455429113752279 -0.691437355984339
-0.526579710134941 0.844823995320908 -0.0947957056211958
-0.263298331074506 -0.813194430736472 -0.519026788010567
-0.586659742138115 0.693707382018205 -0.417852145008122
-0.233944934244986 -0.962431771883812 -0.137821813257898
0.31236556632683 0.498110430843183 0.808896626064504
0.0485440926144023 -0.669333556983725 -0.741374440190488
-0.655408269930539 -0.277222861694623 -0.702557815884573
-0.82781425805214 0.337823988072008 -0.447882247079195
-0.609881962272431 0.0767544683365546 0.788766596456203
0.372286909271195 -0.434930608289379 -0.819901105718447
0.89055129511261 0.0646410709358625 0.450266501886958
0.877761974968273 0.350136148955891 -0.327014667093291
-0.0140353985929571 -0.322920927472829 -0.946321870288553
-0.286111200057921 0.0898988019472732 0.95396990865009
0.414071820116658 -0.708734930563785 -0.57117363908362
0.120011186457091 -0.992614404788673 0.0177188749978758
0.387885285514427 -0.890357856308008 -0.238344064310402
0.400583413738092 0.611757983848407 -0.682118096692699
0.820939061082286 0.454123500084348 0.346166007372873
-0.111813187538051 -0.79769078025836 0.592610521492312
-0.170787349083028 -0.945981846419224 0.275590325734535
-0.659088602900125 0.0924316261746332 -0.746363589686605
0.312384336943953 -0.294800636102685 0.903055153900103
-0.0680910592981248 0.909278405754992 0.410580550527323
0.685404295665353 0.305837666302974 -0.660820908683913
-0.565878895112775 -0.613817364018642 -0.550462823172601
0.245924688946511 -0.675927557493543 0.694725114262739
0.232468863331368 -0.896863150708287 0.376290733985074
-0.902640779895056 0.360372402955322 0.235311184729184
0.851821689344405 -0.0427419867743869 -0.522085177082267
0.982434055103582 0.00799239127907147 -0.186438861438205
