# command_history: dirgen -cart 0274 dir0274.txt -force  (version=3.0_RC3-1000-g3151ed7a-dirty)
-0.486300651372935 0.427017386367705 -0.762343641813817
-0.0995191101978823 -0.517735070973132 0.849733101032241
-0.383752204900859 -0.883845020153344 0.267492477621081
0.220937342300858 -0.847672219609878 0.4823261333151
0.934117890815016 -0.311664771695841 0.174036881559871
0.703481926698151 0.231794396386045 -0.671851573350161
0.645112980413929 -0.695463797953179 -0.316479617413188
0.616186995771251 0.781381503744728 0.0987751580511438
-0.286109390806723 -0.432788215017715 -0.854889336366986
-0.13957611797445 -0.987179896406726 -0.0774232485858601
0.65216273046133 -0.162338963064111 -0.740492966927095
0.860647607890532 -0.199168337458173 0.468633831884184
-0.0531825646284256 -0.121770378706761 0.99113247837469
-0.778393857360154 0.465211990908374 0.421522011689838
-0.915895981396662 0.19213576697952 0.352446305568149
0.986635981837766 0.0099902723068789 -0.162633433838992
-0.0172310156916543 -0.999741667305035 0.0148219685731067
-0.485722615931142 0.781097803965795 -0.392377064840469
0.360842209948658 0.0207179018102305 0.932396733190304
-0.975478271694294 0.21102694689103 -0.0625281467673927
0.387599399156369 -0.669959765132453 0.633182926868129
-0.751934065655942 0.0356696805690629 -0.658272614343196
-0.0404563175709645 -0.740781389167734 0.670526822603928
-0.673001914398663 0.169467329800909 -0.719964754238625
0.364882153425219 0.893626931853989 0.261327229306478
-0.203192677370301 -0.561653571162781 -0.802033666290377
0.611037810390209 -0.577651438215046 0.541250044066167
-0.393531819224734 0.917904756005822 0.0508287926235135
0.369006004224176 -0.146448710602645 -0.917816617854204
0.695262160637446 0.363650834927638 0.619974675484557
0.943678908711712 0.31626475936516 -0.0971942345839994
0.646978970229718 0.598455848823727 0.472513289854545
-0.516693278000288 0.791160990803385 0.327249664782599
-0.775925518063862 0.183693126611589 -0.603486889379534
0.442793680105199 0.642984908773908 -0.624903323681275
0.432205874676368 -0.896105490766606 0.100960543348255
-0.709161914919672 -0.704953461071614 -0.0114015854431207
0.869674174157803 0.185618267777613 0.457397736625557
-0.859804355171106 -0.350816884568553 0.37103097489349
-0.924380973944398 0.105459412232434 -0.366603501594293
0.811487914682848 0.324177297398055 0.486206174554969
-0.598775168404374 -0.761848578024059 -0.247093184578274
0.205867782270148 -0.147909636608152 -0.967337167497257
0.31748666912982 -0.918878797197188 0.234230593617277
0.130190992578867 -0.991043207839804 0.0297265141905418
0.0653174296965394 -0.890227115039691 0.450809623927824
0.643903837131446 0.253160764656859 0.722009332187442
0.765587860494232 0.226990932045205 0.601955434092188
-0.177974745299122 0.236770510273191 -0.955125497251898
0.967392887080339 -0.157957163119925 -0.197991253962069
-0.265200646152273 0.638817263188536 -0.722205733522468
0.159552485880487 0.645882148450926 -0.746578364648865
0.689518866680197 0.660229966494725 0.297758499180849
-0.26942684827922 -0.962976045874959 0.0092902366683751
0.100955330776959 0.967116473718889 0.233438958722097
0.239580519512686 -0.493819391949387 0.835908836419839
0.501955637735102 -0.686401632051707 0.526206553800597
0.796291620209116 -0.32474285378532 0.510354518447821
0.553320204996673 -0.150252583950508 0.819305139590028
0.369385061411473 -0.77705875206305 0.509641415358149
-0.612839435640516 -0.786044965034607 0.0810008584371599
0.520501808047738 0.12188753711706 -0.845116143565234
0.68400365579441 -0.719338455815456 0.121207197991363
0.21280522308754 -0.922075130076288 -0.323251282319898
0.50858123871857 0.860994716075989 0.00576389735439796
-0.755869998255509 0.580678124681181 0.302445798869755
0.0594643439902802 -0.657351469457208 -0.751234342529849
0.118578726920454 0.958644784449273 -0.258726231314359
0.677394131828021 -0.588555011711751 -0.441293766502478
0.0916214559363465 0.908429037541454 -0.40787521690293
-0.63637816594898 0.0177589146697434 -0.771172776265582
-0.0624622453383869 0.486579135593256 -0.871400718792799
0.932464775235983 0.261226862079433 -0.249539514851338
0.200554434836046 -0.431291001355199 -0.879639693748312
-0.0132431214588182 0.986234244068622 -0.164823043171825
-0.0241989068507318 0.991364773159613 0.128880950669283
0.966580250366349 -0.00453391165734077 0.256324137074154
0.245547314849067 -0.754246684205827 0.608948647699401
0.249738113889216 0.676792344566623 0.692519311504792
0.604093056777593 0.691790872560205 -0.395596975968592
-0.0392187531514142 0.94945323308023 -0.311448948617179
0.319767049920786 -0.926175304774372 -0.199870804799142
-0.871252439528891 0.404032172313355 -0.278706279711648
-0.491590216194084 -0.853142385679126 -0.174605638797786
-0.0978610472601442 -0.675181089242854 -0.731131802179321
-0.593921204092238 0.444962719577146 0.670272915696387
0.984089737781 0.106361491324649 0.142318730873063
-0.919571208791005 0.309278472032566 0.242354324698058
0.71338344785452 -0.565246781949049 0.414222321734889
0.373463650096073 0.127358949554001 -0.918860489968646
-0.573071137962311 0.29498846621349 0.764572609786405
-0.0294332435780471 -0.03135629794477 -0.999074805383298
0.383715421113606 0.919533947300694 0.0849693789621411
0.849499647136618 -0.0553233476243751 0.52468054730702
-0.807262227799404 -0.543115764755066 -0.230982600303276
0.336552479681756 0.752544406590744 -0.566047122180695
0.700563010422632 -0.660225125677993 0.270766046340854
-0.0489086684573822 -0.29425288928817 -0.954475342423936
-0.268955530212967 -0.945240066463598 0.184889533288811
0.462512027603767 -0.281355326711419 0.840786420235819
0.526622221060259 0.638998332275217 0.56066939245428
0.569738469538097 0.398736401885212 0.718614888615608
0.993459439752882 -0.102722205571866 -0.0498647174697852
0.817415421451846 0.0869483754452737 0.569448864060795
-0.977161714412561 -0.161643136336876 0.137936508443137
0.609226324666052 -0.68182043390386 0.404924908155879
-0.219796029736358 -0.917787004659479 -0.330691275044134
0.160428639828194 -0.970378619833463 -0.180632183436342
-0.794595317928752 0.540383049573678 -0.276775071961254
-0.719250123132331 0.0253991656376913 0.694286787112527
-0.317323831378283 0.267192632447686 -0.909897622375772
-0.573041806775946 -0.618879536598344 0.537225471163439
0.815993343066169 -0.55646055223929 -0.156545577622755
-0.333564233554258 -0.844849591787741 -0.418287065720956
0.927988423085744 -0.371748154730599 0.0253139501703934
-0.393688174752227 -0.66456508241712 -0.635108551581686
0.397011493647439 0.53072504622584 -0.748807584911111
0.758242750315746 -0.181240182583974 -0.626274642477677
0.191400558866483 0.754852899734118 -0.627345937923082
-0.0902314328328482 0.81020028864638 -0.5791664534538
0.416631792086578 -0.133970784904206 0.899149475123507
0.350030943964057 -0.398741125671032 0.847634268400134
-0.0691721495463211 -0.918625654042226 -0.389027147462275
0.252497755456697 0.530687892570703 -0.809082964947474
0.276324916282267 -0.277227457231971 -0.920211648262667
0.656013476079556 0.490826456676397 -0.57335478425536
0.521441856977283 -0.150454264856179 -0.83991779596498
-0.0530014622033872 -0.554627854340466 -0.830408807873564
0.604277149521139 -0.447721390219115 0.659086248761776
0.557481586216221 -0.69595871708778 -0.452609926028337
-0.048991285893348 0.955164834346103 0.291993138849353
0.897869144626413 0.285740261778768 0.334938056849973
-0.142693928757355 -0.77622545391562 -0.61409485211104
-0.245770627525995 0.967397425621133 0.0611475228205031
0.804369193361861 -0.431324885525313 0.40859398416639
0.998288161064895 0.0576951222697539 -0.00959272348957855
-0.908122352575208 -0.0425400887987348 -0.416538273869599
-0.438039010402333 -0.264450050298801 0.859178675400354
-0.288101655320523 -0.163125430596907 -0.943603481391495
0.593521384665983 -0.0195785241389296 -0.80458004408307
0.441095116315861 0.151949039598514 0.884503582653788
0.717781975189154 0.630955939559609 -0.294420852569935
0.947420064547831 0.104288839729619 -0.302521171490581
0.894131203397635 0.207274237487264 -0.396946824631173
-0.16523541393015 0.967365076105795 -0.192099108572009
0.898424363179121 -0.273280822851102 0.343731371143245
-0.211118480187299 -0.300185555553331 -0.930224499548654
0.588540713636226 -0.765086356801872 0.261271305405319
0.5005061430949 -0.564943218141746 0.65599753124529
0.616336692455398 0.749126446042641 -0.242772834914992
-0.779818860733173 -0.11016610975369 0.616235322508013
-0.943026249254526 -0.144246786821931 -0.299823877815775
-0.814645332429826 -0.552547044836057 0.176195191742677
-0.289597945778368 -0.266078933121005 0.919421030404535
-0.890666938972889 -0.402189269941535 -0.212028759758104
0.4742325619383 -0.55822841591567 -0.680796968898744
0.749746593729996 0.546239670762509 0.373500023126552
0.899445458407177 -0.418251694620387 -0.126741419030549
-0.580208312522567 -0.130298884539378 -0.803977931766481
0.0183101109868205 -0.763223236681462 -0.645875398838757
-0.896870713123363 0.0479610821460922 0.439684726299386
0.707908647068736 -0.455713239543661 0.539620969486855
-0.0111852664147618 -0.625413764852744 0.780213119953739
-0.304394118738581 -0.651301671709062 0.695090176096846
0.707437170649264 0.11034835952317 0.698108794626103
0.0321448883836585 0.385176819286359 -0.92228277878059
0.531832805686629 0.518073538737353 -0.669890793529546
0.474055930063012 0.733582631476881 -0.486957388246187
-0.597099228439177 0.781178955744541 0.182296326071612
0.144619386189053 0.98422630028166 -0.101901045000424
0.529544969156931 -0.847291842713635 -0.0409714401933585
0.0660697208951175 0.835230235377507 -0.545916885516537
-0.194421339434985 -0.39822275134887 0.896447981246231
-0.271812062829015 0.109531299899912 -0.956096803071149
0.992681743593163 -0.0561316497058383 0.106921437692069
-0.614408421366179 -0.379671854114623 0.691629651582033
0.34521961470849 0.402907126901374 -0.847637460659097
0.0998351952780074 -0.533840058759635 -0.839671200796664
0.217768298643108 0.842257581592722 -0.493131964443257
0.0309622091546399 -0.258580090079522 0.96549348968221
-0.348325832792306 0.525376093867479 0.776304756008938
-0.976488584389335 -0.214555345231153 -0.0208817717172822
-0.656278587911261 -0.109491552607488 0.74653199191783
0.025479299029146 0.850621468793566 0.525160853594839
0.951665447568732 -0.0428027614042362 -0.304139440914816
-0.185579652026657 -0.85678436489225 -0.481124458773246
-0.739503613863835 -0.656421688129621 -0.149147485514799
0.141932406772836 -0.817339386325857 -0.558400859121959
-0.454575816396335 0.680587621530775 0.574596655547776
-0.762142045498072 0.647071447578659 0.0209295057866478
0.376727642428275 -0.538104842407666 0.754002295757682
0.432759855990249 0.421833595716612 0.796727886149401
-0.303496887581542 0.762353634719228 0.571582517978549
-0.417867012350395 0.783703395356512 0.459560820888845
0.464805255946819 -0.864287439032158 -0.192258411455639
0.123216150693317 -0.298816539294214 -0.94632259618618
0.113959662275217 -0.711188842016627 0.693702837218624
0.84683457162836 -0.191491163571042 -0.496187809774909
0.817131692388973 -0.0422512429917036 -0.574900539014523
0.473019246262579 0.812851227885455 0.339890679469577
0.4787056355972 -0.420541803483168 -0.77070455167373
0.349008542572964 0.555941273514425 0.754401973495732
-0.959946750082159 0.167115928509551 -0.22488775743711
0.779595367952685 -0.329457424718952 -0.532624508978205
0.870308178028311 0.0901720109419016 -0.484182490079655
0.260881457101367 -0.852359614164713 -0.453237193400596
0.694057737964045 -0.460739665007194 -0.553175214069911
0.854482670544209 -0.519420990053688 -0.00782309601653069
0.497643703629522 0.798679046037738 -0.338323108371482
-0.588685115926165 0.303216459415015 -0.749339451134678
0.511093678767886 0.279262444127733 0.812893436326874
0.949588936069267 0.257284806746276 0.179123925572128
0.504097518333883 0.000157809904491731 0.863646725869817
-0.959538638424233 0.267541663218294 0.0877898616775169
-0.216805318928262 -0.125447588573465 0.968121044191023
0.372396187655779 -0.86574668162581 -0.33437069649319
0.104788219775046 -0.102575360007885 0.989190438952798
0.854978150273312 0.510194779794226 0.0933469293868184
0.884928592024707 0.411013874993246 -0.219018222027773
0.714830178233265 -0.678056178437194 -0.171048633932421
-0.345623895624666 0.859610617977872 -0.376315968612722
0.439252140927039 0.751239950604718 0.492641952442577
0.48574847783638 0.396889718513099 -0.778798412696272
-0.217890949325058 0.594463742869026 0.774039012334891
0.572120535252876 0.712707326537182 0.405864952714797
0.34198265351558 -0.398203415087323 -0.851165028009984
0.733956416197718 0.457444007605959 0.502048761603494
-0.200050353726001 -0.0291062293529006 -0.979353196444959
0.394440378790513 0.914417884171738 -0.0908664992529079
-0.928800856336677 -0.365788759141112 -0.0593932062971956
-0.616269558335251 -0.505859480480122 -0.603587622038139
0.885231394439977 0.460859600691028 -0.0630381372564298
0.294980484381512 -0.0111526470928566 -0.955438188632248
-0.438194466088537 0.2774879375009 0.854977224510033
0.337197940314537 -0.65293086874423 -0.678217391172285
-0.721988023713298 -0.676765779585795 0.143949203527486
0.131057868520663 -0.0142979126885338 -0.991271609999788
-0.0961511379530051 0.896786278161262 0.431890414309016
-0.774861524869849 -0.426115916934406 0.466920595617202
-0.848705078972739 0.449994910441395 0.277856562821033
0.36592112484904 0.295658456334624 0.882432891265415
-0.45035682611132 0.0125382598326154 0.892760618091607
-0.0466460255745051 0.165624316146804 0.985085140583801
-0.362156475482102 -0.830595339244719 0.423029632166981
0.576546935265204 0.252813191950399 -0.776967902433654
-0.165850124971017 0.377730902901712 -0.910940778009282
0.24269950816323 0.906573174333672 -0.345285430210855
-0.124807022556881 -0.163637414834809 -0.978593891042994
-0.68463095148961 0.316386572152216 0.656642975462467
0.729614355032025 0.351332103087688 -0.586710018894499
-0.027312392739011 0.418230894273607 0.907930037105266
0.697643708894104 0.5662847365295 -0.438879086553681
0.136859991633822 -0.593779756451025 0.792902858816231
0.296232931118352 0.771381483217282 0.563219901877177
0.804282365494715 0.593995506019815 -0.0172978432901413
0.254655128652386 0.951775297330109 0.171098067912002
0.286409579708806 -0.954161168732253 0.0868678118437823
0.487548584483127 0.537600470705152 0.687955021542904
0.815564822586791 0.246247012164036 -0.523656785651882
0.80235803101878 0.499614618305041 -0.326507003348435
0.19408470335189 -0.919036888471688 0.34307772523597
0.857142187596766 -0.33147334756091 -0.394249527708779
0.132333857740712 0.431293880148032 0.892453550075474
-0.786706392562948 0.60362403813238 -0.129348647033327
0.832960511946465 0.420927485055016 0.359161297835865
0.69934384598731 -0.319776309952134 0.639266217371976
0.504691837244077 0.845368866958179 -0.1750360768443
-0.565182625061068 0.817381489458203 -0.111606903998678
-0.183888180214133 0.717260754978842 0.672102779747798
0.871668592484909 -0.470154595296636 0.138378182517455
0.653156797967349 -0.756590899689636 -0.0309258431714723
-0.132849654615868 -0.26039726290136 0.956318061495194
-0.460010197265971 0.852044839743883 -0.24982035440921
-0.584030232488517 0.579316097471154 0.568596119183205
