# command_history: dirgen -cart 0148 dir0148.txt -force  (version=3.0_RC3-1000-g3151ed7a-dirty)
-0.508551305162137 0.70653099847186 -0.49212754263122
-0.860199198082105 0.265253056381997 0.435543517571909
0.731202890426613 -0.163413578871374 -0.662297769339605
0.967157048613758 -0.206259703796785 0.148540155871694
0.0951293728225531 -0.861241996487348 -0.499212004976718
0.930654991189485 0.124347889272974 0.344120458280899
-0.124246123163253 -0.198440969360503 0.972205782002023
-0.545382428670113 -0.439634445607739 0.713638256214635
-0.674600509309646 -0.374113774788008 -0.636359203872337
0.0606422236646442 -0.998151234011235 -0.00407857215911355
0.478378194042633 -0.580747949429092 0.658700328448691
0.64353882164398 0.245912795879311 -0.724834244403435
-0.403716947605086 0.885609921414836 0.229581561341584
-0.459527620277807 -0.301765830285833 0.83532733097494
0.158946537733593 -0.968256275397548 -0.192913927169014
0.846309223443858 0.33736138677794 -0.41224749001676
0.598855442561258 -0.756686323879613 -0.26229366398813
-0.872939035941236 -0.458116849823871 -0.167649609118061
0.573926290888515 -0.159584616872406 0.803206923952127
0.623433429720328 -0.431708563501909 0.651888391449232
0.849661243216919 0.0337275826131788 0.526249201373409
0.00279540394858466 0.976181241731849 -0.216938629588253
-0.505181171348338 -0.862512570084659 -0.029394736962209
-0.730561148938644 -0.648432902874477 0.214044804027632
-0.0794037648594191 0.548690354823029 0.832246319697677
0.368818935251897 0.817503394589579 0.442335611085261
0.617032252413849 0.76237109435381 0.195093603111084
0.806697977756518 -0.499175408843145 0.31632623016409
-0.676524487953122 -0.735917561642421 0.0272021996544233
0.932553425159062 0.360037488106939 -0.0267790287678379
0.878026593935382 -0.404374751070295 -0.256028047367994
0.86221777280027 0.451745327069385 -0.229143343211878
0.699928496163074 -0.249158178404294 0.669343187306148
0.476038679903025 -0.389784811837273 0.788324156484607
0.739611498240144 -0.344544824597254 -0.578155425049543
0.795119906958842 0.187912825494375 -0.576604807101435
0.73139301483727 0.597338061238734 0.329015954693383
-0.766175077700248 -0.628961790114984 -0.131843911070532
0.205699334625323 -0.969321991809325 0.134546125657719
-0.853241438494463 0.516770549802123 0.0701943480139999
-0.51809762010305 0.800304112446553 -0.30180819015509
0.448154561941779 -0.478414370889323 -0.755166987054748
0.560582654904626 0.726075040386553 0.39819859711926
-0.0610561317614237 0.298386285315223 -0.952490301005797
0.0562512563661907 0.78486276506565 0.617111202434964
0.176405418225071 -0.0211400773656903 -0.984090557596104
-0.695790063965249 -0.0407040884487361 0.717090903631327
-0.0504879430703712 -0.899448774550692 0.434100068606055
-0.401823807429555 0.227182977958489 -0.887088226902335
-0.303856398242669 -0.510108695824034 0.804649245132123
0.25443348443191 -0.372814761392481 0.892341165523425
0.238967304397033 0.929198927348818 0.281929035118808
-0.765885457208977 0.482378834234237 0.425123660501994
0.403586266837078 -0.0204271987410002 0.914713537000578
0.9948463094363 -0.0957180107576442 -0.0334497087815873
-0.568351263020647 0.119478695731038 0.814064913314194
-0.907302815111428 -0.134289150643107 0.398457056293938
-0.554651040931537 -0.811718533936259 0.182962412691605
0.244339010697397 0.837487744666695 -0.488786993878223
-0.726482671423194 0.0408291751068037 -0.685970776769621
-0.090479371956288 -0.985753915130564 -0.141783997881143
-0.331637663349825 0.819411178104673 -0.467527305560841
0.709621155586662 0.167523111119412 0.684378420747413
0.254510469114103 0.70340971105974 -0.663655934576172
0.309320522613804 0.947691221120304 0.0787538170594242
-0.837985163164618 0.175051019131908 -0.516853951341042
0.540304854768851 -0.83793672905062 -0.077024035347144
-0.179953112248085 -0.276682657159717 -0.943961643616554
0.943154644818572 0.251586721388506 -0.217171447428377
0.273059265155649 0.331244643202736 -0.903169764807342
-0.774004337141875 -0.443476795565212 -0.451935413395298
0.337044884376127 -0.900015443455379 0.276356558557419
0.436067347030955 0.739246966608391 -0.513185338073564
-0.884441619012831 -0.334136467579785 -0.325754268723015
-0.308996193831006 0.94963087469197 0.0521780991385871
-0.6215044955977 0.646894914710373 0.441881354295141
0.120017820164836 -0.711970664568542 -0.691876792237397
0.0302549810022578 -0.0578071539408509 0.997869214415302
-0.217797271335061 0.150753170453131 -0.964280991307685
-0.62533798643348 -0.567521145090481 -0.53560447402772
-0.525340700747206 -0.0909417322492579 0.846018173252761
-0.935618466356679 0.0886535664339174 -0.341699620384517
-0.261380165489692 -0.7412233608011 -0.618278528247022
0.353210175304518 0.391394425784849 0.84973700374051
0.284396288752909 -0.775118303557101 -0.564190009158559
-0.09651370816956 -0.435037471614852 0.895224833450412
-0.43166868503315 -0.600046980216334 0.673502611646763
-0.252180219821033 0.894234482033958 0.369797009009637
-0.747037751203577 -0.534480867745879 0.395303428128717
0.213826340280837 -0.231166294029625 -0.949126145834532
0.61015250346296 -0.509066988980204 -0.607095316444223
-0.333918065266439 -0.125664363876934 0.934187986082097
-0.92161694441699 0.0801762234303838 0.37972882555836
-0.303145403991047 0.544239257152111 -0.782244523799063
0.678873125615661 -0.667835820103763 0.305166506522517
0.663564780337316 -0.56531246200324 0.490003676108379
-0.895326730478977 0.299706438617348 -0.329493696967228
0.157173107824556 0.985010533661503 -0.0710694220649878
-0.101771517791408 -0.64012564320677 -0.761499651395555
-0.959063693327441 -0.239223807779259 -0.151554616995723
-0.714406024112217 0.696002307978504 0.0721444384604319
0.453102803535491 0.666564116358659 0.591937604998431
-0.757921637225392 0.600701186863232 0.254387255826006
0.0945714106870938 -0.512474363016983 0.853478925065517
0.153676917566613 0.8749525361603 0.459174764630946
0.0388351732246434 -0.362220254586485 -0.931283155913342
0.00297866363562944 -0.944567540411739 -0.328303653899044
-0.987667557740662 -0.0164154112997605 -0.155702696375034
0.107389566758303 -0.678803108277345 0.726425372040706
0.83308448685252 0.551051590908349 -0.0480872324328574
-0.448855879090803 0.788129500655544 0.421165395067147
-0.953179761590996 0.207991628051716 0.219517253886177
-0.405764156650199 -0.850805418629507 0.333894577387267
-0.591042663017948 0.321180757003226 0.739940194761365
0.821554379756872 0.24016874400065 0.517075792807449
-0.100629293610442 -0.615757777193733 0.781483272433196
0.990032803992049 0.137619097598678 -0.0299337768376638
-0.14552391366483 0.921121451329757 -0.361051329386603
-0.311824761114822 -0.578132381509003 -0.754008135106255
0.444189458936303 -0.890507838982095 0.0984454838035458
0.364396527406818 0.921943117257358 -0.131286173512819
-0.786214156120191 0.606648534858607 -0.117664165616047
0.630974086961753 -0.767366105357665 0.114109429632222
-0.946043427572423 0.320951615970128 0.0446306324533422
-0.0634793599923021 -0.779140242436596 0.623627175057991
-0.289507659454138 0.609241469699659 0.738248025202633
-0.38224993046685 0.081854303887788 0.920426457460418
-0.38629820981083 -0.188789537217562 -0.902846722170561
-0.715611511410363 -0.395968386261593 0.575420891016625
-0.833159691745154 0.0291018848792815 0.552266247699054
-0.457201642386668 0.655657661927641 0.600899066861077
0.604150676783533 0.583002393187771 -0.543240434135136
0.252620386759255 -0.430057926718593 -0.866737053471299
0.131118343445394 -0.821468847095989 0.554974696056427
-0.0014073264014041 0.158367192438262 0.987379284668066
0.30430819484988 -0.70498770944881 0.640615994237834
-0.977558910351759 -0.0296328176824322 0.208567669853412
-0.504805462117689 -0.485703659003319 -0.713626934081761
-0.544735994725295 -0.281353792760854 -0.790001733763747
0.571855745044223 0.0632890909252611 0.817909223465398
0.142965119306102 0.468937831529646 0.871583779577193
0.897552082939229 -0.419419645309059 0.135968450532741
0.414392838646579 -0.285477185426144 -0.864165118411752
-0.595932937222097 -0.713461931879015 0.368559365765283
0.209230972846174 0.0691192511960099 0.975420385841893
0.207868308719488 0.935497966048253 -0.285717205904162
-0.440487371712772 -0.863829941694399 -0.244476393939836
-0.779417141718555 0.380328481749042 -0.497854562262662
