# command_history: dirgen -cart 0244 dir0244.txt -force  (version=3.0_RC3-1000-g3151ed7a-dirty)
0.490231640418899 0.749240661946294 0.445321646923294
0.70235788218265 -0.245041416371585 0.668317371911362
0.0851797223506056 -0.0609497851071709 -0.994499642330586
0.65354704970018 0.355808790580105 0.668039189250237
0.254092022849973 -0.921843216538396 0.292647104968
-0.801303241275135 0.27039103398605 -0.533668253001728
-0.182549523491658 0.604030310496827 0.775772553957715
0.443333899881458 0.41622060541985 -0.79386110928791
-0.360745846552037 0.742898731874272 -0.563882885336177
0.32056085402138 -0.188520520315105 -0.92827838081537
0.335129982462582 0.553316218444124 -0.762580525099693
0.029143629701581 -0.384460753225554 0.922681189835935
-0.0911476326759239 0.954382428092812 -0.284334820247615
-0.903777287670869 -0.31008176332588 -0.295018498306461
-0.22083392919696 0.929837671335667 0.294337018875466
0.953464299594086 -0.195448923314528 -0.229576888590186
-0.49303768706513 -0.86996272058623 -0.00887152318786047
0.529175547684258 0.647342719463111 -0.548562342210227
-0.604843943711601 0.422392617006606 0.675091312974555
0.355023020015603 0.183491591640655 0.916673055705348
-0.72034904485383 -0.692481268012799 -0.0395846817539532
-0.796257267698809 0.11447083811574 -0.594029284512058
-0.296159520163153 0.483684676134781 0.823613181468779
-0.462943598289533 -0.865997962503563 -0.189025801790171
0.983462288890506 0.00656802020624653 0.180993887854859
0.747039769545271 0.140832931035845 -0.649690440328008
-0.695750136021911 0.283789135114604 0.65984503863892
-0.823361066648859 -0.566485137143464 0.0342219713401052
0.159257606030783 -0.208548708673514 -0.964958263880855
0.740079139368014 -0.663148814776277 0.111877240460775
0.235388308322985 0.971643842015455 -0.0223738369147777
-0.653290249896751 -0.257197713811942 0.712082288362624
-0.550954998207688 0.304159522109866 0.777132919814792
-0.942718727293434 -0.305102364968969 -0.134884943935894
0.768711004889543 -0.136700972354816 -0.624816961292631
0.152142999805861 -0.501167313051533 0.851870783592665
-0.0757375901088481 -0.996593871449027 0.0326262598951155
-0.832636607908244 -0.34103821499096 0.43635904377798
-0.310914526954773 0.844186135515105 -0.43667141597838
-0.738699173031212 -0.319386439373866 0.59356198842841
0.0755403941585798 -0.730854294769294 -0.678340363436854
-0.475560744770094 0.671271297530806 0.568539201062707
-0.452750129466009 0.157675362453189 -0.877585209733943
-0.571312421375653 -0.71940294857088 0.395046218523114
0.328922141872417 -0.933620649996311 0.141995445302047
-0.131745049668927 -0.406174549745678 0.904248570375772
0.886381752648353 -0.440168562951406 0.143453911627843
-0.407106732212676 0.620320676647318 -0.670422528492987
-0.589882534190048 0.67773694660896 0.43898886894623
0.497166344440283 -0.550540664507992 -0.670619566281051
-0.710358233341876 -0.639131991779011 0.294790565330717
-0.56168383694741 -0.63247598603965 -0.533371722530552
-0.282637794350898 -0.341798338032438 -0.89626434344044
-0.900366923670979 0.434973379678996 0.0117286712755131
-0.582953048830914 -0.247798580490684 -0.773796876683761
0.149721557638982 0.860151304986638 -0.487568649225871
0.171806631824252 -0.814489019737695 -0.554157123916976
0.558320152108237 -0.036287573469897 0.828831599157212
-0.29669485380238 -0.923597494428967 -0.242775270593441
0.355046337819643 -0.605576424064487 -0.71219329722915
-0.166089685624708 -0.106791779199412 0.980311038509977
0.123972452368622 -0.486656967591198 -0.864751887508001
-0.561674862176919 0.827112852874793 0.0201414450290849
0.841689221283159 0.30220571757173 0.447471741054901
-0.717985317562711 -0.211894819940441 -0.663021620346411
-0.354910562475611 -0.931038102314789 -0.0848913698871811
0.521494090768714 0.268337887736009 -0.809962154238511
0.0824600832406963 0.0751393946562231 0.993757719991464
-0.411814370811517 -0.688962359722702 -0.596439260007623
-0.987348763868393 -0.124691920290944 0.0979507197610761
-0.803642810060116 0.557236096822322 -0.208916649017986
-0.145002976576109 0.891316689935927 -0.429568033058479
0.233589034225418 0.888293440608528 0.39543763915629
-0.110586870151398 0.898262004718467 0.425318604141976
0.907971004894569 0.220268632947654 -0.356469330532262
0.734244897458881 0.450761739847429 -0.50763991612689
-0.154164084371121 -0.620624522550529 -0.768803379999686
0.816726243820322 0.182676873767295 0.547345779599839
0.685726744712917 -0.662651353764575 -0.301117941908819
-0.715806028967536 0.548802887710347 0.431783648757698
0.742963034523103 -0.558169303597513 0.369395395008776
-0.461218460701552 -0.823075984020754 0.331396222121434
0.466001438663142 -0.772016966247666 0.432241209268196
-0.408131534945114 0.864810934642296 -0.292456317262019
-0.618321966052754 -0.783363707177135 0.0633975439141982
0.688073992477707 0.694219326690788 0.211219571358286
-0.474782992845827 -0.11740268723849 0.87223719178532
-0.483934057470064 0.85957162135383 0.16414766456977
-0.213161551796768 -0.488451066171189 -0.846154660089881
0.0802522963013589 -0.996706300714514 0.0116670070861024
-0.904972201500995 -0.156323409534172 -0.395712403320964
0.60935624242926 -0.67522663345963 0.415636816558962
-0.412799273209503 0.910738113705788 0.0123631824919234
0.0603813061255972 0.904377898040278 0.42243900791335
-0.818904291338432 -0.538327857665032 0.198994671509762
0.27092155487877 0.775975344626233 -0.56961721851983
0.558646553835402 -0.0333154447784888 -0.828736453299263
0.322781731930951 -0.428211081673177 0.844065887868917
0.331960625126339 0.79934585171651 0.500847634225557
0.702276702786899 0.535703483363414 0.468859478559479
0.551730561764294 -0.783724967983027 0.28525175157264
-0.863965188483402 -0.0240366272315661 -0.502977527967374
0.619745585482989 0.512012109781945 -0.594776435907634
-0.0554763287012119 -0.249057480109085 0.966898520298562
-0.858547974212435 0.488969639194002 0.154285669853724
0.618641920864274 -0.775091053252976 0.128514718676708
-0.388291423531722 0.323463448993704 0.86290275673265
-0.759559192026485 -0.577159640904441 -0.299927629135981
0.940237749341276 -0.318113131776209 -0.121478434733016
0.495848152367882 0.851791520885864 -0.169073400451707
-0.106187000080567 -0.771573879011076 0.627214532868692
-0.178092186479555 -0.54883708352823 0.816738041760734
-0.372797372859197 -0.462174308111165 -0.804622288848157
0.818871596613726 -0.573949703473503 0.00557190649279333
0.589913138518978 0.401112331371831 -0.700793397959872
0.011107358524876 0.218627101550047 0.975745262378673
0.900813966537696 0.0627497013110863 -0.429647149037431
-0.113877482442056 -0.359372380100869 -0.926219958440378
0.93874698826229 0.00573588292310494 0.344559416756491
0.441100337116887 0.304857331191455 0.84409270830531
-0.986374306630988 -0.148414491366946 -0.0709849700325936
0.25131322497088 -0.967886857468943 -0.00605756499177725
0.849096879385712 -0.427242120041463 0.310642334976935
-0.780802224287715 0.420230403185345 -0.462335694907974
0.40094702292813 0.847455583881213 0.347937520474039
-0.665755628342601 -0.596084693990109 0.448834580798836
0.562508493711292 -0.520388375449547 0.642479675320266
0.86951208864011 -0.109731055711358 -0.481568087731304
-0.86517836924568 -0.452450011705346 -0.216229915361444
-0.80314931247883 -0.580768607598559 -0.13288719386312
0.615661769376036 0.500892520133274 0.608331545296894
-0.946622504877875 -0.25729901653584 0.194172730702403
-0.985681718717964 0.0367109181903557 0.164571740802671
-0.238307577318144 0.705989393484434 0.666924639580993
0.585135363116881 -0.206598470781966 0.78417707101179
-0.957632184705488 -0.286492167037161 0.0293740879440695
-0.83419004256827 -0.192526860660068 0.516778850964634
-0.816943769573033 0.40011331918678 0.415345890993447
-0.0147915121413262 -0.531344290281468 0.847026833313949
0.369458548667149 0.924106574458767 -0.0976085030048525
0.247019604385696 -0.0433599565593385 -0.968039890302206
-0.336794048640488 -0.905637704196303 0.257662798126542
0.298279130533711 -0.116909258912392 0.947291816426495
0.722271381542946 -0.417629121333456 -0.551280299319947
0.610228261826332 0.756433936459178 -0.235433999756378
0.584485005778622 -0.368166429138096 0.723070368965336
0.762463776216868 -0.628596640953294 -0.153346838700215
0.481258889526216 -0.865686251444783 0.137757741384917
-0.482839747461222 -0.543528910098791 0.686616415590542
-0.98466008924232 0.165051325383069 0.056591241748165
-0.406535703136777 0.035280932169722 0.91295343687415
-0.55843439468607 -0.777511578451571 -0.289182938994245
0.70270170085608 -0.0126239133428613 -0.711372586220389
0.636251472218035 -0.160860542814294 -0.754524982930236
0.954861137836986 -0.292001549889452 0.0545463317814632
-0.046113507214746 -0.496770848907039 -0.866655795647001
-0.175801822402053 -0.928096068384089 0.328224629012074
0.180558619532967 0.975176682497815 0.128175749753633
0.691680221919504 -0.401036461559732 0.600623198940097
0.516399534785725 -0.655609890532913 0.550914868113494
0.193408107967595 -0.805009599811676 0.560850111868974
0.685577099387091 -0.0821803834399703 0.723346684082841
-0.448794848864849 0.443092580102529 0.776049063584553
-0.947076423532823 0.145534123987312 -0.286122468085822
-0.186145571299913 -0.212880086157805 -0.959182931042288
-0.900896782770774 -0.418628533336944 0.114608629122893
0.0586645839003381 -0.356912738512676 -0.932293818322948
0.746873811802224 0.382474990807776 0.543959916400655
0.629765512390212 -0.757785675162638 -0.170752071501926
-0.520862287032969 -0.417505644955055 -0.744574720479717
0.59877512413819 0.792895979957192 0.113067748191159
0.283550755421312 -0.570809940058301 0.770567960293342
0.765410679094336 0.0446838144535252 0.641988978919599
0.32389399664648 -0.932948989534778 -0.157158715515262
0.0641935807537418 -0.749942644357435 0.658380751817815
0.999914901235091 -0.00955632996168493 0.0088807007426674
0.306514717047442 0.85573629022876 -0.416850248673125
0.109261241178309 -0.633571828441574 0.765929970285388
-0.616294180652438 -0.112683811230969 0.779412497706063
-0.616179880987798 0.556368817036903 0.557472953330312
-0.545947286929596 0.779695142973639 0.306621988639971
-0.728578689045917 -0.672436774659846 0.130391249526941
-0.66126336242704 0.546546517052016 -0.513826498158664
0.189543650817868 -0.354884204841657 0.915494623462388
-0.119027996930535 0.224899766870324 -0.967084500345434
0.161226348238148 -0.97638189487886 0.143820930279841
0.695953114854626 -0.717439045355392 -0.0305037395033381
0.017485317569704 -0.847239067218042 0.530923936782839
-0.446473695143174 0.781744884265931 0.43535752602803
0.410208839774801 0.00749393220485578 0.91196082632464
0.194730644349944 0.964756657594327 -0.176987479157363
-0.0160628289642089 -0.991043744688422 -0.132568026460441
-0.449046604294463 0.480387198843445 -0.753382563083962
0.819815788807398 0.0186414278525173 -0.572323832798988
-0.0896355857055851 -0.73624032137947 -0.670757520233855
0.388904355515016 -0.870618108894534 -0.301293064517516
-0.889785325243162 0.367448483647912 0.270672656259864
-0.471495624258136 -0.561715330621282 -0.679829216531957
0.12264395796499 0.95253076077794 0.278646028764957
0.290277462856623 0.417038847428695 -0.86128833400486
-0.283656400801263 0.855788059098138 0.432626679932613
0.319959156026322 -0.265644013815265 0.909428060046004
0.00660201864230746 0.0899864045206078 -0.995921111509993
0.00366057684794796 -0.830478271959122 -0.55703899323201
0.340940734963453 -0.754525049069433 -0.560759632613966
0.481467544894533 -0.178671427075556 -0.858059161340298
-0.153640404627589 0.0720599199463751 -0.985495811256036
0.880395462447358 0.384240452982907 -0.277962414713919
-0.807422364191546 0.268364306241943 0.52540434423272
-0.031025825051402 -0.981237811098627 0.190288613033612
0.810907820161012 0.445837088661483 0.379022159742105
0.646548358014352 0.087044383051773 0.757890820717656
0.940436778826775 -0.0676894013243165 -0.333161837517856
0.323578089261802 0.116564729735645 -0.93899408088195
-0.165920520887479 -0.825635522018607 -0.539255380621732
0.79726922924449 -0.525795699496517 -0.296480452122675
0.0478029902193444 -0.957564558608039 -0.284227004740719
0.253459224804795 0.722684436586515 0.643028480300043
0.460718810010522 -0.322440647656203 0.826903988889603
0.239605873278231 -0.697271536860283 0.675574888058368
-0.929665365896464 0.295051162517269 -0.220606253197415
-0.788582862048199 -0.499970508946138 0.358003575216801
0.220556173911436 0.265613745362693 -0.938511754014808
0.316780523496254 0.600863820006979 0.733902425217454
-0.230028874590303 0.350525949602626 0.907864679073867
0.958273189553552 0.159694109049085 0.237087084671184
-0.683034211480068 0.679400264078769 -0.268103612652835
-0.893199295343413 0.239969276768476 0.380275906422225
-0.884421597852837 0.130891441904945 -0.447957439593852
0.0133451664583748 -0.621699040707691 -0.783142521713216
0.424620840525023 0.761833529122105 -0.48918995870437
0.639043159583434 0.666871579961572 0.383283362578104
-0.376641715922036 -0.271768083360477 0.885597609918792
0.0603107597648191 0.66130431894663 -0.7476892469463
0.89538223930867 0.442372916906117 0.0509592770608613
-0.503968583049417 -0.129627990806794 -0.853939255040168
0.225502628330864 0.673448986750443 -0.703999308849571
-0.982107813214938 0.14504956816731 -0.1201035636301
-0.154145957816214 0.977209669967356 0.145946170251954
-0.0286528479063146 -0.923469816934599 0.38259967527121
-0.878935061708796 0.282308573064247 -0.384415175134104
-0.382609617863641 -0.670112752882308 0.636049352442665
-0.95959487666914 -0.0927238960724588 0.265668876173861
-0.257659572356606 -0.0591712888274947 -0.96442226402728
