# command_history: dirgen -cart 0026 dir0026.txt -force  (version=3.0_RC3-1000-g3151ed7a-dirty)
0.592591098442344 -0.263137335269666 -0.761311061809872
0.0697854202614266 -0.485392438727498 0.871506841938208
0.380074879257686 0.580596921064043 -0.72003493068615
-0.600705688252293 -0.634272963956177 -0.486672870926237
0.907038482592825 0.211548590068566 0.364044482358553
-0.554423082260787 -0.265719932326644 -0.788674814749889
-0.753892012383304 -0.162976527499841 0.63646326300011
0.642155905224551 -0.689079367291298 -0.335865179735355
0.975967933230982 0.176044084920089 -0.128433147861033
0.0266513455436679 0.252742953045271 0.967166327715491
0.356794437570048 -0.141682076567265 0.923376368821869
-0.337986703597002 -0.905197957462879 0.257646358399775
0.753169864937326 0.655248416823049 0.0581778892808729
0.272512419162699 0.938922761214158 0.210145258990239
0.723168681342585 0.571194151475942 -0.388283787512311
-0.295617881535761 0.60171528878273 0.741989743434116
0.76567175397221 -0.208022458080146 0.608665279199835
-0.0657713251688458 0.847673981910051 -0.526424688990071
0.512290278009749 -0.622187566096888 0.591980830476059
-0.242714395899891 0.964559687391923 -0.103510054977025
-0.180293814715369 -0.683501099167935 -0.707333293300694
-0.682314416117865 0.716101186410054 -0.14712623280656
0.190360784995996 -0.911848111144301 -0.36372488743318
0.942757170303326 -0.296153621957198 0.153303457375554
0.898563612842384 -0.276473025829514 -0.340802141519556
-0.294799198003973 -0.114624088794112 0.94865944949931
