# command_history: dirgen -cart 0099 dir0099.txt -force  (version=3.0_RC3-1000-g3151ed7a-dirty)
0.891383337656215 -0.230365151607488 0.390342980305431
-0.933190808338116 0.321069333505947 -0.161460206599957
0.235450341993458 0.881600357245989 -0.409076944545776
-0.236362450765891 0.754885248937432 0.611785136142268
0.592498389569857 0.162964505910994 -0.788915856204141
-0.307218481653385 0.907173117921364 -0.287495632404075
0.118294932942307 0.582818859659134 0.803945573820642
0.424590047580676 -0.641511082717572 0.638895000955532
0.587041116408793 -0.491879949530708 -0.642990546505302
-0.929739633691179 -0.122008131851523 0.347416506956554
-0.415504842407029 -0.888080499463343 0.196643719475731
-0.802279692346757 0.56593058378063 0.18992069289498
-0.713738156978772 0.0565624341223517 0.698125013388505
0.598144878028653 -0.745403097576614 -0.29427355812454
-0.617798121334548 -0.743378591512917 -0.256346934750107
0.83086537837574 -0.552109536222528 0.0695541733376442
0.925636508264992 0.326560741892711 -0.191193975902685
-0.0295504784173102 -0.764664786669274 -0.64375036563356
-0.00609094915015941 -0.9996937102945 -0.0239872035899821
-0.249193080780182 -0.555556167636425 0.793259196664249
-0.38511280862124 -0.880323804639819 -0.276980366849953
-0.5365956110413 -0.52518596549994 -0.660488343464978
0.822686962498779 0.369063388360335 -0.432409964161929
0.0593776315340633 0.731379095721755 -0.679381273818047
-0.99061571477244 -0.119609639248346 0.0661365242870282
-0.736420719685476 0.352106884807684 -0.5776722819116
-0.808256219082126 0.0928053094970659 -0.581471460042726
0.807143832762231 0.550144223114647 -0.214149870435351
-0.34988709980895 -0.450409785897845 -0.821407354577946
0.796457296033872 0.155802564148616 -0.584278475214627
-0.538721495471738 -0.277689354488392 -0.79540415684136
-0.255969494463624 0.966053208326246 -0.0349401858409979
-0.0701866211768841 0.893500754290935 0.443542828021493
0.179573633911972 -0.673984233838299 0.71658814010633
-0.00662042149833968 0.877787451025335 -0.479004552005124
0.23324765351788 -0.103072402788923 -0.966939301048272
-0.215632680997115 -0.85147744285857 -0.478004927996592
-0.117966575160555 0.296876195095018 -0.94760139928706
0.297404938876172 0.7360870996216 -0.608051053862027
0.660625795854743 0.376981894460498 -0.649198127770145
0.808325946702521 -0.483483337621416 0.335936044701859
0.957247346486428 -0.00811316494069732 0.289156867805934
-0.0659583445408446 -0.111449076487285 0.991578842117742
0.625524967969969 -0.176950075585055 0.759873137567458
0.584962849514746 -0.269760935721162 -0.764883979598496
-0.366678721862359 0.325257313013007 0.871638913349413
-0.675991314134521 -0.582652167592347 0.451167590607552
-0.0330731977946315 -0.126846108005733 -0.991370883409148
-0.313177167191325 -0.189782104240586 -0.930538991585002
0.309110988532868 0.682669643935168 0.662127294421295
0.39173054421705 -0.237574444980653 0.888878824035959
0.220988838882059 -0.0563518498439508 0.973646959687506
0.485812060642256 0.0122462978606346 0.873977499666458
0.440905087018141 -0.886873677658881 -0.138049933420256
0.865735100628918 0.13356279189628 0.482352273924264
-0.740387916233792 -0.672101625253422 -0.0102537225772894
-0.725749025746041 -0.335047418786769 -0.600859034044589
-0.342729648358537 0.858108156218807 0.382343798650891
-0.120616842556772 -0.360256070945749 -0.925022778442978
0.49555674803769 0.573662051099178 -0.652177399641381
-0.484682510072825 0.69822641036316 0.5268422385315
0.993596268154408 -0.1000421816809 0.0525168334361338
-0.0694199460334881 0.966674549438577 -0.24641669294192
-0.632290208933633 -0.743947970653792 0.216218659339954
-0.87666174040941 0.339714000924213 0.340673730244069
-0.801354662916137 -0.553614469015216 -0.22658712213973
-0.130935370707386 0.583860335189417 0.801225959196419
-0.501165999526659 0.856705807200904 -0.122015576164241
0.368842798178776 -0.55326366848105 -0.746896447555176
-0.532397444902571 0.423540738546638 -0.732916232220697
0.717518002926523 -0.548932514723827 -0.42876684778013
0.969536298441234 -0.110341865001829 -0.2186870797116
-0.172477116156638 0.961448570906199 0.214168835045432
0.668268253505504 -0.742801504021855 -0.0407856222163437
-0.43436186154901 -0.370513301043141 0.821005278291068
0.694354976762314 0.0928828102716531 0.713613305510377
0.166283327966781 0.342544292291138 -0.924669272042202
-0.338229421664107 -0.147342112218976 0.929457454802324
0.961984334256362 0.213744475619126 0.169998352308631
0.93405049312352 -0.345036652603104 -0.0921921073419783
-0.289372433534821 0.469770894235739 -0.834013729886439
-0.903280173215509 -0.427507022746424 -0.0363685877956319
-0.638688712095175 0.580268014172668 -0.505337274273643
0.680446777202726 -0.69402549713259 0.235203726000005
0.12868981226822 -0.355705669854552 -0.925695634996566
0.481183256706318 -0.0604469365576263 -0.874533499259062
-0.169936380410572 -0.968958847914683 0.179556057154314
0.495082337717235 -0.770292151740605 0.401924719129424
0.0125493596079366 -0.521337700477064 0.85325817642418
0.531704348901565 0.846252553310011 0.0338688850635606
-0.874632990157545 0.0923894150432904 0.475900544773832
-0.863440427439631 -0.351956247390542 -0.361382661711426
0.28582713327939 0.956822294981889 0.0528577875707784
-0.47980846569905 -0.734299627440872 -0.480195682387629
0.485322694198115 0.760530337288432 -0.431341498768929
0.76350980036805 -0.305259109094505 -0.569095476222373
0.689980729989983 0.560032049784563 0.458574634554279
-0.248049063912614 0.818310709748653 -0.518497101441012
-0.11241552924595 -0.958692107815422 -0.261289477776617
