# command_history: dirgen -cart 0018 dir0018.txt -force  (version=3.0_RC3-1000-g3151ed7a-dirty)
0.847114491040462 0.442174148706884 0.294752542456552
0.931838358961909 0.249900686460964 -0.263110090406119
-0.119103833757002 0.302153661217276 0.945789322099473
-0.656371933688213 -0.083727898765679 -0.749776982598613
0.350086276903655 0.594489156994828 0.723893805015153
0.0131940513333825 0.977989568650912 -0.208236213515839
0.881448234628247 -0.420571133357266 -0.214869568476626
0.217199280369861 -0.189904722674448 0.957476197569817
0.571971999295968 0.687068024988905 -0.448091018721886
-0.948904537332743 0.158715337434525 -0.272744607082117
0.0298140641787597 -0.917308852307524 -0.39705867457518
0.612740733049056 -0.560709235275823 0.55691466809459
0.709698884172591 -0.0912538664733525 -0.698570129377031
0.540673715343557 -0.840462935976305 0.0359720278367073
-0.0542624786451822 0.716133992097698 -0.695850335038718
-0.372855792298173 -0.31794467113527 0.871716550402932
0.510271262674131 0.851372501013967 0.121606344432234
-0.468986531460006 0.643676356194124 0.604758118412451
