# command_history: dirgen -cart 0128 dir0128.txt -force  (version=3.0_RC3-1000-g3151ed7a-dirty)
0.795407237759237 0.56206529684372 -0.226737575633596
0.476237437457706 -0.650058863414486 0.592132905064381
0.272256038537458 -0.756810726137374 0.59423410730394
-0.0466291355540165 -0.989102416611 0.139650038208962
-0.819266992797822 0.549444458135958 0.164049937323051
0.756066371271052 0.383140484600957 0.530628882829391
-0.915409165779711 -0.357552178268912 0.184885096807855
-0.133248795082487 0.493631658803507 0.859402434273934
0.604061242428181 -0.000165123869031025 -0.796937882228113
-0.469030143482408 0.779555544336595 -0.415095022614035
-0.445624128014318 -0.832550997547253 -0.32905618519419
-0.279259832853255 -0.474326865028576 -0.834882010146904
-0.552686604592367 0.738919062384802 0.385403861356533
0.312653138224557 -0.198552561260859 -0.928883682478645
0.115774599512379 -0.468219294366323 0.87599482560735
-0.881796601839797 -0.272196109031962 -0.385154554966765
-0.270669089046851 -0.671601809187991 -0.689702293841311
-0.522541920371206 -0.848058272585409 0.0880176559232518
-0.456876652526468 -0.213203979007013 0.863601637163679
0.6814172985806 0.408617023024278 -0.607208855081919
0.732247812480231 -0.260763291720283 0.629138813624719
-0.978176419393938 -0.0985271929879419 0.182929726352969
-0.0747796830973825 0.669241757930323 -0.739272255964057
-0.685754232955793 0.21860410587247 0.694228620037311
-0.775330077891765 0.0441766324929298 -0.630009282041094
0.195473204844893 0.934558390897878 -0.297305970659917
-0.459188058391463 -0.539374166059134 -0.705848309496235
0.260310231148174 0.232553176339476 0.937100636929676
-0.961543525500962 0.0971789962910422 -0.256885755243547
0.905527783706899 -0.336611037572141 0.25828751870634
0.281081247928902 -0.590215899808057 0.756728831006522
0.512844717127522 -0.212776927071428 -0.831694821085495
-0.796569463207711 0.416385102094029 -0.438292752665527
0.00562683613808021 -0.103206084881957 0.994644078431282
-0.648318921597784 0.469122749727225 -0.599671928296342
-0.137303400015519 -0.716835392897951 0.683589639939795
0.286143821667895 0.388935846512778 -0.875700074579579
-0.870963387909463 0.191514494101759 -0.452487541784543
0.197933482979962 -0.961263350412422 0.191820508469004
0.405188307286252 -0.14897727312426 0.902013418819788
0.571532180909191 -0.820129020822108 0.0271910902788712
0.234449753347432 0.177071717032688 -0.9558655345719
-0.51561402723141 -0.731845008965392 0.445583951433007
-0.236565340083339 -0.928810749726895 -0.285214710460412
-0.818082987050946 -0.40494755224366 0.408359775479504
0.910958443956303 0.207563439989699 -0.356471782563998
-0.929031586341307 0.180659526180704 0.322896960624157
-0.258284921795369 0.949120664578157 0.180163434813719
-0.0345958407634372 0.932389793939794 -0.3597949415414
0.801976439343824 0.208481563909122 -0.55979391587209
0.106330874578164 -0.994124777996161 -0.0202403281971013
0.150325818762935 -0.669793816993259 -0.72717150035659
-0.480686051326501 0.858053381992308 0.180790800959836
-0.998626480074092 -0.0157102676722519 -0.0499834050910471
0.315570906717463 0.942955532630456 -0.106065386979598
-0.356935136021358 0.933947545710084 -0.0184198408115997
0.356927649663974 -0.852942439961614 -0.380909237243835
-0.612830033501686 -0.370503752981227 -0.697973007404404
-0.427328788386459 0.876717234943731 -0.220809865198046
0.626296767681969 0.153479594888575 0.764327398922711
0.969648581146286 -0.235280591896378 0.0665182092203607
0.474928731823742 -0.479003471850247 0.738240051503373
0.716079583798251 0.696456414891309 -0.0466743165356407
0.717553975565316 -0.584486464428606 -0.378803200950253
-0.8671254200348 -0.497955116749162 0.0115848018023465
0.234057662373461 -0.00963561459680783 0.972174966564976
0.364863881109268 -0.581939468922457 -0.726788004009512
0.441604324123287 0.0816128540645167 0.893490326174301
0.90330802004661 0.388655582413712 0.181607982143217
0.62706341108758 0.566682355392134 0.534474121508639
-0.563077286734943 0.59678441142116 0.57165753336059
0.164631636661811 0.854267147454605 -0.493076124944036
-0.343466943829851 0.402319442488465 0.848628024927266
-0.968083591121704 -0.250564382422682 -0.00562590988596962
-0.0130541604742491 -0.976345293196688 -0.215822745203064
-0.15492897395246 0.813073465366996 0.561167134591952
0.0573071628381156 0.136866619020117 0.988930441277569
0.0580627270609728 0.328065729077911 -0.942868812259066
-0.33180866911391 0.368213959071515 -0.868516831987577
0.883667305782764 -0.464800764276176 0.0556088322024022
-0.782308323930348 -0.17303827866671 -0.598373997116646
-0.594493939880392 -0.792966072001719 -0.133348281202474
0.162904153101029 -0.0409557046952458 -0.985791492738374
-0.963450746371297 -0.147280418829908 -0.223765809599855
0.560336531522826 -0.279297217027307 0.779753830386084
-0.898687391680296 -0.0407255802643904 -0.436694858164136
0.173195614328907 -0.241510274740426 0.954817294759598
0.767992999539762 0.620647732852827 0.158060571815255
0.826451529662993 -0.21101572505536 -0.521967655029561
-0.268890067888842 -0.821358892750552 -0.50305834720271
-0.98482077968821 0.114619203693175 0.130347497248885
-0.845056673902349 0.396899065658531 0.358260170228961
0.0570069119063616 -0.824542668095269 0.562920598739498
0.395568724750542 0.911556802930425 0.112203293313931
0.520844321348363 0.584128024815722 -0.622507544969574
-0.628645964171555 -0.735602282796393 0.252375777909749
-0.716882539311984 0.419520261350072 0.556850226853118
0.105463230123856 0.536813622516853 -0.837083413867565
0.548139576659914 -0.420375355274089 -0.723068160810081
-0.788246197657365 -0.508930805017489 -0.345915260696831
0.140812424728417 -0.919182583796545 -0.367797823113747
-0.339400214528393 -0.748906309577737 0.569163275214358
-0.0731246769805744 -0.59368947131807 -0.801364831560855
-0.655379195691871 0.622774612977395 -0.427352186475198
0.685329434658325 0.581338351554709 -0.438599232788379
0.371629669117631 -0.733473494710754 -0.569129178296381
-0.771299147563839 0.00302308147575299 0.636465620395702
-0.498621470897823 -0.409091519915474 0.764212507809797
-0.648680755753533 -0.211096769366408 0.731198626282962
0.792215186455566 -0.557808924789411 0.24747586099346
-0.0662502266038023 -0.891703511134298 -0.447745190600312
-0.0880207030596843 -0.386365576534518 -0.918136153902039
-0.111052129881517 0.287571958056504 0.951299003146922
-0.402980510819765 -0.00678714682091891 0.91518339284401
0.927039942298441 -0.34724324726418 -0.141488772037678
0.403270258692567 0.859399070978848 -0.314334750313616
0.631294200636093 0.695699367340612 0.342739000589529
0.630518959991422 -0.740514193767407 0.232560895079852
0.0627411024942158 0.763840349655621 0.642348405692573
-0.668849224629903 0.722007606985167 0.1770472540525
0.610131417390565 -0.0657380811334163 0.789568336625701
0.446479626302028 0.314076377303475 0.837861547343669
0.900935286888137 0.00536628649714937 -0.43392028278132
0.166983905404244 0.984297163862783 0.0572317092845294
0.458912782196949 0.711163007850223 0.532584485881517
-0.74937653261837 0.661047904730574 -0.0380851678765769
0.256491164622753 -0.87859336216237 0.402847348799376
-0.322620834427513 -0.581876657749563 0.746548961796541
