# command_history: dirgen -cart 0118 dir0118.txt -force  (version=3.0_RC3-1000-g3151ed7a-dirty)
0.0650723499275486 -0.87997433499167 -0.470543046947754
-0.195892380785281 -0.493907365121025 -0.847160958631523
-0.1047927949479 0.952151095793854 -0.287100611120164
0.480618765567842 -0.873880773902603 0.0730615848954232
0.752037649496372 0.592351210326199 -0.289066458388134
-0.801270759890577 0.478540533979995 0.359115756661442
0.836288620914385 -0.547884382017508 0.0210724101708841
0.47321218508098 -0.677550109146627 -0.563024046987585
-0.761678762049714 -0.455702680821321 -0.460630578809828
-0.871083239522591 -0.473375199548703 0.130881283134962
-0.35824698623926 0.9257255615125 0.121207597174657
-0.404935254990087 -0.591680184224903 -0.697095401549672
0.134622199413503 0.512771272256452 -0.847904762207154
-0.879099567508509 -0.231300289283614 -0.416754276023256
0.18918080065988 0.68906547796273 0.699570862559098
0.420212414415687 0.900610161717445 0.111008393296254
-0.750361828785599 -0.257320593395335 -0.608886884500072
-0.151497990686088 -0.28914204600431 0.945222320965031
-0.182947315327887 -0.978242331755775 -0.0978377236823435
0.824421982872804 -0.200546270732402 0.529253802491206
0.517861719422778 0.849134579497805 -0.103873507005249
0.115324779600794 0.709467381243805 -0.695238254241728
0.378380476372399 0.866487239894075 -0.325619529821146
0.943714306365584 0.32906542064829 0.0334552969571172
0.672584777228149 -0.173675102138867 0.719351566577855
-0.0208401906799069 0.577877804271902 0.815857174867213
0.754258310029728 -0.632250384003829 -0.177070194211534
0.600844371372049 0.466707195550026 0.648976451816517
0.161003541793156 0.0463912755884887 -0.985862926110589
0.586693656503576 0.640790189850259 0.495155012102405
-0.0343011950368594 -0.995030722742203 0.0934734658508624
0.670770039027002 -0.390682285915994 0.630424385803062
-0.965505148966791 -0.165340333234086 -0.201152632407969
0.657524889223956 0.564953973909882 -0.498485734414192
0.0570257252912272 -0.14830014864539 0.987296881675803
0.868281578304372 -0.0617372813769981 -0.492215002682207
0.562816637974362 0.293547053677438 -0.772701468418775
-0.807543619173758 -0.0278551031642924 -0.589149723210879
0.366932038906886 -0.0567626728809526 -0.928514339033623
0.184767612152461 -0.2119365026386 -0.959658193498496
-0.58053545834036 -0.749935390273906 0.317136393408692
0.101448230792406 -0.75962312074391 0.642402499139265
0.564036789986546 -0.775036547395914 0.284922532879192
-0.793847898601008 0.424116957628529 -0.435809958741979
0.553332259989095 -0.157362793770021 -0.817961100048318
0.72222495010189 0.626378630139254 0.293327348120142
-0.250948826464633 -0.814018020593379 0.523831412426995
0.295948363109842 0.949237658707513 -0.1065947168676
0.464447866216745 0.711801044230724 -0.526903646788256
0.994406604091845 0.096495840585441 -0.0429425021189324
-0.284330779138579 0.24685465242224 -0.926400986944608
-0.00588280921475983 -0.355380419672075 -0.934703241606363
-0.631215611433238 -0.766695051245596 -0.117241418783965
0.0604128905853482 0.954637457467581 0.29157778970792
0.449913497739814 -0.508729451468294 -0.734011028364217
-0.630356872194513 0.681954736476422 0.370928498601179
0.621578999099885 -0.348090745666501 -0.70176376413956
-0.982953692550058 0.142103393618124 0.116656177823632
0.722343169225382 0.350638183900808 -0.596047992920179
0.392507163005404 -0.313040863096469 -0.864837293958388
0.65429183688627 -0.520368918920798 -0.548742544737685
0.710683997082351 0.698001453158081 -0.0878762065650351
-0.924883181500204 0.00166075246325251 -0.380247738296124
-0.352387601294164 -0.412455708025402 0.840061466424576
0.574194341275573 -0.804114719434624 -0.153949265784827
-0.151708248545189 -0.941770491800627 0.300088233852908
-0.298039306103896 -0.89952727937705 -0.319410778893935
0.876269980065243 0.410651419743336 0.252024470040594
-0.221937811907692 -0.251399278117163 -0.942094480722499
-0.635686236455159 0.605048894676893 -0.47939424676538
-0.818465352727718 -0.568453337852803 -0.083518076296684
-0.380708786816317 -0.760413255059633 -0.526148744339908
-0.250513317625249 0.00646248744095423 -0.968091583450898
0.902165795143362 -0.401484144691563 -0.157820656552398
0.495421098925617 -0.330193651977127 0.803448870142551
-0.914004746719349 0.236924554702932 0.32933581395487
-0.217370906627354 0.927681484259928 0.303573636393707
0.446303044648021 -0.746359737769968 0.49372131225404
0.232478079120455 -0.969142625784666 0.0819543386018478
0.642135139139748 0.0471600242749698 0.765139461269879
-0.738590078132005 0.621929172789553 -0.260170714182558
0.427155032883093 0.133812586010061 0.89422187946166
-0.162519473453 -0.842602000295778 -0.513428953065673
0.0251474820513134 0.874923713456055 -0.483607381848899
0.213948926545435 -0.454139480054565 -0.86486021384142
0.0442080643561092 -0.74951866873344 -0.660505421829328
0.87362627028806 -0.434597975687464 0.218864659986334
0.308274049664598 -0.668365754826031 0.676944848624479
0.988638670144828 -0.0676030605202015 0.134251279705518
-0.0766126712496514 0.37916141536556 -0.922153522848543
0.580650300031945 0.267392939801782 0.768990406193064
0.871455029138835 0.175974665164236 -0.457819887520156
-0.0915869633141553 0.585369603014324 -0.805576970883443
0.0913695691703064 -0.989881966880136 -0.10856009153988
0.233790785865811 -0.849796553140128 0.472427440688413
-0.257450047940825 0.645725192022241 0.718859130291261
0.678138286386853 -0.733076339613954 0.0522259019501759
0.397542222346916 0.389699976446457 0.830719031808653
0.571513136463448 0.0706005564373293 -0.817550179671225
0.834181190557432 0.394725257067172 -0.385141159516145
-0.0326768300650026 -0.105575306191475 -0.993874277511738
0.49939346766088 -0.544857245402164 0.673599841590249
-0.792800011073191 0.304859328032308 0.527758403584479
-0.526992739504423 -0.506903371299167 0.682149268617333
-0.942141816952912 -0.254963594136511 0.21762895582541
0.517096559454572 0.793301067881285 0.321379159091963
0.436741237049529 -0.828225152563882 -0.35114126576206
0.924214531619284 -0.224092636890591 0.309208650647372
-0.730999479940166 0.113576125464892 0.672859735793122
-0.276750535114029 0.799975138358977 0.532399210481792
0.369460907770748 0.183892206005921 -0.910868977515148
0.953673159378789 -0.296302108982451 0.0520822934693768
-0.354687902839102 0.892630054826504 -0.278223070215308
0.958515018631586 0.0213639108415658 -0.28424028984513
-0.744556998452719 -0.122753928544521 0.656175547458121
-0.474300412049187 0.102022935998131 -0.874431495121426
-0.326166542879602 -0.624961565642054 0.709252019930999
0.302433642402895 -0.470364637031457 0.829030156371397
