# command_history: dirgen -cart 0059 dir0059.txt -force  (version=3.0_RC3-1000-g3151ed7a-dirty)
-0.112574738255486 0.868729396614635 0.482323712629062
0.918517254470531 0.190667769570639 -0.346369535159886
-0.98575143743708 0.10721461601818 0.129611456680362
0.770494218942477 -0.634509911575562 0.0611214421344524
0.296922597320246 -0.830991386613771 0.470415015251768
0.15870912260403 -0.678564298657398 0.717190286458101
-0.693998418102732 -0.596861132131745 -0.402644985839036
0.444751044195686 -0.599389857800727 -0.66552859221259
-0.163570179742418 -0.183440081823538 -0.969326845124804
-0.851180544306733 -0.502958740981604 0.150080597892914
0.143230491671085 0.78109842679113 -0.607758400945705
-0.0890687190429735 -0.994867579667312 0.0480131462721176
-0.978630995828192 0.0288867269149105 -0.203585193500079
0.747575514421822 0.465260906226002 -0.473986433745428
-0.457491185583859 -0.276604851454171 -0.845098557131114
0.190424176852677 0.78174831783243 0.593808218565681
0.924267831810055 -0.352468823304945 0.14661072156963
-0.268279738764411 0.951398718299312 -0.151216601558579
0.757891871949762 -0.507948130724893 0.409375874869994
-0.638847123513432 0.308506205687952 -0.704768241218798
0.627750636644042 0.7386174379529 -0.245710029394192
0.858498854784132 -0.188011432134292 0.477107344023488
-0.0148883634071756 0.450894556965139 -0.89245304365791
0.884125853133647 0.174968004199877 0.43325243603125
0.567898345289842 -0.77177658927817 0.286098524391887
0.101121721267098 -0.142702888413307 0.984586351279804
0.501416288043336 0.0322778285841838 -0.864603867598759
-0.886202919344992 0.416153428958768 0.203619029833345
-0.107596365774758 0.394959090402871 0.912376204742431
0.701073144969559 0.0241508266613813 0.712680281033552
-0.429593692054697 0.0655015126769611 -0.900643554123297
-0.000216898663505577 -0.93189574612764 0.36272616572861
-0.503412183273901 0.605809825661767 -0.616093035882621
-0.419292446818006 -0.907687161565755 -0.0172586433439361
0.345986446697125 -0.393647598262439 0.851665983284592
-0.12848071366363 0.665807403064229 0.734978372635108
0.191574340498044 -0.96621954348077 -0.172392186187637
0.696596761554584 0.351210102633473 0.625623221755596
0.33237992049923 0.889629887069415 -0.313180862253405
0.282249337505725 0.55180136875611 -0.784761467527849
0.422994552342661 -0.808031348615734 -0.410074320511136
0.680661498432921 -0.200313049925647 -0.704680499645432
0.417913369403172 -0.325258156362824 -0.848266200784603
-0.182155243857194 0.0761611609911859 0.980315737245812
0.510848835979656 -0.857798654296726 -0.0567004009241195
0.685662075719635 -0.67411328408103 -0.274661242524915
0.762386298738648 0.131033221187466 -0.633717150186755
0.883414802176239 -0.152193401129085 -0.443187833710131
0.255581395978477 0.24539239455842 -0.935126046435761
0.712427233841804 -0.467482071130595 -0.523362159170842
0.976030839170891 0.216766733850058 -0.0193903090058993
0.881482385569859 0.424588601314048 0.206672019306562
-0.5558314034085 -0.365812699401495 0.746480086768246
0.155488793918324 0.948947442655815 0.274448512553474
0.193198854767267 0.517806404344955 0.833397102308356
0.489802213656275 0.677472249309914 -0.548748706524561
-0.46189029263458 -0.598791695700962 -0.654297992301297
0.451754571394225 0.81972265094894 0.352097405195868
0.693758245790281 0.715116372921879 0.0854872480376407
