# command_history: dirgen -cart 0057 dir0057.txt -force  (version=3.0_RC3-1000-g3151ed7a-dirty)
-0.612419890287865 0.349601756097259 -0.709027848616338
-0.392860090452636 0.166574882250498 0.904385845716738
-0.771831560157718 -0.610418628628557 -0.177947016181039
-0.701555887150868 0.702576614801563 -0.119186566096749
0.128484968186822 0.53793962822324 0.833134184472749
0.337492266086065 0.25238914921531 0.90686200035643
0.343425754440281 0.482903906200243 -0.805520060931862
-0.851309524439831 0.507421710013518 0.133399032249063
-0.891239627684395 -0.0997952035343662 0.442417046909945
-0.260857160929813 0.473658804284919 0.841190156097311
-0.448003489920039 0.666290836679071 0.59611189719462
-0.550516560786499 0.0656333397627084 -0.832240218333264
0.0110696206371327 -0.263832858557428 -0.964504891767982
0.75487473450396 0.440357034952764 0.48605536410494
0.0518385915028064 -0.615167470092896 0.786690373762455
-0.302098941898481 0.3676492489301 -0.879528429935583
-0.117683106602241 0.729422008823731 0.673865134477217
-0.473232752121059 -0.524888070563849 -0.707490830823756
0.834666365469117 -0.23562052482595 0.497810231549452
-0.986950832059964 -0.116176925197666 0.111494291996318
0.8602685228457 -0.223966460576624 -0.45801429359536
0.426327753475251 -0.904561531306911 0.00361700102875775
-0.217432765830878 -0.974504751678953 0.055348724450306
0.638138110965084 0.22711952749342 0.735660568173312
-0.560627216157224 -0.619249695524012 0.549751706770629
0.818086338165722 0.416308378903392 -0.396764510713131
0.0531174820427441 0.34599577039385 -0.936731263474752
0.170921987673545 -0.960521156171512 0.219510324760971
-0.541057050924854 -0.839673321644931 -0.0469678673378685
-0.157087903334337 0.82177134190251 -0.547736480667273
-0.551719278577807 -0.724024467805615 -0.413998076884881
0.0839035536441188 -0.991077851109654 -0.103561028991412
-0.842331681380255 -0.0769009072370061 -0.533445019668605
0.663348591234015 0.311036944702898 -0.680606101601899
-0.296631574869748 -0.916161899505094 -0.26954977775081
0.596257747348016 -0.359521580207715 -0.717788918897762
0.724184776044264 -0.521449092781746 -0.451272926046769
-0.122008907725376 -0.919068594561597 0.374735566668326
-0.232658346147225 -0.740378479290026 0.630642372008278
0.931812707739388 0.267622881647375 0.24515927662266
0.697608316131313 -0.56450531896992 0.441221466067896
-0.251316600309785 -0.760562598248567 -0.598652236740264
-0.430821321442185 -0.171617733548803 0.885968590031487
0.694832045343165 -0.0302414953146935 -0.71853592862526
0.00221256553500678 -0.908699405567093 -0.417445199847556
-0.463405271665548 0.810876686099152 -0.357399711994059
0.896171170458571 -0.400001493494838 0.192031347547252
-0.904270151522353 -0.42211257872965 0.0641596753728129
0.970209043665063 -0.203960976304802 -0.130745293358175
0.126806805839854 0.039239512751581 -0.99115099486996
-0.442174581604459 -0.840783052781642 0.312354762310588
-0.710409093278222 -0.674841074370647 0.199770980199542
0.220041711375744 -0.0573552413493636 0.973802865853552
0.328964432542518 -0.875852612911919 -0.353078748407975
-0.41058855919097 0.625192722243615 -0.663740231653244
0.616586571643551 -0.75219997622447 -0.23241384519163
-0.976270368873018 0.065136999324449 -0.206526846147295
