# command_history: dirgen -cart 0262 dir0262.txt -force  (version=3.0_RC3-1000-g3151ed7a-dirty)
0.669979386091802 -0.540178969558609 -0.509248763433601
0.978166657897848 0.203795447243337 0.0407112399693694
0.622927836941079 0.684567883099376 -0.378586480731613
0.689507413689875 0.722914926928048 0.0444244852678709
-0.417501376937886 0.885474566479041 0.204027920573935
-0.899957194724335 -0.41145946091013 0.144146313485469
0.935602009051869 0.352617456652541 0.0176014181815038
-0.68318639738234 0.250047450226581 0.686099569353403
-0.934574123421595 0.3244525817343 0.145951122081004
-0.502450774561898 -0.721914864458275 0.475796329973593
0.412065553509089 -0.0130593471107523 -0.911060608886308
0.557877691792887 -0.800097653249288 -0.220490875695167
-0.598723363829429 0.0697307419331844 -0.797914755618807
0.92276910099188 -0.249219274080336 -0.293916552241462
0.327138122192638 0.597290649160178 0.73227353457167
0.355733229924287 0.92900720175959 -0.101977880966666
-0.368713970507 -0.732307995156114 0.572516382458524
0.413748599673853 0.310008019307011 0.855983133147652
0.596290709118883 -0.21983788160396 0.772080757453767
0.19115482674024 -0.86373697741975 0.46628131643001
-0.130365257058195 0.955706192903243 0.263876055371722
-0.330906179415915 0.597549666316028 0.730366686473285
0.292514596691807 -0.926737880112843 0.235779796178942
-0.996802690565471 -0.046877635068545 -0.0647061311764036
0.68398258602018 -0.627301303216404 -0.372371987405266
-0.892247200607437 0.226411916652215 -0.390682194380627
0.625679965498447 -0.350396405093314 0.696955479260723
-0.0916042854770976 -0.987244399205471 0.130219626476422
-0.37577813336726 -0.458269832950809 -0.80546853116075
-0.221973389441843 -0.494748615744596 -0.840209272502099
0.487395638403156 -0.331705892850918 0.807723153260791
0.792748912567566 0.59646210995683 0.125626880120415
-0.214328672724889 0.77339877050222 -0.596588268266853
-0.688999095667487 -0.69540571042801 -0.204184093585909
0.967737394029115 0.155794701549338 0.19802107758239
0.222599969533513 0.179877687223517 -0.958171838034701
0.660063653590217 -0.747100470543987 -0.0784656620572811
-0.473071823047714 0.796928612526267 -0.375643230706041
-0.493096500938834 -0.803395104597242 0.33378458123626
0.736427298935684 0.176567919528877 -0.653068605259461
0.220493463195795 -0.975334662404837 -0.0102434857137062
-0.127885514441918 -0.883400817911291 -0.450830666780319
-0.467729074554987 -0.555372419593909 -0.687597984559541
0.190352270708838 -0.808922615929741 -0.556246541088908
-0.975119703010561 -0.00603112007957417 0.221596909705845
-0.194626159516524 0.0464606941003865 -0.979776536734555
0.709923579894056 -0.182708564133748 0.680166223288537
0.365472068998125 0.890088949522965 -0.272345054516019
0.690643765959862 -0.689848075120541 0.217073309721079
0.260567797476318 0.355455429680448 0.897639047963617
-0.0538873675171774 -0.551008918651515 0.832757661741131
0.0925912179841004 0.803796491683505 0.5876547169125
-0.294189110399439 -0.206670783754448 -0.93313447823168
-0.365664858898257 0.688701926063261 -0.626082157550966
-0.0534502860267711 -0.557160244497422 -0.828683008680176
0.446350918056926 -0.33328001871828 -0.83047895040927
-0.177258827303753 -0.622940342810173 -0.761921674086282
-0.339567760456344 0.111880515825579 -0.933903895610927
-0.494605847003174 0.706414394799221 -0.506304018284197
-0.0012299184935114 0.93231006651856 0.361657886916155
0.034131147425539 -0.328530408435982 -0.943876493778875
0.0345563685424509 -0.97299316399211 0.228232688758166
0.192237894945531 0.971071611910999 0.141649272103618
-0.783903083355737 -0.620288225576649 0.0271748618458346
-0.643725880855199 -0.580787699208339 -0.498299747908306
-0.467531487873179 0.00778655630222493 -0.88394212332485
0.785554094392124 0.109151234997176 0.609090118687179
-0.0869076987956999 0.617013333543832 -0.782139116857841
0.655154277799131 0.0592360390931706 -0.753169279746626
-0.313793659903637 -0.919376070725519 -0.23723654773577
-0.0528597939264877 -0.70120197829616 -0.711000441504505
0.198891076721721 0.605849618956024 -0.770317193636047
-0.325019076528236 -0.50443911043865 0.799939862585055
0.289938103641363 -0.904780902929529 -0.311941362680356
-0.553668561035967 0.0613755975840383 0.830472251518113
0.957460909454876 0.261856488683919 -0.121242674830152
0.871174525607098 -0.184423339156762 -0.455019755513448
0.288180368681361 0.875062319314598 0.388867602690726
0.350865144855006 -0.787973274055276 0.505956292085082
-0.56761369716963 0.218359565122911 0.793809669319263
-0.324616905665238 -0.310916239612966 0.893283245393788
0.343878540662007 -0.934723493654097 0.0896634802093201
0.782973245834098 -0.273904311307678 -0.558506333495945
0.680517824500798 -0.69629849036122 -0.228175158282814
0.192448613116473 -0.386308500637192 -0.902069439480681
0.0695092131249792 0.996565530489276 0.0450068076114476
0.867039610239088 -0.031057012228161 -0.497270325143085
0.59831712621446 0.495903697647229 0.629361691826152
0.67322859125767 0.648216435260086 0.355779028291325
-0.16077367074781 0.896242186827918 0.413402672154144
0.228397739159216 -0.38212923964052 0.895439398819773
-0.728471384725381 -0.627031220215513 0.27597335108907
-0.953079453747937 -0.165132148730388 0.253714265068441
-0.485882988017082 -0.857505440608281 0.169121675969672
0.472803312072429 -0.169618577357643 0.864688710640142
-0.231210517216806 -0.951178651008477 0.20445261209882
-0.19534490592495 -0.464640631313536 0.86368365242242
-0.366267585304755 0.435060325935427 -0.822539098615977
-0.438465478667319 0.828079506219311 0.349331297476509
0.178219838355617 0.328260012751253 -0.927622257842623
0.0895117356491249 -0.315025906153338 0.944852542798795
0.385419559115468 -0.9209648605672 -0.0572318884161265
-0.203691017707176 0.68897648059406 0.695572698208921
0.354030090936655 -0.279101160550454 0.892617071812305
-0.130298466149943 0.0751253912162756 0.988624542135979
-0.324820147616768 0.729167571471508 0.602334229823081
-0.736898594573161 -0.53955809355771 0.407256092640084
-0.88448636764784 0.438894800085274 -0.158288407355804
-0.443824097440753 0.747952594135971 0.493545425929745
-0.0950704663701258 -0.0822305795211322 0.992068414080292
-0.90021830424687 0.335404663229447 -0.277688164282945
-0.444327387363125 -0.154130892550097 -0.882506000433295
-0.496311272388424 -0.624570660177882 0.602981435323798
0.369510061570947 0.822295653575391 -0.432772656840582
0.259686350443254 0.0266208299018636 -0.965326023066197
0.216455395737959 0.975820180642379 -0.030365057335668
0.374560105039442 0.696182875354204 0.612400303540417
0.989858592075088 0.105767245587628 -0.0948327868193832
-0.59483729163564 -0.8012938618017 0.064005808474665
-0.678352281265171 0.0963282295918358 0.728394848063906
-0.570107481772294 0.789632131642706 -0.226844783728104
0.950359860539763 -0.285083907202978 0.124672777015379
0.686106342482254 0.332595781983825 -0.64702251321897
-0.531269494529501 0.8442484263997 0.0706917159503098
-0.863254691548636 0.112531036409561 -0.492065141382581
-0.935258861069831 0.0915208256008902 0.34192806446926
0.821300313224325 0.351336845166533 0.449475490684479
-0.15944499316426 -0.939910161305912 -0.301904261031115
-0.953696753833112 0.175649160558337 -0.244151334469701
-0.0545525653113313 0.83788805646885 -0.543109217786631
0.174374890671746 -0.973913179926731 0.145211967372594
0.450437223273706 -0.63321138925479 -0.629404197958269
0.624697850662184 0.591940301714189 -0.509273280846897
0.825748787780023 0.379042238072438 -0.417691179266284
-0.841830528372427 -0.123769236727577 0.525359436519488
0.922964713930957 0.0659484406363302 -0.379192484123807
-0.741283399863851 0.668128257096309 -0.0640589818506333
0.733857247411369 -0.488760451273905 0.471769818547497
0.162958645699736 -0.932765766790938 0.321547048026602
0.797180795111412 -0.571430332082858 0.194859322284595
-0.770422676210613 -0.0233455999304201 0.637105864785725
-0.569836232353309 -0.77525496229327 -0.272518644751228
0.605398305980187 0.760374689571764 -0.235208891360349
0.974009439498141 -0.22480946047943 -0.0276824537832897
0.785456709397286 -0.0591615940987172 0.616082513504876
-0.921313777281823 0.388798841147411 -0.00404782819930278
0.472964864256174 0.51430986305602 -0.715394717580747
-0.0340687091623019 -0.0162806614240376 -0.999286877287804
-0.606391823459273 -0.486196434201738 0.62920742510817
-0.762075139316373 -0.269380456261767 -0.588791687967938
0.616363241822466 0.215216215316581 -0.757481573897945
0.25756434965968 0.809592733846523 0.527465838787025
0.795521893377839 0.279593210727084 -0.537561674295944
-0.259529890703431 0.95193981558612 0.16264938774348
0.437373183835826 -0.172432089274472 -0.882593832206952
0.563701569208679 -0.650509935098816 -0.508996429466266
-0.0941429932527534 0.989586306659452 0.108885437472227
0.761071860455484 -0.415335403248893 -0.498263109241401
0.290702735206318 -0.128226341816397 -0.948182432345142
0.772039703900292 -0.62953010513421 -0.0874445100121276
0.831401893684116 0.471809467063707 -0.293541680119751
0.0693816141198923 -0.763791686445843 -0.641723033199163
-0.907989790610493 -0.260463190094565 -0.328197298515504
-0.852554713591602 0.336063691475002 0.400264482067714
0.822928760444434 -0.357812993438122 0.441314079721276
-0.976529308712673 0.00654270707846094 -0.215285164861014
0.554071291990823 0.25332428794224 0.792989160411526
0.605397891235051 -0.706423344613834 0.366687130225154
0.234863006188725 0.816776747173134 -0.526986824883952
-0.723168217133589 0.595767501254554 -0.349412097925546
-0.625887481626195 0.491067704951425 -0.60590211214136
0.0969539027027074 -0.477941897538651 0.87302433146383
0.647340746948754 0.340716539929018 0.68180803512325
-0.933898475583255 -0.311100736048572 -0.176210014849639
-0.566287928330363 0.524179690446189 0.636045308410528
-0.517610887002164 -0.407852537398637 -0.752153759143917
-0.237694854744198 -0.896896739653307 0.372930817213332
-0.786081470408933 0.127318160042557 0.604868587383333
0.314187037930662 -0.284066460921556 -0.905865746662197
0.31154290514739 -0.832884891492829 -0.457431717063109
0.523442998157161 0.0941992228309136 -0.846837607867231
0.905791458304049 0.320747838166667 -0.276880223878185
0.857780107660756 0.198601254660274 0.474100019562189
-0.548596545103691 -0.721234879112316 -0.422920890772893
0.101892305290954 0.877865037241168 -0.467943302668238
-0.507341140786458 0.467724636328373 -0.723766973159861
0.932029058882585 0.102791319406751 0.347499320938995
-0.870591339344988 -0.491986284447285 0.00449619542010335
0.716590123180296 0.424685085249589 0.553300256395203
0.996591606146642 -0.0563074859013682 -0.0602879555925097
0.228390248580906 -0.662289942562849 0.713589466243197
-0.870844393356175 -0.0431851699557895 -0.489658129367832
0.323943267896894 0.0505816991649224 0.944723372683174
0.82204444148571 -0.46989823130015 0.321618700394485
0.0787026104620219 -0.630604382531484 -0.772103627655349
-0.67034202362135 0.400192609336225 0.62488994775072
0.0310910663528871 -0.916467368333788 0.398899621925595
0.783497995738677 0.557744077189397 0.273956994861644
0.624351092803243 -0.777649893745553 0.0737994286761497
-0.796740767164965 0.234683232879671 -0.556891309092295
0.757867405145315 0.501632875425743 0.417134815749546
0.841617969897205 -0.538835073138021 0.0365507414760768
0.472820940779092 0.881150913655749 0.00366405846205774
-0.578870133172895 -0.807724011295112 -0.111764442009652
0.069288820164919 -0.144758435731648 0.987038020891131
-0.000862009629548466 -0.174150882415705 -0.984718602999471
0.437265454904531 -0.868632877407124 0.232971771325528
-0.219574203642015 -0.720442444894075 0.657837253954215
-0.726523890149018 0.363933443038497 -0.582851169751663
-0.0696533513661095 0.477714104515568 0.875749761627349
-0.131183043999969 -0.268019861512003 -0.954440340095697
-0.165179115779903 -0.11306128028216 -0.979761709096211
-0.409781710447061 -0.776044636725536 -0.479409711616914
0.0328145978616885 0.977782518422227 0.207037554166057
0.680095063694411 0.180850312774254 0.710467359354354
-0.0626108714941244 -0.681797290848616 0.728856867266979
0.453296271730278 0.873935677323139 0.175382216707329
-0.875437279995002 -0.458437155155208 -0.153117417585827
0.931911635925498 -0.0590908144206821 0.357839319356835
-0.515710114094968 -0.647138475232519 -0.561475620213278
-0.205125335328391 0.544365827482844 0.813381486558019
-0.564635336775307 0.374149244285186 0.73566247659199
-0.436293570595485 -0.835652619317992 -0.333665431359052
0.70297122013742 0.698548951887565 -0.133644399341284
-0.053299908516524 0.997259825857705 -0.0513026264667713
0.42484489675384 0.392936585949605 -0.815541325209512
0.887254656593764 0.222939030442078 -0.403828383175611
0.623184889041598 -0.607220789614469 0.492872708445286
-0.504238773175322 0.597558497470401 -0.623431713764677
-0.102682634709138 -0.946925317967856 0.304612407364943
0.871007837326101 -0.417225112386816 -0.259361818528318
-0.0547025722513947 -0.23942964766462 0.969371483182932
-0.325760744451158 0.867536927505158 -0.375845203228055
0.161674815229057 -0.231287813100919 -0.959357702648832
-0.0822728850868905 -0.789730472780849 0.60791196134047
0.562885695654997 0.368502213580157 -0.739841748087734
-0.480196051034382 -0.246777481550877 0.841731921201989
-0.49195825419493 0.866865701306933 -0.0807522880611789
-0.338095600471011 -0.938469909637585 -0.070466968481483
-0.234593546440782 0.53363830186681 -0.812524480092165
-0.32820404302571 0.445372089686197 0.833022093266516
0.988332289149191 -0.11979077816453 0.0940715456015093
-0.22099997417229 -0.725133340870243 -0.652181454331697
0.0392308098672461 0.407412615706598 -0.91240117498843
0.866484178410334 -0.485950311099607 -0.114269259675403
-0.0939502847520559 -0.416516136504875 -0.904260831854427
0.0761907386576199 -0.737961393933738 0.670528114553134
-0.579789163120058 -0.0934240236404288 -0.809392660045404
0.786708549589393 -0.572033295327914 -0.232093875488435
-0.724546468274168 -0.440322617032152 0.530234295610334
-0.374792957186093 -0.147303599729643 0.915331573120032
0.0344157690660995 -0.86109050593741 -0.507285615234696
0.215391646820397 -0.215762998031327 0.952393178871274
0.568826090774073 -0.735670883046509 -0.367729833291041
0.696992089607169 0.0121150995644579 0.716976465016513
-0.858391980308393 -0.412891851283637 -0.304439694004916
-0.971290789714234 0.155303530496442 0.180208255170621
-0.451822132641356 0.492253188815163 0.744005079657875
0.375287677608394 -0.569233854761466 0.731527154402829
0.351728765529757 0.627757162575998 -0.694411852097475
-0.816796073868517 -0.553216213363746 0.16369482271732
-0.783274980353565 0.500153814714771 0.369224141651632
