# command_history: dirgen -cart 0181 dir0181.txt -force  (version=3.0_RC3-1000-g3151ed7a-dirty)
0.509734649778248 -0.33803534702387 0.791140120950707
0.866095220751747 -0.280373578204194 -0.413847466146597
0.914910554001108 0.239188313973371 0.325157851874995
0.746641878495178 -0.472999358661909 -0.46775796303496
-0.390232826260034 0.515850602995226 -0.762637854226085
0.934643025195468 0.0532127207458358 -0.351583307061483
0.443895253508726 -0.89540158906725 -0.0348281238120591
0.343520298770735 -0.0315682087765839 0.938614538842811
-0.815634840855761 -0.405117345833144 -0.413061427014562
-0.684961769624537 -0.0214751824946064 -0.728262446299166
-0.671481990358839 -0.46888373411052 0.573811798859441
0.500556852928768 0.837658280281258 -0.218566791764655
0.963690683615529 -0.229519065584752 0.136459755406997
-0.38320535301662 -0.912122739266545 -0.145553309588969
-0.463785603759986 0.66390790558948 0.586625269350695
-0.0183120654429197 -0.918441443857847 -0.395132866848011
-0.996279656209491 0.0495147163000903 -0.0705346687297868
-0.275017108585316 -0.47132551990832 -0.837984393809649
-0.328079892736827 0.871196782263188 0.365211925539212
0.274534109814021 0.330005576793588 -0.903176251810108
0.16003029830148 -0.139549644951122 -0.977198137646381
0.016408776090585 0.974809406524353 0.222435098441878
-0.521059034721177 -0.485269835597589 0.702147184708821
0.833161226744466 0.228671442591101 0.503539215546279
0.238305801990069 0.73185930893743 -0.638429554970239
-0.254756713468658 -0.629600134753031 -0.733963682522244
0.649073704139401 0.698840364389064 0.300541963285193
0.881531829481709 0.408411207433544 0.236858437158792
0.840266949719838 0.110241555411075 -0.530846731805958
-0.716989332357302 0.693554828090607 -0.0700571032661196
-0.958347406191625 -0.179833876346631 0.221878403554579
0.438005424497065 0.50985396240277 0.740405419438121
0.437346614613736 -0.523529094905727 -0.731194382823812
0.459041757055267 -0.00429105294312486 -0.888404329201661
-0.613161826677275 0.163375053525368 -0.77287849380829
0.483411210824318 -0.768279111903848 -0.419596005059155
-0.168051960806738 -0.18013383680981 0.969180240876375
0.113393913703152 0.36703546525568 0.923269618031282
0.794992904763591 0.432777529610762 -0.425076335779298
-0.809425244615292 0.288820852076333 -0.511285916865872
-0.423357184730794 0.651673346036582 -0.629357246881532
0.0538278623595192 0.777469368702654 -0.626613071969378
0.550683907485525 0.82437860574907 0.130947120700278
-0.341156416518084 0.867290663300945 -0.362517868276237
-0.0583095322681376 0.668104359747795 -0.741779322260105
-0.789167991260214 0.571952874649389 -0.223794081134017
-0.413776640186478 -0.661977423012362 -0.624959825475128
-0.340788130807421 -0.496662196968439 0.798241888153752
0.195446626283739 0.956959686627391 0.214543176177454
0.931459250253488 -0.363811317458483 -0.00499904054126758
-0.857868883100875 0.494801898018432 0.13867970696758
-0.124652733081763 -0.981370238930075 0.146199009153877
0.126003131685866 -0.987570217352782 -0.0939589091205979
-0.472254961700973 0.850898880632109 0.230100730307047
0.135551298903841 -0.368471472204598 0.919703549812035
-0.0730892441720279 -0.996510958605518 -0.0402972922846491
0.22445423882773 0.766227091960697 0.602093296938039
0.307035766430503 -0.937122444519853 -0.165923362157261
0.32911623972009 0.88677796744379 0.324510920014672
0.103628652188745 -0.624339574980416 -0.7742487956457
0.711217241048775 -0.453623681143419 0.537024759150695
0.233226668571965 0.130677188133087 0.963601989188717
-0.98153212336235 0.178868491358839 0.0678288552668362
0.860714025790143 0.49676156976923 -0.111352182774006
0.840120976839933 -0.540745035635968 0.0423267138881745
0.814108510271067 0.0459261591780848 0.578893877500335
-0.162749734233959 0.941464024686561 0.295225361762432
-0.675719457791435 0.312373512610315 -0.667702031584106
-0.380844866181161 -0.626680385308089 0.679874166720253
-0.31456207113015 0.779567896507617 0.541594496040165
0.794513697988987 -0.212062454483727 -0.569014498151148
0.950004295144112 0.300379255733906 -0.0852299356592694
-0.0206538638635856 0.956934430224079 -0.289568496489557
-0.346567402816848 0.168536741437184 0.922760208337204
-0.378098115800519 -0.171581239638325 0.909726163761532
0.675945093596725 0.603092815785999 -0.423529557398099
0.992737468777883 0.119224671108884 -0.0160560232766753
-0.270859437143653 -0.0169475760236718 0.962469711199862
0.208636184325275 -0.528994942122003 0.822578442338193
-0.817015745306078 0.441142373495237 -0.371320182900072
-0.390311713101515 0.90662782248416 -0.160258410429506
-0.946432370715691 0.14221239706753 0.289898950984276
-0.0649677912234186 -0.699599900528531 -0.711575129753717
0.607976090723843 -0.788853104296722 -0.0898657495911413
0.879569460714247 -0.0778670942902709 -0.469355174048011
0.405391627987429 -0.355733514181895 -0.842087462705331
-0.0569940543600274 -0.0216550367282935 0.998139638102757
-0.0926296362166349 -0.548122588576986 -0.83125289676851
0.667533626633161 -0.194006765393342 -0.718860370514047
-0.212951472920389 -0.845693748140071 0.489340121528814
-0.554581379777378 -0.166264113657665 0.815350070652999
0.2812354900082 0.296264320372985 0.912761771566809
-0.766025470549837 0.0319358404283971 0.642016417675617
0.448154384997821 0.336268362163926 0.828300208749712
0.59506251800154 -0.523306090469338 -0.609960109636166
0.706789688962867 -0.364585825311749 -0.606238823861954
0.695017280463789 0.558722671047133 0.452526194506657
0.37806085067705 0.788442133414718 0.485210259003035
0.258765723872105 0.965893517953418 0.00948747197705897
-0.56472690182505 0.366538880176591 0.739413805439127
-0.782754557783538 -0.559788853782499 0.271903919519329
0.987648472761283 -0.00925857412476041 -0.156412189606445
-0.911939924288696 -0.0636469080855803 -0.405357429411962
0.16293219981736 -0.890760366214762 0.424262970625083
-0.0644167122091142 -0.346706576513543 0.935759069948257
-0.504641107476603 0.815752972528419 -0.282638356306847
0.961192982707298 0.245283647234241 0.126269483224238
-0.49875574334975 -0.806860701602536 -0.316573082691978
0.292035986339174 -0.655796552738148 -0.696165112670599
0.173627395519153 0.929940091409106 -0.324137245492183
-0.930806128810568 0.307069413457428 0.198263274177532
0.0713190180477876 -0.992430272528975 0.0999787569074739
-0.364452679878461 -0.860325569954228 0.356390456960258
-0.548483385846719 -0.68749704394693 -0.47593464889032
0.908277485215363 0.414897145912202 0.0537807415787981
-0.446948459493634 -0.893760509790223 0.0378051014519027
0.718926784378653 0.392001740394345 0.574002538522936
-0.761305606950589 0.136552642495178 -0.633851046108768
0.527932915550554 -0.00872971012991198 0.849241207690336
0.131891409758798 -0.757359896741663 -0.639539398973429
0.620322116992784 -0.734009785059017 -0.276459954798534
0.0537230452213194 0.149546716528887 0.987294086879678
0.623339562508475 -0.0129448756482676 -0.781844114901554
0.500909565740538 -0.74042968715623 0.448166805249289
-0.319130286670608 0.783666958980076 -0.53293710466851
0.777733221290619 0.565328970066452 0.274834845142534
-0.396250462800178 -0.756354766390438 0.520493072085605
-0.0754061758626386 0.469041168151961 0.879951300482258
-0.15192733823943 0.865172369605778 0.477906742750303
-0.559853879697509 0.477911145611777 -0.67687854914134
-0.595262121238544 -0.368541933483593 -0.714030706820626
0.328873992508443 -0.365406250106233 0.870815806835669
-0.746550360711027 0.655064136919195 0.116419652312423
-0.133574674627251 0.795189245082454 -0.591465866135503
0.770385568616744 0.29459936322214 -0.565435487793404
-0.436640517708293 0.188136082584855 -0.879744208690832
0.143016679250288 0.63484260355985 -0.759289864387489
0.233416737677402 -0.331385612603898 -0.914166397507138
0.746442649315748 -0.593941441856911 -0.300094876543105
0.903238512508169 -0.270328713662498 0.333290528055642
-0.65760447582669 -0.712469545467574 0.244833617287195
0.583290545219298 0.181983588123596 0.791614877014976
-0.628450261922553 -0.322432094154549 0.707875563180836
-0.167930252455775 -0.485657649158622 0.857867168111626
0.974247747735019 0.080002956093638 0.210809992764867
0.516906687755606 -0.187527372337639 -0.835249041171355
-0.459411802269166 -0.337563932475448 0.821578594796328
0.143301504395844 -0.0376791276659538 0.988961557481493
-0.54192629461763 -0.625744623108107 0.561034364235649
-0.69318924736866 0.60218237684922 -0.396061929936084
-0.71064567831835 -0.147988375731554 0.687809683368727
0.881745369600111 0.246615869701491 -0.402126492537038
-0.422044530740457 -0.148068643163875 -0.894401526711396
-0.624721298510693 0.635047523859329 0.45435442292031
0.0412104385228633 -0.197360433892065 0.979464424515096
-0.721377414460767 -0.209528782196044 -0.660085081892737
0.537966619782161 0.746163027211234 -0.392215059403795
-0.876630969572511 0.114557586997278 -0.467327189929839
-0.188915598564796 -0.878037296751555 -0.439728782469521
-0.262492565447851 0.964311682731126 -0.0346501317871944
-0.244653843892855 0.205142129025184 -0.947660911701788
-0.567724029881891 0.817531674375265 -0.0965991060405917
-0.611919858443809 -0.788710345933596 0.0590768741506974
0.750663636954611 0.655381194024696 -0.0835439685006692
0.247241010468778 -0.672257667700842 0.697811945268782
0.955313445606184 -0.0945402024786373 0.280068510831437
0.580002760185025 0.540159106113004 0.60977449787684
-0.0202372103940147 0.519350158502126 -0.854321876214864
0.845565759198737 -0.430759086118451 -0.315380970569024
-0.894358324018136 0.406478829299444 -0.186810464350434
-0.263011167416935 0.505528521659476 0.821745726853974
-0.815366410920094 -0.57252030292268 -0.0860123170517345
-0.210309593041496 0.949077520987151 -0.234567120951774
0.0518898219715623 -0.295591636856317 -0.953904099265939
-0.652376194508094 0.712853543628953 -0.257381285595479
-0.695375056655701 -0.709867861387407 -0.111987275841274
-0.0234635861064882 -0.883779486636977 0.467314967796565
-0.888955164088819 -0.376237349215857 0.261159287207724
-0.58317299102347 0.605601866643152 -0.541438492960253
-0.0354726673493351 -0.823532782011741 -0.56615849973583
0.316854846906097 0.931310216535348 -0.179622622653713
