0.591237261263275 0.349590628816797 0.726790818005689
-0.353430702169665 0.800428778468948 0.484149263515464
0.857899271062128 -0.451098454811741 0.246006147844985
0.618021045194029 -0.669873117641856 0.411485107820515
0.660525785755394 -0.748542198501892 0.0582259685550395
0.643949638410861 0.595410050040142 0.48043286263714
-0.0706978286852831 0.997366475167441 -0.0161842896434055
-0.36024742513945 -0.630239067690241 -0.687764865515339
0.981335957713859 -0.191640520041591 0.0159263673200196
-0.866602679937273 0.351347851541499 0.354336679364005
-0.749273673697611 -0.0252552764599071 -0.661778764327338
-0.642425613960513 0.702381423388532 0.306512098629334
-0.847331355409937 -0.263339361461434 -0.461174538373752
-0.509314834024512 0.27302595100908 0.816122068025471
0.458375344441488 -0.529758599292929 0.713616052288162
-0.32841830700592 0.582329775167108 0.743662187136869
0.0413683329312813 -0.951255880774126 -0.305615625129228
0.313046089554288 0.846793448341392 0.430049999024373
0.0690985674829723 0.291185780410849 -0.95416782028023
0.385010165534184 -0.910428989221053 -0.151281948762142
-0.296050515556658 0.774384158195924 -0.559180890029182
0.0254651938329444 0.582135740836964 0.812692748302364
-0.149471097382152 0.323319683112537 0.934410388191069
-0.834293548832281 -0.216722497896936 0.506937504316016
-0.0930765921568518 -0.80145509046589 0.59076770896756
-0.260746386724125 0.268238461226835 -0.927393902141357
0.396618005781818 0.287250281439846 -0.871883841633955
0.790388515488413 -0.149403882075749 -0.594108133764148
0.008039587467159 -0.806061977131223 -0.591776523745799
-0.434417363250708 -0.0739622982248128 -0.897669835155224
-0.926619905799071 0.094217305966955 -0.364003639313195
0.777142687962078 0.627406719000746 -0.0490922753576956
-0.93024011849112 -0.324625571995797 0.171089333261982
-0.629595509744021 -0.0706721448381737 0.773702101621896
-0.962182891545586 0.0122067048207716 0.272130629614518
0.533280964043803 0.831592403566015 -0.155130550568898
-0.0777024671395405 -0.0451247302111613 -0.995954861087489
0.85376770715348 -0.513948666050028 -0.083291481480913
-0.401185876335457 0.892042320045165 -0.208111489056687
-0.567115144519401 0.22020370228148 -0.793656564490125
-0.275351115980195 -0.956368471608331 -0.0976786027848747
0.580484636495518 0.78745594080569 0.207245574337529
0.855557858450795 0.471157422456596 0.21454937452052
-0.26059671095491 -0.579776763299626 0.771976851322171
0.445855249945663 0.743885295659334 -0.49784311082681
0.758031298384534 -0.35427232377192 0.547612701896789
-0.604268300799455 -0.4490460660468 0.658192563933103
-0.236002777460559 -0.936370103196663 0.259834021772307
-0.736970124617635 -0.562051171345471 0.37546440072296
-0.634194588607472 0.506490416250242 0.584178638797804
-0.0928384043139995 0.934944773561113 -0.342431454564544
-0.290693581384679 0.0235163442315187 0.956527168090762
0.251591515471524 0.351221760693174 0.901856409944692
0.982438193551025 0.147491889190255 0.114286212971158
0.105914980106118 -0.580132870769977 0.807606258792802
