# command_history: dirgen -cart 0267 dir0267.txt -force  (version=3.0_RC3-1000-g3151ed7a-dirty)
-0.215013298548327 -0.3010575605975 -0.929049851544281
0.403964120093614 0.352292296350002 -0.844217464643699
-0.0469216032731752 -0.354151417053685 0.93401024456113
0.399885190382677 0.515087437516221 -0.758140334123956
0.918927558861691 0.143875913638098 -0.36724904770373
0.518359764447969 0.499277908839048 0.694280004282676
0.726298737581506 -0.085960969228443 -0.681983031722064
-0.326436180619107 0.939307934708489 -0.10554631105104
0.514602811114711 -0.233367159744442 -0.825059825434283
-0.756613689056956 0.210737472526257 -0.618971278174415
0.519341867589633 -0.802176893095679 0.294612044478626
0.453660373621708 -0.0942675556565118 0.886174866127425
-0.0706271282079016 0.893068282314904 0.444343169053168
-0.829246632357393 0.0512034829239743 0.556532322565704
0.629405817635937 0.496264758173177 -0.597971242219353
0.359860162970236 -0.228096921715101 -0.904694676347292
-0.812316131033231 0.579928248902261 -0.0618524808585752
0.485807602985979 -0.837549643005981 -0.250003136743463
-0.100215776815825 -0.991544064953568 0.0824449230247356
-0.0562787068936752 -0.968054271684518 0.244343271288026
0.211041760191097 0.342462528127414 -0.91552214188627
0.259885173291705 0.45682794440792 0.850745511837221
0.0837861357924768 0.611402022605947 -0.786871940154383
-0.252614984131404 -0.592869138207742 -0.764651459655378
0.929142232881728 0.369046671459229 0.022344246696202
-0.448572130075395 -0.709229641217925 0.543853252392147
-0.646782232834463 0.220820351780405 -0.730007613336495
0.774098286229618 0.236714734218405 -0.587143915799422
-0.992367641967024 -0.0744051404180381 0.0983378780337545
-0.953852109894836 -0.268728633998523 -0.133981617091519
0.612131647890153 -0.750184184938731 -0.250037065890436
0.356014352229881 -0.875723659576083 -0.326131649897724
-0.585949644620824 -0.771521779147193 0.247824854020496
-0.641343028913906 0.691351281431395 -0.332734916903388
-0.0433006451246608 0.226093230850017 -0.97314279789535
0.894997086060011 -0.0639836825463683 0.441459289529504
0.215450695908544 0.957849963175632 -0.190011698789743
0.211804846911206 -0.233458558994637 0.949018339157399
-0.652171018664308 -0.0762286849772186 -0.754229507511475
-0.617673236067 -0.36687580966252 -0.695616211521116
0.512252304494983 0.625584524288719 0.588422959706738
0.935617470044881 0.0537422790039332 0.348900726846877
-0.193890488999112 -0.704286897307975 0.682924918681396
-0.999440234135058 0.0302401873843572 -0.0143090691178763
-0.751979756083434 -0.657465852576618 0.0475930576491929
-0.359110552055785 0.718751662435376 0.595344991705291
0.096644454456946 0.673848652130673 0.732521565173609
-0.442306411705373 0.0991080843820558 0.891371205376546
0.860213670494906 0.0818750324319 0.503317911620435
-0.795064568605749 0.341226889742118 -0.501434483721129
0.0295020438999607 -0.457519782060385 -0.888709895539114
-0.654640040224536 -0.662350925552344 0.364331811889617
-0.849145826561412 0.196067347021627 -0.490417129253493
0.894684600718624 -0.388364484843522 -0.220709066757987
-0.982890391546098 0.135606032395281 -0.124649437160254
0.571663506795345 -0.358415925434946 -0.738064265083373
0.767775791994403 0.557443830209349 -0.315874515257085
0.492744128779686 -0.59799678431361 -0.63214165303651
0.803706796182697 0.221934180247501 0.552087497963515
-0.240494464586249 -0.711355368368181 -0.660405899729206
0.0425591151754459 0.0872006818694679 -0.995281248088691
0.86277639757637 0.439325220095122 -0.250220380411976
-0.358576018189641 0.807178690026743 0.468919824219422
-0.046759323889546 0.593817110582928 0.803240191230703
0.945046368745511 -0.113211481160658 0.306709180583715
-0.981152743669174 0.190140633291337 0.0344359283600837
0.734250046689627 -0.647843680596907 0.202917309382253
0.256397575560165 0.96604457173982 -0.0319087552075776
0.867442183410499 -0.490821491500147 -0.0814758977955897
0.708912067934036 0.532359285847624 -0.462641622326933
0.961209611536684 0.179068517320507 -0.209786912828549
0.853157041195782 0.109844141432333 -0.509958162647734
-0.402852589128656 -0.915246096373496 -0.00586297752130013
0.622671454833842 -0.760744311395988 0.183162092185446
0.0589197695845904 -0.711492554908097 -0.700219112180214
0.810845085553619 -0.322292613430656 -0.488526067433031
-0.38371911900371 -0.814905012545951 0.43438399859859
-0.131683788375965 0.0945095662428857 -0.986776226794878
-0.657201179159335 0.225983194424455 0.719039780505432
-0.293157601003971 0.0713368735658513 0.953399009567058
-0.286758868603779 0.823767816994783 -0.489056167490741
0.382879079153538 0.0428077985399017 0.922806102673095
0.543132474952795 0.310096145223123 -0.78028680327775
-0.525339263534703 -0.0610522060482717 -0.848699762180629
-0.298977861618476 0.0979716888772721 -0.949217460037782
-0.589890340720075 0.0801545764373301 -0.803495258107542
-0.120884027442088 0.363008447740143 -0.923911207193999
-0.469195143560945 -0.821302460199752 -0.324527635385122
0.806448000751875 0.56985561025423 -0.15781700017768
0.570191879419375 0.796231875461737 0.202227646831203
-0.0976745732724632 0.952119972513225 0.289701977344749
0.942828164097034 -0.242307829914438 0.228827377181081
-0.206447268703903 0.955865030034581 -0.209049203781521
-0.355155793502557 -0.826731709385426 -0.436324469905391
0.344885654159974 -0.498756435181884 0.795170361569963
0.290593458134905 0.449424019786621 -0.84473279356731
-0.826440380528746 -0.341917954998927 -0.447312429383372
0.506608696310385 0.853634354366177 -0.12106204140247
-0.303124799417313 -0.175418002524299 -0.936666365558516
0.349716865370398 -0.613534797795847 -0.708006473112437
0.688547011581771 0.687393226163775 0.2310704772704
0.388652221736447 -0.908470510276905 -0.153723070801178
-0.0790476238948755 0.946445710125521 -0.313036724589262
0.908613935740698 -0.0143939570489145 -0.417388943047456
0.207737751839295 -0.203510299704339 -0.956780321899968
-0.213810380616329 0.820100487185681 0.530773315134163
0.892848777082872 0.203055919899199 0.401981783984686
-0.216931675591873 0.894797669235561 0.390227855560711
0.373076384214582 0.730748884386257 0.571681799176442
-0.724364288303448 0.478984373321793 -0.495853151592452
0.593151981995438 -0.101095962392214 -0.798717930588062
-0.587686933707334 0.808166770788046 -0.0386074933619642
-0.513473684126308 -0.0308648184459065 0.857550079407645
0.903477438040782 0.316001165924504 0.289606253533343
-0.941790655025494 0.130566719489781 0.309810738787937
0.70920225970036 -0.0679567157086029 0.701722195477671
-0.490514738256226 0.497292238292312 -0.715608636957135
0.872260110049053 -0.171667962325369 -0.457921839540625
-0.537080913496222 -0.842604509378287 -0.0395187693816466
-0.733818533225288 0.560122978158325 0.384412031073606
0.815057879034393 0.418846695343682 -0.400310004401132
0.950630772153054 -0.299478724247989 0.0813242199992473
0.6574532502556 0.750077376616568 0.0716878847250628
0.723368954939745 -0.645430842517074 -0.245267981108585
-0.824717848169383 0.430527168030776 -0.36672445854928
-0.3715291851122 0.236452588735403 -0.897806347655323
0.366308134069116 0.917634676644887 -0.154158850325357
-0.63549084228164 -0.76721624063753 0.0867791995710187
-0.057806556348094 0.987941869535223 -0.143628912348539
0.656973836417647 0.0365543678824715 -0.753026663838268
0.624323212235682 -0.676039181637791 -0.3913969232815
0.704263741807163 0.678183762389433 -0.209950866650004
-0.887506042819331 0.277158375774909 -0.36812533014856
-0.849321781198695 -0.526023813326542 -0.0441753301615192
0.436999535927616 -0.370847827770019 0.819453045779505
0.623597415133078 -0.584205231978861 -0.519452125578352
0.499367265040776 -0.695696305480969 -0.516370976281419
-0.200008374318966 0.614201899951401 0.763382391923192
-0.723644270328085 -0.592326378237213 -0.354243463829215
0.985187823891085 -0.0818850174474279 -0.150664513321431
-0.47091835763901 0.485680720450358 0.736444253301904
-0.439035770676989 -0.882636764468817 -0.167928359945782
-0.495836901711201 0.776233306328886 0.389368233228087
0.118876011643043 -0.886099207239075 0.447991840088775
0.698705237454084 0.227299320847873 0.678340629695972
0.778113413236715 -0.20654565876046 -0.593193397627045
-0.670525262283904 0.735058432653446 0.100423967379116
-0.11945063993896 0.713045261615782 -0.690867570164828
-0.0887095438334524 -0.779259141569533 -0.620391656224659
0.894505635412045 -0.2840900744307 -0.345184730001274
-0.0639667948182521 0.811632721608861 0.580655297379153
0.0221179323652831 0.982280280144712 0.186108162923367
0.575422803933865 -0.365263669691915 0.731758873069596
0.964015274669551 0.0257862160419226 -0.264593312965444
0.693629763829791 -0.357899836409561 0.625128353082339
-0.120465799507352 0.333238632902878 0.93511496870175
-0.0165860307712927 0.999612249462418 0.022366365550495
0.633936335382324 0.500604182681724 0.589508418059991
0.681020900464634 0.201009525962455 -0.70413471978215
-0.624850764311933 -0.618007706746852 -0.477103758883002
0.614858535581032 -0.494797859511947 0.614104274081808
-0.0118844213534389 0.822736699539613 -0.568298410836911
0.176639730493888 -0.485046423446836 -0.856462709469875
-0.57248810556549 -0.161360942760486 0.803878109627003
-0.108604553191835 -0.553417396043866 -0.825793095625065
0.702203314786012 -0.346357362639849 -0.622050706975489
-0.727111142848732 0.459411604004196 0.51014739443763
0.228758211162511 0.858173935790238 -0.459572819862119
-0.387745010232598 -0.616320544113638 -0.685421617650911
-0.186928274718328 0.494281193041842 -0.848966384679607
0.518108542513023 -0.231680286008474 0.823339409508657
0.0359848158833353 0.72495681874884 -0.68785369372811
0.763142883767973 0.638107556411042 0.10213562260754
0.229167869263153 0.812776005748643 0.535609234588677
-0.955786406427996 -0.163779388273264 -0.244230745943858
0.130854213019879 0.172144433638107 0.976341881157601
-0.12803794945024 -0.215916995377828 0.967980441231944
-0.137582179303993 -0.809647095925552 0.570563514428749
-0.0489138368203104 0.175440527391213 0.983274151961806
0.283794405362227 -0.370071783078054 0.884594602546573
-0.498335999761355 -0.585868757796911 0.639076701170802
-0.934865071525046 -0.322705584396724 0.147947300893392
0.282521618611173 -0.718339767456921 0.6357432764153
-0.42429211352896 0.362585783207901 0.829763672507203
0.392061775759565 -0.615801732552353 0.683429433207099
-0.893541727354872 0.387501942071394 -0.226771749489593
0.81828020769292 -0.524645988977417 -0.23487036413294
-0.361468982986149 -0.331930948883722 -0.87129904138138
0.529280757855581 -0.723070589364359 0.443881518155578
-0.903377732119482 -0.29695172363956 0.309399978891654
0.892045583281419 -0.446042813582461 0.0728044353013951
0.824138164172886 -0.523073059159023 0.217234576289703
-0.824018870451837 0.429457896925983 0.369538652791817
-0.0796754369501848 -0.867904068372542 -0.490300268049271
-0.805688637933228 -0.550179473665525 -0.219472926490776
0.778993434255646 -0.620169148069812 -0.0925173344241891
0.492183613187692 0.733969292774052 0.468021760364053
-0.607964362953429 0.476748851879191 0.634893586052423
-0.980578830817162 -0.00438563649284573 -0.196076318676681
-0.73826903636824 -0.484046093221544 -0.469742705719706
-0.29521235343724 -0.946706385357409 -0.128828126981474
0.410766924066168 -0.730503048997636 0.545560106219632
0.172497804008929 -0.984031782893199 0.0438857364997929
0.141326211685125 0.986702073375538 0.0802864888206351
0.219281704914449 0.0852052357402745 -0.971933949243598
-0.178562487658582 -0.954176094324568 -0.240132086612121
0.742797968124168 -0.567926185677606 0.354557507567239
0.246620168089784 -0.942175954394469 -0.226898575694599
0.65713969241785 0.351364179851719 -0.666866281773267
-0.482495361992733 0.862962262646211 -0.149981195168043
-0.162854586791629 0.802298701460879 -0.574277961613638
0.529074092231375 0.447055719002631 -0.721264021726155
-0.827186491975911 -0.451170915356984 -0.334973599897853
0.31143450939174 0.89758870883387 -0.311998487390361
-0.889544760063867 -0.42378980857033 -0.170623321954651
0.0741133459462503 -0.60711153161284 0.791152829822003
0.765803790980845 0.0739220589423036 -0.638811461169175
-0.519836309914179 0.619773681485025 -0.587920738393628
-0.329256097556002 -0.89973144103635 -0.28648517628814
0.882325242899231 0.461979471374148 -0.0898728756170365
0.935040041288911 -0.347737865887366 -0.0691266794698839
0.495371760491871 0.354679424038183 0.79297498388734
-0.209045356123709 -0.895316822311172 -0.393329158300953
0.353796864507246 0.649360312699347 -0.673170827469408
0.325247520168394 -0.49302826967053 -0.806930713215201
-0.219175316938673 -0.0393249404233562 -0.974892675890804
0.393376449251218 0.483492343027397 0.781978339475194
0.848565418851156 0.269520024927734 -0.455297360076813
0.157539480408964 0.925660569263993 -0.343996835192323
-0.63540276970973 0.606599876824026 -0.477807398103337
0.118946100597774 0.41840514186603 0.900438205771308
-0.134655967356773 0.0467847890546894 0.989787327645854
0.0355252680756815 0.299822576404751 0.953333298488083
0.283747466740436 -0.957296221441656 -0.0554194869329623
-0.525963911648924 -0.749567179919272 0.401884319712568
-0.0237936874206235 0.48603275119221 -0.873616635148084
0.368308356538217 -0.894324957007857 0.254031151194125
-0.246466965742273 0.902382296475492 -0.353497136912613
-0.580677494613662 -0.217854682108202 -0.784444379629771
-0.271577081179118 0.358043440780982 0.893336881300636
0.44055545124508 0.200095553886373 -0.87514151066736
-0.0424809435074549 -0.898568799472555 0.436771658939964
-0.711525465555152 0.700907965531843 -0.0495937064609759
-0.242885611110169 -0.584269446741557 0.774361539282495
0.37179461300335 0.0632209492101014 -0.926159747194113
-0.13333046123108 0.983147750343501 0.125073934544417
-0.990071384810384 -0.114342982504196 -0.0817577845326871
0.728667473365062 0.363470744965161 0.580459069025756
-0.811103802656712 0.0578673951447775 -0.58203263301552
0.211403022193433 -0.725800286362904 -0.654616457571157
-0.58636692129352 -0.631194747417577 0.507707617084105
0.0557955529517948 0.937477908404596 0.343543341551175
0.454279250499444 0.845257027504128 -0.281373275242247
-0.952063632773347 0.238401970795199 0.191675088291051
-0.439033196167747 0.898469788993958 -0.00137511013564751
-0.449176662358728 -0.199184674006024 -0.870956825355532
0.133707750677855 0.482734059627883 -0.865499893173796
0.238393284511437 -0.61357051726871 0.752794701255566
0.405322103556663 -0.824262476727626 0.395354729106965
-0.542409473054666 0.833463536468485 0.105501170221027
0.974914174290154 0.220037237812494 -0.0335554279363914
0.299671264219779 0.763553139829575 -0.571999769280824
0.300048664303996 0.222628905582474 -0.927581354625317
-0.0442363158216069 -0.0426055847709348 -0.998112174311514
-0.746644404957245 -0.388863797514301 0.539728709194535
-0.763732160422777 -0.0848443825375469 -0.639933291748273
-0.597875693095455 -0.719403397230848 -0.353558209717076
