# command_history: dirgen -cart 0122 dir0122.txt -force  (version=3.0_RC3-1000-g3151ed7a-dirty)
0.420037782414573 0.902639531438389 -0.0938623333874311
0.388595702731739 0.24778788130098 0.887465236332555
0.973783876587384 -0.18338424817188 0.13459264177837
0.497868029678386 -0.83017702778419 -0.250865556750164
-0.18905028692704 -0.981962772499288 0.00301702474544633
0.975993698599152 -0.19506942570414 -0.0968721809922956
0.57225882354795 -0.578247492923267 -0.581506385003185
0.439900101860498 0.376838862659481 -0.815156654866187
-0.810433765382596 -0.275349409890203 0.517087820781832
-0.733648983008618 -0.071378965927252 -0.675769348930223
-0.0977053994250384 -0.553729207462456 0.826944750104983
0.276373749159123 0.0612708095685306 0.959095114506662
0.0260807456902427 -0.355828844943869 0.934187148172224
0.868973611723645 0.389143744425714 -0.305699212138824
0.451516563314287 -0.465922070791165 -0.760952966353721
-0.829017911918885 0.359067042855699 -0.428719209334637
0.871805079285154 0.0882827288007788 0.481831986825382
-0.0358746470694174 -0.0614033769091137 -0.997468112273171
0.47904662379947 0.42455757290726 0.768287185571532
-0.529745636609555 -0.0677904175601617 -0.845443090799231
0.250652215233254 0.771804618433028 0.584372396647986
-0.801919461090356 0.562821809912271 0.200391587177776
0.404335430487869 -0.121998641851749 0.906437637699648
-0.367176285818851 0.517014461747025 -0.773225466133073
0.542786824548165 0.548909639238994 -0.635673399669544
-0.901123377992163 -0.274603663921705 -0.33551376334924
-0.760521271722609 -0.648845987943095 0.0246227372071926
0.198693366649601 0.717740412515108 -0.66736020730344
-0.336469325264798 0.650121688403893 0.681271005857964
-0.920016950796822 0.156985652842576 -0.359060322297116
-0.145326671510206 0.531853640712543 -0.834273254640575
-0.449254895161017 0.745192059349956 0.492807095987502
0.692376012704928 -0.539281293829962 0.479365354563623
0.321263659273116 0.166877416552823 -0.932170364834188
-0.755562077071585 0.491947670729893 0.432566107034179
-0.64315021160918 0.678029873599695 0.355855723311356
0.227845993135084 0.94673123409149 -0.22756575710746
0.0176187949628132 -0.99254379531328 0.120608426111808
0.541350268013629 -0.258701660638024 -0.800008336272005
-0.601378023646198 -0.680552751370379 0.418559942275416
0.642545276397316 -0.756247505499038 0.1233907541349
-0.957857394507065 -0.265976665403375 -0.108469466897551
0.89702190795539 -0.389543559295401 0.208824117523678
-0.415342146733304 0.0492552212874153 0.908330790143601
-0.411244927089947 -0.722156920052855 0.556207688514425
0.816021197239419 -0.12501506790833 0.564340888516702
0.251519627072672 0.858620531016746 -0.4466639239
-0.330594897309274 -0.867599937368941 -0.371453042187676
0.567479659305042 -0.480738744498208 0.668473706149554
-0.489442276835936 0.666396517691072 -0.562460610936329
0.443652109558426 0.835778594390002 -0.323491803364213
-0.274416302567558 0.332434072523922 -0.902321051682997
0.1554373603821 -0.147079235906572 0.97683515772242
-0.253697842894949 -0.45398227194625 -0.854129674738544
-0.0541980747530076 0.992690674274754 0.107832248891512
-0.3823119218241 -0.608229748129326 -0.69562501962027
-0.0120984873951149 -0.786278339216925 -0.617753996248527
-0.744257878950004 0.151988514119486 0.65036889624012
0.802641864141113 -0.595149109928778 0.0395420646788039
0.710107088201152 -0.312092537605292 0.631146711357645
-0.763751899427688 -0.591196279392042 0.259171748756699
-0.144722672257492 -0.269627735060375 -0.952027432703944
0.0905591350881179 -0.936130897930614 -0.339791090218262
-0.895512307680686 0.359762014652151 0.261971371729503
-0.724089542298611 -0.491306976639421 0.484057630287158
0.21479644336599 0.370547931116789 -0.903635279668954
0.471079494121638 0.715898357350935 0.51533838607301
0.211256562398387 -0.933927671577172 0.288357016744968
-0.333716688943794 -0.562113285080358 0.756744227765603
-0.731051239581664 -0.120877184901207 0.671530186422376
0.998246767661423 0.0375835938755628 0.0457259699177275
-0.6245594672456 -0.495712097955203 -0.603485698102899
0.772870151576656 0.29962782442214 0.559370088254576
-0.857381157440691 -0.00193189320139624 0.514678364276487
-0.0997268336324525 -0.89249378137444 -0.439897043479039
0.0109277664112659 0.47160197250843 0.881743819625303
-0.932443081544108 0.128738797004037 0.337603646050336
0.771944716117999 -0.577457943607391 0.26578878573451
-0.174319173871449 0.843735218491127 -0.507664955160888
-0.536212669085243 -0.174241534404872 0.825903057992108
0.501553886491511 -0.306433409114246 0.809037863590995
-0.0887087566886331 -0.156974836442749 0.98361052109589
-0.535750207472691 -0.796199579495905 -0.281136879123874
0.478537770098917 -0.877804918422651 -0.0214505893103213
-0.329377920224996 0.270452553963241 0.904635618203825
0.63659710414511 -0.123880676216961 0.761181781872168
-0.111461218989608 0.645644150478331 0.755460142968817
0.623719450000064 0.260432122551068 0.736986538028452
-0.864782591672349 -0.474350841155646 -0.164749350940715
0.587805555316357 0.807344059740094 0.0517706320379943
-0.385488188020385 0.818798595310427 -0.425403005648094
0.149991815689733 0.9629158159531 0.224266775545269
-0.726097562018325 -0.657321208256238 -0.201770066183278
-0.884685292190227 -0.460973409691697 0.0695373952596982
-0.983826556701467 -0.0245637625259352 0.177431473813147
0.28376860041611 -0.946010941260123 -0.156648269808569
-0.0199956235212084 -0.940018631987839 0.340536556856542
-0.595213815072274 0.724228662732526 -0.348157088716812
-0.610803283534932 0.0397482747642398 0.790784056159589
-0.231149278954298 0.47200242159037 0.850754797137069
0.96215147018072 0.0523153213634731 0.267446547144874
0.666907577135087 -0.73670147460198 -0.111826744918541
0.831654403936203 -0.277283220151372 -0.481108062950523
0.0463999125512725 0.837428954881641 -0.544573037930704
-0.922033685627069 -0.156382296133831 0.354116449808356
0.914017328148224 -0.405030646416879 -0.0228582437625254
0.0968995441442413 -0.275271799945982 -0.956470550774637
-0.96030829260618 -0.250334730659687 0.123046762563449
-0.61645426967462 -0.766020892912859 0.182198037917307
0.0517398655551458 -0.703594114883305 0.708715957075833
0.792677665874067 0.46545208350172 0.393721317670695
-0.253529828251287 0.965070831167921 -0.066037239613195
-0.280078558580001 0.698723273523719 -0.658287010398996
-0.197199795603721 0.0580012603951114 0.978646051648107
0.441252482551551 -0.873416837328117 0.206007948666652
0.377027797760399 0.915873438514001 0.137934347935835
-0.140013234013238 -0.636441275593071 -0.758510907649072
0.66818599526651 -0.379359236419236 -0.640010972931807
0.304906441094694 -0.876172251136905 -0.37330181959998
-0.19826040955434 0.805475502241042 0.558481893433338
-0.650769004699237 -0.632927054947025 -0.419407970404533
0.644553960756868 0.347128456233713 -0.681213642365912
