# command_history: dirgen -cart 0123 dir0123.txt -force  (version=3.0_RC3-1000-g3151ed7a-dirty)
-0.121546517228756 -0.798470624693534 -0.589636418185884
-0.834904610475709 -0.110061325751394 0.539278032169167
0.256419707434848 -0.382558620426181 0.887636094115513
0.917468367567759 -0.389038439416733 0.0830715785858457
0.733221676945606 -0.305164804858919 -0.607668013254352
0.266988284128615 -0.78346638629852 -0.56115744464312
0.316169245073884 -0.616540754550616 -0.721050973543179
0.818011338865597 0.0931352568004239 0.567611903881545
-0.682429673396117 -0.299036417594552 -0.666983479421107
0.114280690468665 -0.953120800023871 0.280179700099527
0.110351558914871 -0.852542057428995 0.510876280286914
-0.764361241735901 0.118694157515639 -0.633769350082192
0.684768130312061 0.672017459358281 -0.281931094465591
0.981605486468121 0.179893400695591 0.0639455496642238
0.672392143459034 -0.660648414184436 0.333815035985732
-0.435278837510478 0.801783481192025 0.409482091065196
0.468980355555311 0.072223749451873 0.880250621197354
-0.486158534224479 0.873418243843014 -0.0281149590590433
0.14458043521287 0.638073232690479 -0.756279741549103
-0.935632928392574 0.239876803415719 -0.258940422666284
-0.103938135470649 0.994279053374884 -0.024617636255951
-0.631219767896805 0.687392089554565 0.359240476330428
-0.0867442819182323 -0.985548321745191 0.145498917726995
0.49330184543515 0.810662140540026 0.315404792584607
-0.120459855665572 0.540599145769949 0.832611546140114
0.615649346850363 0.783574075478573 -0.0835915663247223
0.164189968352375 -0.104626209143311 -0.980864420117656
-0.483763224889242 0.852521402466535 0.19794039653707
-0.289737092146198 0.952072836256278 0.09802924001334
0.917115298669436 0.331623283202349 0.221191154851559
0.122684432273892 0.925356255692464 0.358698104439453
0.482303445609659 0.840678360601564 -0.246258564052739
0.0623804158238947 0.206405941240625 0.976475944989025
-0.867344139433882 0.120152310505824 0.48298816348831
0.30571824404968 0.925662759185021 0.222900900655774
0.35317252033387 0.688828443543134 -0.633075466470598
-0.500808647969589 -0.294796812359742 -0.813809275900323
-0.14777962479768 0.331845109873486 0.931686645577638
0.502614508800201 -0.822563646594586 0.266021996918583
-0.596888292047722 0.143642305851738 -0.78936129546992
-0.831710416210683 0.444776994038211 -0.332311915436365
0.657856614633276 0.0849502544339376 0.748336908654688
0.50027650220886 0.681515049419551 0.534097986096499
0.469996767373281 -0.371722169198548 0.800578333197316
-0.0866502958603064 -0.914933683053746 0.394192950014366
0.903375897348474 -0.0792764662396435 0.421458455829747
0.568126687957908 -0.268672679354752 -0.777847708615457
-0.083574633580383 0.724530672285193 0.684156842792551
0.660719261253796 -0.744462993076231 0.0960463937283308
0.792414939745699 -0.535061226127065 -0.292895967133763
-0.685743302665477 0.515991963832704 -0.513330708325066
-0.506501903157261 -0.17231948854713 0.844844255448854
-0.658945090220899 0.345174064146576 -0.6683159683221
-0.366639740778525 -0.513386974674776 0.775892463371141
-0.784919786291309 -0.615347072734648 0.0724493558653625
-0.80092001618712 0.57808032775464 -0.156045705913078
0.343304004963697 0.0358426988440245 -0.938540175546824
0.315134796315296 -0.863269793084026 0.394278232343583
-0.303068492520341 -0.48390064075324 -0.820968731877196
-0.0205342866869528 0.316599581623758 -0.948336990729519
0.982403702694377 -0.186727322799034 -0.00398394938255502
-0.159383956559142 -0.174044961819201 0.97175362394843
-0.489737998945861 -0.867900855260698 -0.0830951131309966
0.951807056580262 0.247495511478597 -0.181133373076213
-0.953288069766151 0.157785503067583 0.257576379086353
0.0688730340605319 -0.532662431494991 0.843520740262586
0.405115059295982 -0.15955305929527 0.900235863538625
0.108123125742381 0.624093192141052 0.773832719134368
-0.49819053910567 0.652462128159525 0.57105109934501
0.940072286476326 0.0675581306527483 -0.334215492133263
-0.53218194600423 -0.717658150131714 0.449164953994271
-0.729906076463558 -0.343536230846014 0.590948371380858
-0.308211602665818 0.736993049734767 -0.601537075020996
0.671006021819336 -0.729240161398037 -0.134013826474563
-0.727436949861905 -0.520781080399425 0.446791394583216
-0.660243921239652 -0.658633362821142 -0.360943288959641
0.668186513358157 0.498151828055341 0.552604324604315
0.692861743281159 -0.508722875031832 -0.511022153254378
0.155202591061803 0.444809912109264 -0.882074995574101
0.351316053685925 -0.420128618387283 -0.836701245627459
-0.672834633875509 -0.726331165590019 -0.140486986408898
-0.499599353456391 -0.502412632323193 -0.705678420321917
-0.914464023037765 -0.404301950765357 0.0171896241061908
-0.321856904034714 -0.828493022492199 0.458265692592114
-0.327453919513092 -0.943983810330984 0.0408472328133865
0.553952600342307 0.372728788957985 -0.744452662333818
0.554250007734228 -0.0511445306739556 -0.830777446677959
-0.0692480497138731 0.87807224379569 0.473491121655336
0.313837330964234 0.674293409363602 0.668456825667938
-0.120816585870473 -0.796098344341611 0.592984636154385
-0.865281382239342 -0.300826687284485 0.400988071851789
0.821175672095725 -0.566515005456768 -0.0687841853223032
-0.98520761356586 0.0292589372489756 -0.168848668229643
-0.127717354792478 -0.987800492827031 -0.0890980564069039
-0.305936416020846 0.939088014169313 -0.156577811313918
-0.852269027284766 0.337009716502934 0.400077437646379
0.822262104465957 0.550262778303416 0.145244298934661
-0.799946111334031 -0.480538884112531 -0.359400333635691
-0.561880165273921 -0.557830105375903 0.610832426618021
0.916900297274917 -0.365036755267986 -0.161375376562192
-0.251186499947094 0.910795700369864 0.327653070231454
-0.192280887954881 0.171275828913094 -0.966277729515389
-0.732394750380275 0.0847465046378366 0.675585641918983
0.829336550727349 0.293789932166503 0.475277141660805
0.504744668866139 -0.557528080812031 0.659086685009844
0.33425845943478 0.305675713833275 -0.89153443022062
0.688094086826795 0.144724331832141 -0.711042470918397
0.934374363626745 0.130486867699625 0.331538423044834
-0.371264009771296 0.202862904923947 0.906095843084139
0.254700301674245 0.0540478260639075 0.965508461291155
0.53952299939686 -0.471840817746897 -0.697338637843735
-0.994743306408633 -0.0212889249229607 0.10016254804489
-0.0609443529807188 0.973964188343804 0.218356464670858
0.847740178362884 0.470786024495531 -0.244329918612027
0.0869526404297444 -0.710828357604107 0.69797011708822
0.505099867671445 -0.71376074676013 0.485200700806078
0.296216102506988 -0.574122255300968 0.763308362710445
0.29142876024304 0.275311969363876 0.91611822229895
-0.315044750724999 -0.827296836795456 -0.465109394517953
-0.275859802260332 -0.925993258305524 0.25775541714891
-0.0828093631739 -0.42442729816921 -0.901667387643314
0.819240743605692 -0.292331720888995 0.493342445952577
-0.018922400624275 0.0300898122695062 -0.99936807331043
