# command_history: dirgen -cart 0205 dir0205.txt -force  (version=3.0_RC3-1000-g3151ed7a-dirty)
-0.267858827685711 -0.953822658340651 0.135919037911579
0.100123005175951 -0.975170008820599 0.197531865103757
0.00489695876720412 -0.775855225882046 0.630891978286577
0.849994555127098 -0.377014535753022 -0.367925666521404
-0.746897103099668 -0.202431669168467 0.633376773097176
-0.628325226448996 -0.3131951592722 0.712120918114528
-0.328958560545276 0.940829215084121 0.0814042596439337
-0.0257151627837451 0.632339105634785 -0.774264803467138
0.039053729389624 0.777615959579484 0.627525478070844
0.261122050402088 0.122015438516207 0.957563317779826
-0.470658023495649 0.490867258354542 -0.733164619710106
-0.508363782335459 -0.0434451022404375 0.860045805699269
-0.812565184948419 0.560890413260549 -0.158555241232048
-0.220445045914212 0.973503199416965 -0.060790644484287
0.609156348535806 0.480822202320603 -0.630665166942086
0.976222339553121 0.111558087954893 0.18586214452997
0.733564329851817 -0.347666805696907 0.58396161362333
0.152643142870951 0.557739950316428 -0.815859190519729
-0.316724351370711 -0.947744712063415 -0.038283756407076
0.438063161987637 -0.848223872694181 0.297685955162615
-0.551609756226178 -0.797655726579747 0.243868855515894
-0.014563489066033 -0.307394362403481 0.951470761899062
-0.906448543381375 0.0364154370637731 0.420743335235673
-0.558271060268594 -0.781268261928002 -0.279201228812803
0.701110039304159 -0.677819698032513 -0.221371113169791
0.624886312162377 0.440814113200682 0.644360158975709
-0.143352637560624 -0.872319586524396 0.467448992158845
-0.641843942387096 -0.676458663812738 0.361164823555224
0.140379431826911 0.989968213504028 0.0160172210946922
-0.893068255241976 0.209183359364853 0.398335805124128
0.781822105650786 0.157850846756653 0.603189278165634
0.942930243355068 -0.241000837397166 -0.229785013741577
0.76093773693937 0.337242385826547 0.554293544706781
-0.698819640499616 0.197354317459096 -0.687533550768427
-0.942003836125877 0.333543080196404 0.0371185449233487
0.598903447014439 -0.361384908100462 0.714643693984242
-0.619592926283933 0.502750603549077 -0.602782246196711
-0.947893773153082 -0.303666720007095 0.0963530901307595
0.700787671415725 0.536879574468284 -0.469741377899032
0.772457658930937 0.565943580010188 -0.288126759264369
-0.360257009900452 0.523491837139336 0.772121223167754
-0.482553138919266 -0.872667742407158 -0.0747895679968624
0.759320171230104 -0.650612819030343 -0.0116549249880159
-0.841791676716467 0.3167779520039 -0.437079514659626
-0.156684798347498 0.377190525190864 -0.912785397381577
-0.500410358670107 0.709588508460182 0.496058082886379
0.0244215635360533 -0.87152398924844 0.489744344938193
0.617083130453275 -0.630727186243883 0.470522716394077
0.364556467875671 -0.0377822445287349 -0.930414468787102
-0.715640071900237 -0.502689289178149 -0.48493583703021
0.00574746021758106 0.53916748017223 0.842178956651005
0.138860476616501 -0.19520585491546 0.970882300920437
-0.154639321173707 0.914280124536459 -0.374404239057908
-0.486772856698501 -0.410507202467182 0.771061620562293
0.738914735893427 0.00421326088660648 -0.673785768261878
0.388305414049426 -0.914529442432266 0.113379029562051
0.779026649373529 -0.53587212321054 -0.325512744960442
-0.738204652158568 -0.375316983322518 0.560527477971538
-0.994860310243345 -0.00660453643428851 0.101041294533489
-0.0288023848513498 -0.944931951508141 0.325996977970489
-0.546372845646875 0.822796638170265 -0.15646854557848
-0.0357923141704778 0.877852167880054 0.477592380168079
-0.323393692378186 -0.837279770198738 0.440884458952629
0.126322243670842 0.696471600403425 -0.706378086144705
-0.697947825093235 -0.693112066703432 0.18017906770133
-0.391907738234539 0.832483858508128 0.391636247090725
0.468195352805345 0.520501649059748 0.714052620566273
0.417639045695085 0.832937123923249 0.363033572967247
0.931715144360238 0.0641606148932327 0.357477698977576
-0.249522825412066 -0.899561041037332 -0.358508428138324
0.840248092055051 -0.44740841179125 0.306282315611394
0.0298976365120843 0.12728726062984 -0.991415192849264
0.72831296705168 0.685142297584109 0.0118428917729792
0.0631049609255519 0.365376234682302 0.928718456280464
0.00465961531155962 -0.476896154664905 0.878947294011976
0.838227949969631 0.08256216082009 -0.539033759137985
-0.92417339650987 -0.252578480149808 -0.286544315156703
0.0415294736511775 -0.0598295362711213 -0.997344338434745
-0.346929604572161 -0.326306156508788 0.879297527402339
0.571263282681503 -0.19446583269057 0.797396577479435
0.964198329451083 -0.057894703741005 -0.258785209705816
0.216852271739263 -0.871157576802116 -0.44052192751529
-0.405030296087006 -0.669122302112254 -0.623077687024395
-0.157536225062576 0.979289776358396 0.127176537588335
0.837238625442109 0.380629929406527 0.392622389717895
-0.909106084489472 -0.296815023847468 0.292278922884711
-0.222729631077129 -0.732837232162061 -0.642916092968045
0.503328072872133 0.233607728210557 -0.83191843372961
-0.966452114428533 0.0796100974874756 -0.244197753664224
0.337651689729568 -0.732479266273979 0.591156037693519
0.855436665205998 0.014277936525707 0.517710587442259
0.743305681826984 -0.483723451089444 0.46206956860395
0.0754665104050936 0.937894024803936 0.338614240758346
-0.398130429405833 -0.71867219154638 0.570089854565972
0.580677900604881 -0.0236507223504886 0.813789788017402
-0.145689819902101 -0.852189860552246 -0.502540463991545
-0.555030159161676 0.763508402065745 0.330146092504481
-0.654292671096104 0.634976637753839 0.410738079628314
0.360700135908639 0.148797114548098 -0.920736026588321
0.593984580763354 -0.789439488093944 -0.154814768201725
0.424910698207732 0.0511128635888578 0.903791111775484
-0.559569499468939 -0.636478838328765 0.530826396879194
0.503785117663434 0.72392065816042 0.471316704466778
0.260153609017555 -0.672660465186177 -0.692710616556912
0.792368486154501 -0.29878280255847 -0.531865602426525
-0.747161476972032 0.034739861354776 -0.66373403510896
0.440951273643392 -0.871187173203047 -0.215858480303081
-0.314535468441608 0.23734230115601 0.919095245975187
-0.477549763980873 0.16133865738918 0.863664321686191
-0.0959436465910458 0.249955056762882 0.963492234674197
-0.433721475185033 0.133507949582894 -0.891101177959883
-0.81654403811779 0.172975442148562 -0.550758867588896
0.182229523398608 -0.814328800012717 0.551054449461906
0.59613939668592 -0.562032445980438 -0.573356215091624
0.48805616471291 -0.872403782567628 -0.0266986937399554
-0.0710283007731406 0.678862800693812 0.730821646041928
0.276536334981659 -0.928388038883816 0.248240417120932
0.173383617088877 -0.699560952760843 0.693219009186505
-0.0414447969597312 0.998982558737277 -0.0177813425727326
0.271023579319185 -0.397813876272809 -0.876521727795621
0.317900508821415 -0.443028013747052 0.838251421428218
0.813327786476707 -0.561343161098006 -0.152943673401025
-0.524687874537422 0.465817890191868 0.712542158395276
-0.328061217721134 0.603730771837309 -0.726556943786276
0.0210402614872446 0.986226427657296 0.164057126595819
-0.461248850175493 -0.570397744046041 0.679629245838473
0.538168621186568 0.172455097995579 0.825005317768003
-0.323507000274695 -0.795831718130188 -0.511854566445608
-0.298999664889094 -0.641641689230402 0.706325097273037
0.61709090789571 0.778233160396871 0.116412883527326
-0.484598691838877 0.628166661226259 -0.608745228804221
-0.818514868408381 -0.422094855147316 0.389704174281694
0.316444870584596 -0.84532347569207 0.430454254624782
-0.99663589541371 0.0342208943819991 -0.0744702783706892
-0.905625350937539 0.126474440433323 -0.404780112723362
0.181521991263126 -0.556801881961097 -0.810568584965177
-0.190730410417978 -0.236236265759552 0.952792914164338
-0.59259440086187 0.739090999847874 -0.320275459582891
-0.202322477940659 -0.960552182240764 -0.190801258152188
0.282565859680129 -0.069380398905878 0.956735540884152
-0.230184037985253 -0.308980881436046 -0.922792568004212
0.732228679868936 -0.472435621490601 -0.490556565468433
-0.218711351002513 -0.778616226016351 0.588151440979881
-0.640041469664232 0.768280144293678 -0.00961961507213391
-0.300647762012873 0.261878854536756 -0.917077089858409
0.472890250406244 -0.75028158509081 0.462009041193289
0.435754921996357 -0.628285512947931 -0.644495897718289
-0.59650403247938 -0.799719967694257 0.0680508082754039
-0.98829318411236 -0.152494295864205 -0.00469808109052389
-0.330380191791394 0.765625008065323 0.551966734411463
-0.086841735724913 -0.983542174950248 0.158440219106201
-0.389282257044659 -0.878448267723277 0.277106415090285
-0.10138005035885 0.94591882931252 0.308155242923545
0.636478331902673 0.125306858687229 -0.761047649089286
-0.440345785024472 -0.89169525139472 0.104762437215298
0.389825903683432 0.243921007372714 0.887996794464752
0.115930125959463 0.646610202387507 0.753959847779316
-0.296796350215962 -0.590116828562193 -0.750782295440018
-0.983463411182098 0.165966052271119 0.0724912985096238
-0.352817056370382 -0.425706322650604 -0.833243212747298
-0.671617243565571 -0.10011114697551 -0.734103559722082
-0.909031729691286 0.389960672188846 -0.146942126568565
-0.713504389556864 0.195526440958802 0.672815648576243
0.182377984685937 0.488012874127381 0.853569976854756
-0.72935552967187 0.602697433617259 -0.323722589338828
0.275272363614856 -0.923499273068074 -0.267159537491421
-0.122846357308433 0.00418384956187358 -0.992416882110987
0.147786125252349 -0.78886630279688 -0.596530986198101
-0.921528768892731 0.266055173010613 -0.282841604113223
0.869950483506899 -0.493137875111404 0.00109196003698924
0.821708422847369 -0.114970100541504 -0.558190956396793
-0.950325589387774 -0.293186750424794 -0.104512217133351
-0.667201220933935 0.384323452376838 0.638073675007373
-0.710500140458166 -0.668694595026684 -0.219173650311859
-0.969204461628814 -0.149730074493906 0.195508609403396
-0.923159588819748 -0.126075895106465 0.363154570731606
0.207020744993915 -0.11695800058635 -0.971320357678664
0.381298273856114 0.900350211618726 0.209716768028843
0.81779573050734 0.563950063580812 0.114762663576462
0.875288939268762 0.442372562325628 -0.195386255645641
0.572596584656506 0.591905890384449 0.567257056516618
0.649055502223693 0.651650311223842 0.392528759347668
0.212417106358379 0.928295351766269 -0.305199463982938
-0.438698079236945 0.350217975318073 0.827581636479402
0.512802146997624 0.353796604017638 0.78221603219329
-0.326822237333703 -0.491707299414589 0.807100462697553
-0.173803200713548 -0.403154685720187 0.898475790883418
-0.618340164867749 0.0782277013124718 0.7820075877245
-0.891805183873973 0.408480170802545 0.194492838111415
0.867004257674015 0.20548978561001 0.453957668935201
-0.202238230212587 -0.0616785882000859 0.977392167964387
0.896891442548951 0.442177686218743 0.00803953311456839
0.658562768344056 0.275738044547767 0.700188268210763
0.844144786094387 0.255981623523189 -0.471055186287227
0.584621740806437 -0.275451583041911 -0.763114569102279
-0.88198870776293 -0.421982265145102 -0.209825849889108
0.694678958036397 -0.698935882783038 0.170028753508817
0.970040866129844 -0.216422133366127 0.110372905313383
0.81455075928681 0.572613870430069 -0.092846195055998
0.105926425762052 -0.411517439202173 -0.905225380531149
-0.0882718178597489 -0.18861787644758 -0.978075346206079
0.783247393415992 0.536471685639238 0.314200017846034
0.174669809959352 -0.545925610733585 0.81942399588609
0.451040013881561 -0.325502969308564 0.831029916939835
0.489626523204511 0.767856527737914 -0.413112842435257
