# command_history: dirgen -cart 0033 dir0033.txt -force  (version=3.0_RC3-1000-g3151ed7a-dirty)
-0.077091643274129 0.939601554455379 0.333475332524505
-0.853255651917053 -0.310060438117189 -0.419305756204445
0.312930062137287 -0.948963529569056 0.0392809846948088
0.0394788626116381 0.957346754933682 -0.286231742168545
-0.724030946888709 0.687275073049008 0.0585846559512049
0.140335433983933 0.594120634000851 -0.792039543345513
-0.243277078916119 -0.158782853519311 0.95687212745607
0.903894040725462 -0.340651927111726 -0.25871186230257
-0.384570452946474 -0.788382797392566 0.480164692054733
-0.997085240254684 0.01902492312623 -0.0738855599308886
-0.221260271599584 0.366064640360708 -0.903902965638051
-0.14163028999827 -0.473893212722411 -0.869117991926664
-0.493365628530257 0.777089973595099 0.390796020351939
0.208890931052424 -0.675072717602574 -0.707560177562818
-0.90853076254489 -0.417816104234951 -0.0012476183425409
-0.874146134963132 0.416039577095074 -0.250558586002496
0.551793032623411 0.422323702778539 0.719143337047409
-0.617135102079011 -0.779774294505587 0.10533904978802
-0.534403319095607 -0.00061326892863975 -0.845229386877207
0.553890925419277 -0.753947428420921 0.353225307580952
0.634665160142555 0.699338194512424 0.328825522423866
-0.772399465329116 -0.48568133868451 0.409283157744023
-0.587256252847224 0.4503253299939 -0.672560176235348
0.67382184245795 -0.0225750208952565 -0.738548910403469
-0.836635239386373 0.0929839299221764 -0.539810582513102
-0.65673672693206 0.436888452142283 0.614674996956346
-0.920978945003651 -0.0736615106547431 0.382585630556119
-0.317523981014763 0.283628789103865 0.904838787559426
-0.276516228973718 -0.956884644537796 -0.0889412849127423
-0.541733943909185 -0.395866610482066 0.741494410445582
0.205333853072853 -0.769266903018716 0.605034247544922
0.125010167322887 0.070848731408114 0.989622612577019
0.268667456202654 0.783599449813527 0.560169349598434
