# command_history: dirgen -cart 0221 dir0221.txt -force  (version=3.0_RC3-1000-g3151ed7a-dirty)
0.750812334327075 -0.0889117312123526 -0.654504043284035
0.246849260415936 -0.479990017753556 -0.841828382444454
0.226511767152998 0.732513158394495 -0.641963310571677
-0.519174609235851 0.218089644943277 0.826374389664465
-0.509063461056583 -0.760870350842894 0.402406140392148
-0.855442386030235 0.1093591665304 0.506220205917024
-0.371633125559104 -0.639474281472865 0.673024117934814
0.839783310510366 0.209673887899785 -0.500800211782343
-0.96701657474368 -0.0363828459472418 0.252101631672191
0.990285001652367 -0.1360211244788 0.028876793414346
-0.547335496157123 0.514789298790875 0.659860464414133
0.282364365868909 -0.749609871836297 -0.598627935309588
-0.661020184392718 0.624068563988681 -0.416642224536259
-0.97730222244638 0.137380622839851 0.161266644007684
-0.525914896739877 0.699969953707459 -0.483172417770161
-0.320691882357219 0.943437315739064 0.0841590628586912
0.899502594156317 0.0912757903039668 0.42727486845173
-0.316330016958437 -0.355259264922017 0.879617061600185
0.114508682892614 -0.62239641953483 0.774280607074995
-0.734829148196623 0.00797943248213426 -0.67820531671308
-0.874291981109945 -0.48216294345525 -0.0559680956029186
-0.448450111975961 -0.239441693409386 0.861138881090613
0.994110129444878 0.0182614162709839 0.106824955936644
0.361954326373962 0.851157638985988 -0.380157518950987
-0.172439151923783 0.321733902459969 -0.930995185214019
-0.987289562361771 -0.158917626246356 -0.00212323331857737
0.950684512478044 -0.277051713679914 0.139432082683317
-0.640213932025237 -0.647626024430217 0.413166617385162
-0.429706907318381 0.756184012780993 0.493495402833004
-0.515807115182005 -0.655815135376903 0.551225478491508
-0.910689501265158 -0.399531579488832 0.104972135715037
0.0619834779285075 0.515852240247399 0.854432276248753
0.779032252496532 -0.250570934576688 -0.574737293304989
-0.47876017269261 -0.0113484761455685 -0.87787237633526
-0.619114955558173 -0.438259465417511 -0.65163280517187
0.660710247606128 -0.235258011335 -0.71282230381137
-0.623160312477601 -0.571983078593715 -0.533391584818579
0.0761750091865282 0.807497888822727 -0.584931216060719
-0.125240182600515 0.929182386754766 -0.347757083043474
-0.120378284519031 -0.118436169853068 0.985637835255319
-0.622623527371482 0.261116164420649 -0.73767085603387
0.137018198628981 0.97311960325723 0.185106053388214
-0.841951578236729 0.219614268143272 -0.492835787187352
-0.0792836004999036 -0.345518936283514 -0.935056562653448
0.185882316124205 0.728077645786937 0.659811114075577
0.907812942674234 0.369767666187902 0.197857358101994
0.355712855226907 0.321511359194298 0.877552739460915
-0.486700366235276 -0.678027573253849 -0.550818811782918
-0.403067987358867 0.501543736667545 0.765499887508828
-0.151368342314833 0.481045028221976 -0.863529562764227
0.260372947315925 -0.678645877598435 0.68676466211117
-0.557447030094502 -0.0911531357083901 0.825193258872943
0.783276231545738 -0.398951729944481 -0.476776532843022
0.593617168741201 -0.702477969540411 -0.392610951561546
0.709041471220712 -0.485631629168257 0.511294546069634
-0.323547917937152 0.401327728495078 -0.856885522773909
0.705833378577193 0.161429062829257 0.689739008147555
0.622415140013408 -0.072791003299854 -0.779295106696231
-0.705531095934772 0.664653909915832 -0.245888293138728
-0.603155670772056 -0.244309154128604 0.759286687638126
-0.214972378519644 0.791291658598175 -0.572402295161852
-0.333051573240825 -0.763331181301824 -0.553536048703401
-0.483541044557572 -0.207061167352892 -0.850478530712345
0.818036703681016 -0.552510994864061 0.159836015919514
0.482118108419673 -0.33385057303043 0.8100036570418
0.217177273572813 0.239390201993135 0.946322547038358
-0.0163414129173704 -0.965337545360215 0.260492575214301
0.0821655584613561 -0.425988654809287 -0.900989726343485
0.350912606219113 0.501518450249049 0.790784159462177
-0.205350963356123 0.158300428759555 0.965801199058716
-0.957731645349106 0.283412784987123 0.0492675227988751
0.491451235686293 0.550344190847792 0.674979225267345
-0.022683435443377 0.227012396673067 -0.9736276667768
-0.910798645300617 0.255698548894217 -0.324135897135681
-0.445192798698578 -0.893124410725069 0.0642818711140706
-0.651861113737985 -0.754413235929557 -0.0770568481743653
-0.166002468909146 -0.837212751583518 -0.521073880464203
-0.601136589181721 -0.283280849916814 -0.747252809440938
-0.610777213873036 -0.684926077368525 -0.397275047736524
-0.913079962669617 -0.321607844842689 0.25070575563176
0.57586452800013 -0.567248971985012 0.588734786787001
0.310637125713293 0.856836413580555 0.411504479308545
0.377607226060332 -0.754068222080304 0.537395477535559
0.142425634247435 0.989541066130483 0.0228783117944182
0.730576401602533 0.309711267880105 0.608553244974993
-0.917952364548393 0.0886791946802125 -0.386651596208892
-0.0551923316057177 0.0494569688379835 -0.997250126480455
0.300100893432431 -0.848519478714062 -0.43583729533379
0.96809396557858 0.195521339866593 -0.156733785340341
0.23049914977043 -0.324282724736995 -0.917448012909865
0.0778147263306148 -0.0538830100400902 -0.99551066774551
0.0720115672144924 0.149442740647349 0.986144614879137
0.345652993935281 0.645421958499786 0.681142058068563
-0.934960363528984 0.117108864669113 0.334865095890361
0.57411908060567 -0.756438451619143 0.313349884628245
0.462064737213245 -0.488626894972252 0.740094545402026
0.484731326994124 0.387743128816444 -0.784022197827428
0.62038734813306 -0.0922323734521774 0.778853469892642
0.0616794362541209 0.904215226827211 -0.42259965773435
-0.607965657533483 0.420249198109454 -0.673623315175656
0.880134582192023 -0.407634262986355 0.243305209293275
-0.0999056228369739 0.58197233859292 0.807048365117137
0.746479310415277 -0.549246443965126 -0.375628783393388
-0.668622005753952 0.533227203398325 0.518279232631952
-0.587523042641583 0.780598817446802 0.213265469698758
0.735117387332734 0.564431322799225 0.375525909471254
0.902460987183193 0.0359625550881773 -0.429267819949115
-0.675438956833702 0.38951047540225 0.626149986140153
0.397420897202711 0.0834361173961184 -0.913835348835037
-0.697434313618719 0.664745559351523 0.26776616572976
-0.00344756633500507 0.398927489036003 -0.916975993566787
-0.842621735168529 -0.355252151841553 0.404703002254151
-0.960052629491922 -0.0515779661017822 -0.275024838911779
0.740505210425477 0.61957653901119 -0.260340057693078
0.903623984966809 -0.424186541553694 0.0594093574903922
0.0629664849143834 -0.255224077369896 -0.96482946270738
-0.968576518232171 0.12221658346672 -0.21661633145949
-0.262909978942357 -0.000428809161888878 0.964820272949958
0.467142751932196 -0.883743532192156 0.0278391563404305
0.200519996093559 0.592705117432843 0.780059212454772
0.853114043439728 -0.418948198003431 -0.31093220527246
0.897490536190357 -0.422840938179306 -0.125364582113092
-0.0151263488810227 0.959683249674105 0.280676421996005
-0.709580947231414 -0.665926115429954 -0.230298259034978
0.470420291820285 -0.0591056358182265 -0.8804608298262
0.340342595234666 0.934638861230349 0.103039395121329
0.741621405961151 0.444752035390179 0.502188527583515
-0.139222747031579 -0.302445472466797 0.942944199246868
0.826803730838774 -0.562184022062707 -0.0185665292524585
0.461411934604689 -0.874141858639918 -0.15157518787027
0.929505657175516 -0.281578550586305 -0.238186383171726
0.00442203375280004 -0.889622307810283 -0.456675590615259
0.152780591822785 -0.972446812993717 0.176083181083948
0.839007331519132 0.412339081426796 0.35502560412631
-0.835362198638382 -0.278498712068283 -0.47392875462706
0.60119286891617 0.084744150384226 0.794597736807751
0.0196702342446596 0.792164495243412 0.609990569075055
0.507207180862205 0.52948886467532 -0.67998707183788
-0.317279714856162 0.94356877121517 -0.0949292185172006
0.0237365517324542 -0.994493089212835 -0.102078752048427
0.641066092335826 0.529983314613821 -0.55511435892816
-0.751887387745703 -0.511797001242254 0.415607008685343
0.463592049906948 -0.820651037089111 -0.334087243976241
-0.823870930946019 -0.557829816593295 0.100312436226177
-0.715053735809294 -0.692771200565826 0.0936280864471545
0.298528211348313 -0.916638278909204 0.265810407372528
0.627595834518351 0.39287062346944 -0.672142947377972
-0.341061728308877 0.0646006478832203 -0.937818561223881
-0.206424643579388 -0.0425419418955664 -0.977537236990426
-0.272699437416719 -0.194999659617087 0.942130643584968
0.427842317655252 -0.822507310663513 0.374743479100649
0.781818886628945 -0.524730638187375 0.336774384206619
-0.598433661253456 0.788863610272268 -0.139897667839698
-0.176065495675738 0.965908778783589 0.189792445321862
-0.965284146087807 -0.196514830114203 -0.172071028522293
0.723987647198631 -0.685862773801029 0.0737166346067831
-0.483247965750108 -0.397458781694014 -0.780062766995511
-0.485834994449208 -0.841040677449386 0.237938935536022
-0.820177267944616 -0.528892196830139 -0.218133659207136
0.0326418577308283 0.549416890367901 -0.834910527962336
0.733388618400241 0.231878328838416 -0.639041137186088
-0.200193095675 -0.92304242870215 0.328504793358782
0.545493217716174 -0.642245895500191 -0.53847688821231
-0.0403228301249659 -0.667240309039731 -0.74375025335342
-0.8377868057946 -0.479232124340255 0.261629201422182
0.218076445228243 0.428144937727824 0.877003179204415
-0.00571471174218423 0.996800824094395 -0.0797211336750758
0.409735786885645 -0.640246760864731 -0.649769705470655
-0.27759669531876 -0.925734278144063 -0.256819238020041
-0.435346298496188 -0.863168824023244 -0.255760007858926
-0.774903985311987 -0.628702476765692 -0.0652457604468303
-0.622119784236064 -0.740943951468079 0.25292100514774
-0.468830781737133 -0.7822135687305 -0.41029212884193
-0.74713466255358 -0.379646568088815 0.545580680879861
-0.0737921699877028 0.747244358617371 -0.660439690027046
0.37443022529694 0.757400730669981 -0.534926293581333
-0.736038390684567 0.335215956806474 -0.588113721775638
0.361107176446371 -0.178246892282439 -0.915330351572907
0.259899493824123 -0.623682346069474 -0.737205930735261
0.191475289391778 -0.150927746108542 0.96982371027261
0.350461942889578 0.128597461412738 0.92770637569452
0.298969759783512 -0.548416298213124 0.780933189581031
-0.42688014867012 0.629768276312641 -0.648972462298348
-0.145797842041442 0.832344811050222 0.534738351695321
0.155592340852268 0.974165443874049 -0.163684792909384
0.602112679561705 -0.797593565605911 -0.0361223644723465
0.160824316394524 -0.917034238126386 -0.364943482419119
0.82313238823195 -0.378609909065058 0.423211068146044
0.487643970481551 -0.166462455794202 0.857026025779819
-0.996500901126274 -0.0112142985348186 0.0828262854587589
-0.213529251997124 -0.601114853555712 0.770107908916824
-0.508176885009672 -0.856239815859668 -0.09278809879758
-0.947756449267937 -0.317477868261025 -0.0310727539086496
-0.840071169091877 0.0492622925610028 -0.540234816901171
0.177376239271004 0.459795214634172 -0.870129892798536
-0.811156664999402 -0.0598753216478103 0.581755799871921
-0.810632665040126 0.55152889437753 0.196699163792434
0.338878122009404 -0.240671979822281 0.909526589249486
-0.332836199294301 -0.918007194785036 0.21559882829513
-0.920945117928614 -0.181378147279996 0.344908766853971
-0.122773727280678 0.720386514121084 0.682619866515825
-0.913719471860045 -0.239615628919076 -0.328178422693382
0.541590781603669 -0.372076310780421 -0.753816054643278
0.695346496683554 0.0792330452019097 -0.714293618967677
0.580418908809171 0.776147979168436 0.246390350317387
-0.069993749443636 -0.683355408502969 0.726722960080773
0.138753624213613 0.92016315944444 0.3661245577243
-0.0774319670157474 0.860419296137831 -0.503669460378284
-0.352824938699329 -0.502302531380052 0.78943443654366
0.390625655299363 -0.347386348127791 -0.852487139232247
-0.265886504124979 0.864398262982024 -0.426755210721388
-0.873166777035405 0.262398461172441 0.410763711951212
0.720889608715056 -0.686067216964324 -0.0981322875178247
-0.744555229963095 0.174697913139955 -0.644296630969887
-0.169425420738684 0.985539318726211 0.00269778653630376
-0.323742001634035 0.907493194307675 0.267669980878022
0.222118812944367 0.841583337986749 -0.492342074333757
-0.456488803389361 0.865989730916906 -0.204156210600154
0.587726792300462 0.804902711003311 -0.0819075297621088
-0.814528293885129 -0.128511131367421 -0.565710657116556
-0.287676713174833 -0.956367241780596 0.0510275175361364
