# command_history: dirgen -cart 0089 dir0089.txt -force  (version=3.0_RC3-1000-g3151ed7a-dirty)
0.525111588927228 0.368514235339532 0.767108256718986
-0.848878716777709 -0.403958669860936 0.340913944047488
0.698234775526358 0.130725657983349 0.70383165642821
-0.656597122627957 0.463681810914188 0.594877631773146
0.187696394693681 0.826492438765719 -0.530735632949295
-0.871861147779219 0.302451413218172 -0.385202909692324
0.496757933218308 -0.865859030120441 0.0593270237207705
-0.968946131242563 0.231745402760845 -0.0862407273234849
0.21812211804188 -0.389213419271483 0.894950085691892
-0.0470024680490825 0.743832695996143 -0.66671109812602
-0.962928302602312 0.138002437259759 0.231785269932746
0.867042276519217 -0.0681160682168389 -0.493556371632515
-0.569465775125433 0.689677687006809 0.447273315776526
0.0764528776173203 -0.0146160546272756 -0.996966061835188
0.230689699407479 0.97173820531836 -0.0500711784556753
-0.398798236197835 0.14657805374027 -0.905248496804723
-0.954700543549349 -0.130231280132705 0.267556883338056
0.425377198684787 -0.579089518342156 -0.695492321011047
0.854223045131884 0.378749483433996 0.356162628533782
0.714633221232091 0.608827881106641 0.344424113991231
-0.0286455854392375 -0.990985397909358 -0.130871584254473
0.673103147895014 0.590895358639263 -0.444718818392476
-0.313392529922726 -0.925768349209214 -0.211513795746471
0.516604296053294 -0.049317971991118 -0.854802748555457
0.29712442113418 0.414836627878131 -0.860016075742994
-0.693871926417168 -0.716532506627671 -0.0715745532713631
-0.724247466167855 0.556583167768634 -0.407039046168884
0.915588728185415 -0.376032593625272 -0.14246673068217
-0.619773420996669 -0.750798720807465 0.228434208164976
0.418241490861373 -0.869480477233061 -0.262826473234004
-0.520666596105612 -0.256375580597788 0.81435732781927
-0.312467171226972 -0.125024077630168 0.941665145855011
-0.861562107113321 -0.495068309956 -0.112330334566243
-0.628789746789401 0.761184766165974 0.158811857521324
0.353926850308757 0.788331594602862 0.503258463993832
0.764729791520729 -0.555597113101147 -0.326343674481879
-0.131393547503566 -0.944852446179228 0.299982650537589
-0.0743134508258504 0.831824105934921 0.550041969136832
0.485334071526466 0.536313614822307 -0.690520488886299
-0.230395149432138 0.433678054649844 0.871115044086181
-0.216110775181307 -0.108453744228341 -0.970326706946371
0.999747454608259 0.0218392817038603 -0.00529837512519002
0.140643146422198 -0.146288808437905 0.979193081006132
0.702633245010927 0.0766318831564884 -0.707413653734012
0.448735654554629 0.735789935656469 -0.507197676372909
0.0966080910541583 -0.896038052171124 0.433338996403797
-0.157352223405917 0.655645290417204 0.738491388536762
-0.954066844948389 0.0532756896133638 -0.294818853309024
-0.266660740857277 0.9626398750171 0.0470799353494771
-0.00958879393791291 -0.536821347743678 0.843641449691442
0.961318693673446 0.204163177059978 0.184888524053701
-0.391208583615665 -0.876228049587911 0.281389852732452
0.491218539812653 -0.331597670521546 -0.805448527870658
-0.688780171625107 0.705803212832527 -0.165601026359655
-0.802056841626387 0.59508848990748 0.0507396489930759
0.527233423712265 -0.599298850990708 0.602383436128402
-0.686226204486524 -0.377449399680147 0.621792205609812
-0.345678440036613 -0.579680301018045 -0.737886959300327
0.700563855978453 -0.36652888755426 0.61226371628967
0.866656330688448 -0.466927946165116 0.175741564712685
0.83970557031136 0.196047403515898 -0.506418770152478
0.00841490373960682 -0.283297411658392 -0.958995185568055
0.12873349962978 0.908904761036802 0.396635628048847
-0.554532785424979 -0.611526059227223 -0.564383972818893
-0.288711450905123 0.175037000929814 0.941279844903605
0.334437242115571 -0.783371144237931 -0.523909707355654
0.524372513460113 -0.769103533364607 0.365394611473132
-0.0734147006649766 0.988220201097261 -0.134279990577748
0.480272381238957 -0.390957392820953 0.785169253612051
-0.313222290010505 0.913880373398438 -0.258291424862901
0.816372435791643 -0.108213650756662 0.567296969734138
0.315152584673941 -0.781314835353252 0.538726253704287
-0.160644659469014 0.936130918194793 0.312813358704289
0.841823660285347 -0.323917959738247 -0.431752336812196
-0.627896025216645 0.13391434792398 -0.766689982285691
0.138705260008522 0.730378939042039 0.66881047857356
0.945399853878368 0.317082179001802 -0.0753525583257163
0.48915985641841 0.87218432352099 -0.00414012958170303
0.47668539281934 0.116211291895341 0.871358693024111
0.0626096743612962 0.526925703854692 0.847602106706685
0.276644221289168 0.355695470281663 0.892719836930051
-0.867623825255936 -0.139375695332122 -0.477287453636637
-0.232875083425076 -0.649409238845482 0.723903885900536
-0.277477660766265 0.604501093231069 -0.746715860323138
0.715402473616866 0.38630135555168 0.582211785729045
0.53106197759308 0.794680910405942 0.294033036564447
-0.0810793645547289 -0.290652162590745 0.953387359379557
-0.804426096395047 -0.575373505082148 0.147797107847582
0.704663306959891 -0.2040256833479 -0.679575709070574
