# command_history: dirgen -cart 0155 dir0155.txt -force  (version=3.0_RC3-1000-g3151ed7a-dirty)
0.565080386470368 0.660789208578019 0.494005848804783
0.240005098414422 -0.385715580391888 -0.890854109143598
-0.972099231531758 0.0560568927867439 -0.227773371636065
-0.938664093702836 0.0654700630244809 0.338560762700885
-0.460759178997143 -0.775837574483091 0.431018603995319
0.661019836254086 -0.530440484197749 -0.530740679430811
-0.518884080865299 -0.844440096892394 -0.132967038716138
0.690068996147156 0.704164173499823 0.167205255048301
-0.455829623111067 -0.342152522103854 0.821675730633682
-0.373555513514194 0.0638158603803504 -0.925410078985021
-0.848692555954284 -0.00960152464600554 0.528799353434037
0.275891070512783 0.554897982052066 0.78483905784935
0.542245515896415 -0.830260198834282 0.128987606853872
0.695002949802525 -0.717511796636467 0.0463435157632429
-0.42362349873994 0.905334483719891 0.0302093346992363
0.552548433727726 0.804670284049114 -0.217246317237729
0.91634682165178 0.142256110279679 -0.374261541621334
-0.526947197292581 0.689404761231856 0.497038958690706
0.205753054396397 -0.166772342413149 0.964288684167032
-0.645081908777421 -0.284142071402212 0.709318415260269
0.568899230827074 -0.761380315202133 -0.310891750915112
-0.637218835902269 0.718815273078916 -0.27795099992596
-0.532021694234036 -0.0380053548786185 -0.845877361007431
-0.412344037728686 0.623002625224991 -0.66471055619147
-0.910514760148016 -0.0852680749922517 -0.404588960476825
-0.278595495378349 -0.829463558485327 0.484122665343971
-0.842460128435691 0.488111066428308 0.228053763017273
-0.981113321168766 -0.0755887659540074 0.178053333264908
-0.0286779650989191 0.136106584907839 0.990279037374068
-0.937095265539596 -0.283781760401192 0.203274139444431
-0.421409353404346 0.41613005791837 0.805760467980519
-0.914548944209159 0.282172030430762 0.289791604240866
-0.251903123001119 0.888187313870641 -0.384276088381178
0.650855077834515 0.324990858845894 0.68612579701075
-0.625839558362782 -0.684896733898585 0.37315052067943
0.704462976169773 0.611349853937969 0.360531928261631
-0.933142541776057 0.258941977406439 -0.249387347442815
0.0468434701315905 -0.335823366538775 -0.940759456924348
-0.792113264626019 -0.609856999326182 0.0251200393386598
-0.0783576048433576 0.575059437355928 -0.814350495346504
-0.0019661746414809 -0.0652890885632563 0.997864454258122
0.930966593335807 -0.3534952298322 -0.0913363267194519
-0.741935833393447 0.120717740968905 0.659513795262946
0.224026707895277 0.719459814198773 -0.657411294322414
-0.140318752628804 0.965977441914687 -0.217251534799306
0.73708203929572 -0.320845428799813 -0.594784228242416
-0.00487556112725067 -0.908384043050596 -0.418108429997229
-0.726242146861856 0.668015499251678 0.162257933183602
0.0309239485008466 -0.923682105061603 0.381909777562821
0.542988309697619 0.143883875119872 -0.827321658130749
-0.637039595598843 0.309002538482564 -0.706185517304478
0.363985668934774 -0.908938217363097 0.203336543264857
-0.351842609801596 -0.151554179596974 -0.923708887352877
0.713622563226155 0.0826990153779623 -0.695631878302057
-0.152962027054184 -0.25242207463015 -0.955450529603122
0.886174153789697 0.274903963925769 0.372992198005554
-0.131882500353729 0.824689162163104 -0.549995265353409
0.170919183884624 0.928197234483945 -0.330509495289576
-0.402394081298042 0.0237034730632794 0.915159630174454
0.349758393809606 -0.29959883816621 0.887642722118073
-0.550193289226211 -0.770954304485573 -0.320806491339577
0.745663545277868 0.428914107363495 0.509920156248229
0.206115277299711 0.01755069315608 -0.978370311095653
-0.0599117643084823 -0.984586612961493 0.164316104123911
-0.848481344231311 0.301564241544667 -0.434900467593467
0.158072504542221 -0.828552157467822 -0.537135369961026
0.203474330908526 0.860855226471109 0.466397336740577
-0.167870227396992 0.399453760571789 -0.901252617149453
0.00693812401292508 0.722507520822524 -0.691328246775779
-0.539143082629342 -0.474742184812576 0.69566126413098
-0.23648350511733 -0.729443514017624 -0.641862689104954
-0.0604997219629183 -0.435635868829184 0.898087508782887
-0.295053206980482 0.520613491976753 -0.8011898632798
0.729431240950641 -0.414576595197534 0.544110569130603
0.475093623615 -0.419522262177826 0.773490219936599
0.797939335255015 0.226235205716902 0.558668460669668
-0.264803914637084 -0.398931650152401 0.877913677589977
-0.903848405374587 0.413380725249659 -0.110337827121449
0.0786712050917902 -0.529392779239625 -0.844721330841332
-0.408626658530396 0.879639960597807 0.243429237475228
-0.725274855489063 -0.658152147136553 0.202020135666878
-0.274288248976725 0.571576231345935 0.773347637375107
-0.167703038633597 -0.228490709089459 0.958993058730278
0.373359610906131 -0.817616210779384 -0.438299364378714
-0.58350618030117 0.521504027297001 -0.622538422158302
0.979789722189596 -0.138830113776997 -0.14400798519631
-0.59764993848451 -0.587982957011996 0.545060174010991
0.203977434850356 -0.912676490464033 -0.354139562638974
-0.116637567284139 0.697580648014532 0.706949020378176
0.449451935776222 0.89117479477248 -0.0616477297979039
0.825704485012904 0.542800952697607 0.153555296815659
-0.75649773825996 -0.52370620316253 0.391717991387492
0.147094632199797 0.588122169419659 -0.795283272183641
-0.419426709855168 -0.630034154288767 -0.653558107202189
0.924211956879562 0.344159788300807 0.165488062643791
-0.179957137766022 -0.0449666770685058 -0.982646134944049
0.709641807034685 -0.608518083217074 -0.355125679311374
0.598835819950034 0.51148404583427 0.616262713136027
0.248359772866812 -0.967587253529564 0.0457419941482707
-0.77744092961974 0.191797230002108 -0.598998684068264
-0.328854238287866 -0.938123345236118 -0.108533308634275
-0.391419259938892 -0.777734220288945 -0.491854089685587
0.850976312568813 0.480593484674138 -0.211823553778977
-0.540550556483048 0.682914877320223 -0.491357676464479
0.466566395971644 0.445018757676223 0.764378246332496
0.968932676938388 0.145825855737397 0.199760575087942
-0.855749510237904 0.198303025186176 0.477879363364436
-0.999693292635214 -0.0064353721045004 -0.0239145697440101
-0.669714934035391 0.0847249384114894 -0.737769335186237
-0.0826031743663249 -0.642614730835388 -0.76172371848195
-0.976606229410777 -0.214930925329378 0.00670596847011453
0.586162088865843 -0.430115447849222 -0.686596465981215
-0.802826013195217 -0.214235682941833 0.556393264419619
-0.906933719282109 -0.420516040781124 0.0252485301530488
-0.233258426609564 0.959416542336522 0.158462628738339
0.977433656806206 -0.204200401186741 0.0540892105472202
-0.368091278370872 -0.877623887684445 -0.307058825883474
0.172380726809971 0.946608841978013 0.272427211037206
0.357094368602831 0.180963881222791 -0.91637093232213
-0.596816094515215 0.246008448456469 0.763734504010162
0.510449833455872 0.246946875904019 0.823685745904418
0.639453085282918 0.768357132387682 -0.0269642138979838
-0.808016115226908 0.413474710536194 0.419700632928552
0.0298205235779839 -0.264853476493728 0.963827459850943
-0.0818938011603736 -0.84111221662584 0.534624769697656
-0.898275475014424 0.108361043516001 -0.425862718767133
-0.702112171488287 0.578025872562528 -0.415842024447181
-0.135992239982918 -0.988689959418302 -0.0632319129068943
-0.344386201451448 0.772590888334538 -0.533386786030824
0.315999743163472 -0.72237145958223 -0.61508018721274
0.231034858668885 -0.187108954321645 -0.954784338629677
0.366710430995521 0.888768226291612 -0.274980907943699
-0.119806419622467 -0.456210580094304 -0.881769997463774
0.419743332516594 0.673033611491594 -0.608967398643348
0.83347213673612 -0.4568580266112 0.310813353647243
0.316988818905681 0.358106413549405 0.878224279591246
-0.833721723664761 0.551632243213938 0.0246972819601461
0.580192260682771 -0.807459671607788 -0.106704354976072
0.826338541365555 0.456585126374907 0.3296886977545
-0.781082569144264 0.597191654254424 -0.182406546669411
-0.516942189588097 0.192167914407478 -0.8341716042255
-0.0429445833981258 -0.796681972327102 -0.602871128621831
-0.808829199992933 -0.017877386177422 -0.587771830136708
-0.351388233313134 -0.547562687131767 0.759408594335166
0.0572212596448115 -0.998312533038662 -0.0098900870872031
0.680997401797171 0.12619203353609 0.721330790565278
-0.421762951975609 0.22342594971121 0.878747322804721
-0.210213026787519 0.691016990252214 -0.691596705133564
0.256850086543576 0.960193462724705 -0.109802309553569
-0.854455103004242 -0.340666957511974 0.392240361270416
0.71830717717341 0.408673735386595 -0.563045803843999
0.0299308863459442 -0.974829717922447 -0.220932485383633
0.584382231385165 -0.0535722305442198 -0.809708233721142
-0.460417892813797 0.588940890104771 0.664201770503138
0.463350789677376 -0.813049278563114 0.352500945152424
