# command_history: dirgen -cart 0106 dir0106.txt -force  (version=3.0_RC3-1000-g3151ed7a-dirty)
-0.0845893616648892 -0.215916054324372 0.972740919966936
-0.370223235547242 0.645744239134466 -0.667794229898388
-0.770681078909021 0.604781157806378 -0.200724751273986
0.578601482152317 -0.158385232602479 0.80008402242802
-0.361191513423537 0.235020224998913 -0.902389153565287
-0.470438873336777 0.798103197211896 0.376455247079615
-0.872762879872538 0.271437712071902 0.405717295640407
-0.295733803619116 -0.945451165814473 0.136614825172906
-0.0753179946194066 -0.8024583644859 -0.591935615547101
-0.577597693071893 0.167257189191324 0.799003089870023
0.119642757715676 -0.611678914032573 0.782006724174492
-0.75543272652667 0.0613903575551899 -0.652343942787643
0.495636660441354 0.331112065076399 -0.802937794095772
0.381969022409995 -0.35650214444035 -0.852646402049868
-0.582722382563929 -0.0946313191081151 -0.807142823980289
0.770016445891653 0.530584317843346 0.354337345922072
-0.00541739314369183 -0.970332467011091 -0.241713788013214
0.863291720630755 -0.21469529690263 0.456763981261966
-0.0892999981737072 -0.856269073611885 0.508752183191405
-0.376685932847393 -0.00739280660328377 -0.926311532048164
0.419261680055152 0.864216198143504 0.278118691395811
0.292837921090956 -0.916821689034516 -0.271447863294269
-0.161781104442747 0.902080827069995 -0.400096308003459
-0.365622383192209 0.580890116600393 0.727246138074883
-0.547091560809983 -0.33861230882998 -0.765527614393712
0.181463082594195 0.90215286008086 0.39139668713894
0.108769951631411 0.703978219926597 -0.701843118859963
0.544339401407967 -0.625187403339262 -0.559316839350227
-0.767506308482237 0.481730279265181 -0.422930259592596
-0.372314233511249 -0.778948439299064 -0.504600277881893
-0.720912190304918 -0.628545277847957 0.29191856324119
-0.145786707879409 0.0994643357636633 -0.984303348423024
0.323261306257699 0.562809114479637 -0.760754907006989
-0.999109060936618 -0.0421249959791003 0.0025630193347112
-0.716735835338088 0.321725717009536 -0.618694032100613
-0.745088859901273 -0.196325863727579 -0.637415677625395
-0.693040529638732 -0.436928101644002 -0.573400957683047
0.744101124295152 -0.665034883347496 -0.063577674962773
-0.580790016320795 0.409619388655271 0.703487678200388
0.392732247898015 -0.919652826776994 0.000244258175527011
-0.67648438163425 -0.733438182104105 0.0666131701448944
-0.72515192145561 -0.47536015283212 0.498184118482977
-0.333914509059928 -0.115712688779299 0.935474037210404
0.403497467075112 -0.880020006651978 0.250508646469981
0.554765924978465 -0.819313158161414 -0.144778165986303
-0.858608541426787 -0.296798341263276 -0.417973823597044
-0.588306100559862 0.57807506682702 -0.565442436643188
0.841531240953652 0.218746818299869 -0.493938255233071
-0.623683494432353 -0.754490119187745 -0.204361343753439
-0.547985378657825 -0.700322801755887 0.457449448702286
-0.348418566499612 -0.243421430076451 -0.905179821857453
-0.159666855909938 0.493183245094996 0.855147228190213
-0.17268866736748 0.970180752459653 -0.170082132276337
-0.882957919432518 0.468964879487804 -0.0213835057553259
-0.8999166618497 0.358527451143309 -0.248209726848032
0.09371705899004 0.377029239498348 0.921447809383448
0.337631126990815 0.738571378761732 -0.583538808101832
0.530226048649378 -0.406671185656479 0.743961614661953
-0.884821639344418 -0.0511252110020298 -0.463116485722387
0.110388524492492 -0.0283140671568707 -0.9934851218118
-0.264277955165387 -0.67479281203746 -0.689065906308082
0.276291946879595 0.352783199889582 -0.893983654193493
-0.479261232261692 -0.877443647973724 -0.0200328700282247
0.144454029429383 -0.780942828718519 0.607668768042865
0.74129020067761 0.0270159216125158 -0.670640722263997
-0.0820145806525881 -0.496216515590584 0.864316364657941
0.121938578234115 0.143223413221043 0.98214970195157
-0.555569571000249 -0.0816890318865269 0.827447493106385
-0.950527173984134 -0.159940691796094 0.266302584714311
0.883851353712021 -0.0281158252422371 -0.466922140096587
0.938049260728242 -0.305568141658353 -0.16337593228704
-0.750703639997714 0.222507066742283 0.622040714217268
0.905619417147866 0.388481225339249 0.170105287524157
-0.359515299902281 0.122933523673588 0.925005998841828
-0.496325031578097 -0.570408630838769 -0.654442859914937
-0.246006447389423 -0.960717184863993 -0.128465242574947
0.516953975212005 0.821989923486495 -0.238937550835301
-0.138244751735437 0.267495043451899 0.953590473078603
0.167734389247218 -0.982912424189121 -0.0758178147833958
-0.590421112192632 -0.675371453441631 -0.441900792207203
-0.852585216650803 -0.513562676489048 0.0967048378619604
0.0657345848205937 0.593270062270227 0.802315148537247
-0.672142566368256 0.663430035393844 0.328762769505942
-0.0612969743927032 -0.997541476230546 0.0339659260154054
-0.686614752565381 -0.282633015617624 0.669834875206172
-0.602895985027344 0.713007376614557 -0.357962165781715
0.111223771672392 -0.886562583535156 -0.449039038492687
0.310143197873571 -0.774617052386109 -0.551162062342294
0.317775086801806 0.469576312620707 0.8237214825617
-0.117033226527557 0.353380157550587 -0.928130210766825
0.389381081132285 -0.788472001784051 0.476124223348176
-0.130560192517026 0.706649114842357 0.695414311488073
-0.602958211342606 0.789643484603372 -0.113598250857879
0.828223850405185 -0.500232918836575 -0.25261092718299
0.07369211868392 0.956446539059142 -0.28245263242828
0.957155607349671 0.285232826545055 -0.0499537584191782
0.96127702325871 -0.0878609932562807 0.261202853006805
-0.866321850880715 -0.394250693320064 0.30668035721784
-0.732943012191753 0.461592726934824 0.499726620583848
0.541543789854353 0.534290266424898 -0.649048715331751
0.312215238433502 -0.466666763732914 0.827492463117919
-0.96315296122945 -0.155977534629734 -0.219105869309273
0.9775593170883 -0.204376912927736 0.0510672011763387
0.971209785966044 -0.0758881289795229 -0.225815286293416
-0.789653977046436 -0.602059758752783 -0.118197476391365
-0.313939823644369 -0.870802375493648 0.378345093750087
