# command_history: dirgen -cart 0194 dir0194.txt -force  (version=3.0_RC3-1000-g3151ed7a-dirty)
-0.681506736802761 -0.729829774924857 -0.0538244119854975
0.81893838495959 0.0259044435999472 0.57329650395023
0.816154422633524 -0.550772013265904 0.174763119160656
0.793202504167944 0.19131513771438 -0.578124818238268
0.278233222185569 0.849973692612726 -0.447360029437726
-0.371812749900379 0.578136354760548 0.726301338506067
0.334333115312907 -0.93004880261338 0.152415854695583
-0.79776153594525 0.32853139407133 0.505612158552209
-0.902709642378211 0.39044562945436 0.180741561344898
0.626577804232369 -0.203865290247273 0.752222838443328
0.221192606257383 0.365168961624062 -0.904281737294009
0.681012720173542 0.322907590764916 -0.657230829152308
-0.144797092707811 -0.988653970213932 -0.0399640979329569
0.3064999373093 0.702782037964685 0.641993142910108
-0.930178424257372 0.0846014478503677 0.357226390497252
0.256445017393964 0.112245015454094 0.960019275618735
-0.414049189053788 -0.90426387562388 0.104259830642396
0.734394231674586 -0.214565631353252 -0.643915135965195
0.610553832682775 -0.633747583454583 -0.474961069838204
0.600087913510457 -0.743378175064861 -0.295437615912232
-0.523910994337861 -0.428182058787671 0.736326961712163
-0.0121940848818458 -0.0327916013349987 0.99938782020584
-0.269215956446397 -0.447023963284105 -0.853048852671652
-0.419610462613085 0.512504532677389 -0.749176990871159
-0.929669886543379 -0.329252854996724 -0.16524666269225
-0.829962994494502 -0.227577829916908 -0.509283574347367
-0.627080244577382 -0.500054689805102 0.597256790722964
0.595840109862018 -0.492471869492551 0.634386334372147
-0.343152269531022 0.926650114719696 0.153512490715525
0.0295360637153351 -0.532773577887233 0.845742239482835
0.0336781597932347 0.846414514380357 0.531458607418495
0.707405096065305 0.556428686867731 -0.43584991280427
0.30746269079563 0.873832053192974 0.376675240202037
-0.496624599408695 -0.240610514303881 -0.833948791994194
-0.0966546425344422 0.882051888514449 -0.461131592980391
0.332109964560095 0.274147325289733 0.902522141266561
0.958137893446112 0.136320710685349 0.251770611829277
0.476891663084597 -0.756087261267667 0.448225830390402
-0.674783108790549 -0.722415194510945 0.15094383998917
-0.643665114681058 -0.726008887292459 -0.242087413375802
-0.770339184445604 0.169159785182984 -0.614786554817629
0.148846231378029 -0.380591058669913 0.912685732037635
0.560279744751893 0.0394993566113966 -0.827361111273692
0.572854806271357 0.249158023209406 -0.780869803745917
0.874938272532351 -0.122167303518905 0.468570346062388
-0.691653981218044 0.702788593618988 -0.166442070836295
-0.122269512170833 -0.917895240145217 -0.377516217548679
-0.432426196959179 -0.0845417902403462 -0.897697203898051
-0.295552770963496 0.457396409677005 0.838711561855674
0.345535725373805 -0.743696472630123 0.572294171810189
0.0861719416728973 0.66894577177835 -0.738299364003648
0.0229684872256144 -0.313854641805416 -0.949193190247255
0.435884635977995 -0.678547144438618 -0.591251517454736
0.728111985912499 -0.476255024187242 0.492984875941409
0.723573622454896 0.364959957539705 0.585871523697915
-0.298611159363626 0.157447238674407 0.94129790318332
-0.00549978401801807 -0.61645370770954 -0.787371944272156
-0.693882771464086 0.339011517584658 -0.635293546646168
-0.727576619561226 0.599509031800196 -0.333498400982448
-0.989244073372982 0.14512675628384 0.0182862764651959
-0.789606460201098 -0.611724120820518 0.0481169202573889
-0.196941903315543 -0.0190902154644797 0.980229284602318
-0.53326608819487 0.365752463736837 -0.762792510747041
-0.386315116330695 -0.897470087820111 -0.212856929327105
0.208093125891269 -0.317026946272332 -0.92530598522545
0.410955341756424 0.765916230415218 0.49445731369695
-0.593363940635375 0.741579899080592 -0.313015154957837
0.0791524860358302 -0.213837421444444 0.973657250342408
0.526689496832922 -0.834622148480184 0.161257691885397
0.495984702841074 0.804033189209177 0.32791737556551
-0.553446800921856 -0.655512232487257 0.513809645305474
0.39920557898014 0.340610780471845 -0.851245676604288
0.0629202208598738 -0.92843223764151 -0.36613471006574
0.184890848533989 -0.610261547963386 -0.770322151574076
0.114935786642728 0.733696482452716 0.669685923836935
-0.540200313386399 0.0619563539620564 -0.83925266256412
-0.917845176363152 -0.312839176821291 0.244319220841653
-0.528759816829156 -0.839272997924409 -0.126625001724667
-0.876254131244052 -0.0557627194468338 0.478611759777823
0.073041456958018 -0.742431948244841 -0.665927734661067
-0.157745385136129 0.969881634250758 0.185596360447433
0.847590150791094 0.464815958693089 0.256002071917701
0.478901246171097 -0.628020663320327 0.613387025342456
0.947630466374689 -0.0698943268362325 0.311626831762928
0.377596569970464 0.730139724034207 -0.569488203331546
-0.894667737461685 -0.282869566009986 -0.34576646478586
-0.777147342679292 -0.609462462956823 -0.156835946176624
0.157607980973185 0.526050088624953 -0.83572186078338
0.621059774871455 0.30690235344453 0.721176609081871
0.56841803416046 0.48026372274419 0.668017735585703
-0.904432676274256 -0.0810082566017429 -0.418854624481733
0.87504170399638 0.480649421645589 0.0572551284940679
0.320406721015808 -0.814867877392347 -0.483042312351609
-0.87369078433099 0.486481657086976 -0.000103407008853061
-0.581209675072098 0.266850620308388 0.768756177239322
-0.965352241640711 0.205885064429666 -0.16033212343148
-0.421926591271933 0.856100699327646 0.298445211367785
-0.980272474444562 0.0254906701496977 0.196000259136703
-0.764828534555676 -0.593646093699164 0.250243138098012
0.284216578430868 -0.851198660497323 0.441227579501342
-0.98915140676111 0.0159337497868495 -0.146032907662096
0.941169727033271 0.335502467098456 -0.040467758610626
0.870508799136617 0.2558595849133 -0.420416821064189
-0.609409701977329 -0.10647810068187 -0.785673105821425
0.816788529974643 -0.309126529346132 0.487131692826772
0.614495511842484 -0.626058448802464 0.480048002400277
-0.458265787294467 -0.588964860707664 0.665667229963279
-0.26472348949465 0.230957097469599 -0.936258667910847
-0.0560630476610688 -0.989197986529357 0.135441050399128
0.0283669407031225 0.978138957491032 0.206008486508453
0.459900906497813 0.787379107869307 -0.410518326866688
-0.413110296998291 0.85841737574476 -0.304071523713522
-0.0742728686907345 -0.134368374667551 -0.988144058761499
0.974298936456148 0.177132684096135 -0.139160319938255
-0.441637209195365 0.897172622775525 -0.00615308022173568
-0.780716905469644 0.0141673083190895 0.624724259885027
0.734416352992335 0.168502351101104 0.657449297003836
-0.341673755184002 -0.501625182457352 0.794752301879706
0.38341399522207 0.565003094928148 0.730592369922835
-0.0470735937645351 0.998431462809431 0.0303099132679551
0.657850316054229 -0.386611836967087 -0.646346848978384
-0.16816890550639 -0.939007078057779 0.299974876578316
-0.245003070187193 0.908564373836895 0.338355248508457
-0.980077089862443 -0.185399013739031 -0.071246779796426
-0.768002759559839 -0.386705242128061 0.510520143597831
-0.62794962514505 -0.698865695750101 0.342441246908018
0.941451071345841 0.11817881951539 -0.315758842916104
-0.27210956502016 -0.647885192070841 0.711478153227398
0.132682148661686 -0.981029340221309 0.141339594776061
-0.620680560337706 0.783996576605793 -0.010247433301501
-0.010460549552053 -0.790715073854122 0.612094967209288
0.485558326970402 -0.757796994558 -0.435863311312809
-0.217884441796991 -0.820522449452382 -0.528459345614662
-0.101881799446997 -0.202677882255243 0.97393109355127
-0.157992983310486 -0.299153994453268 -0.941034061459683
-0.730588234621234 -0.588973398160864 -0.345472383399707
-0.825695056149775 0.44764099607301 0.343285905455763
-0.40113203548022 0.300533638930389 0.86531648660057
0.958243648188177 -0.213094581124759 -0.190682485305484
-0.998991750223157 -0.0356405460985815 0.0272989827625182
0.689578039242521 0.118498949552167 -0.714450926760875
-0.356158575889782 0.0738343245888299 -0.931503924485922
-0.656255980807257 0.0892592339215925 0.749240199678605
-0.907348366868436 0.26142642728713 -0.329203833903964
-0.447823497491417 -0.410353243381068 -0.79439557573113
0.869094577959305 0.472270363292346 -0.147089491526257
-0.351364538667208 -0.892805136168548 0.281854483374383
-0.0385208834233381 -0.376680870670602 0.925541821427386
-0.453830731741456 0.22615087112205 -0.861912669832479
0.257397472037581 -0.724312403803497 -0.639623391602483
0.0843142030540332 0.468510058032286 0.879425631128606
0.10074056886457 -0.667030275174102 0.73818828884371
0.907195757860562 -0.384890435234539 0.169868212991035
-0.37764739546587 -0.00447649361336541 0.92593866195487
-0.0911485167602885 -0.881980581356787 0.46238750199583
0.6945289624975 -0.704265126327498 -0.147105921332422
-0.444775841398269 -0.167445378968375 0.879850269063208
-0.193111215919286 -0.776555042999041 0.599725206639618
0.814640972371979 -0.555085923644271 -0.168046730122378
-0.665297869753061 -0.536524419372041 -0.51915343774219
-0.212459947105939 0.93071478580664 -0.29770918419935
0.104255406286272 -0.474682013613484 -0.873960980943619
0.526289118031349 0.816374491900686 -0.237807597052072
-0.557185885889455 0.540682489716876 0.630243075232995
0.947318271961133 -0.320170526807737 -0.00888399528529541
0.53110014066494 -0.834897336978923 -0.144495942127049
0.726456313580851 -0.605051564784816 -0.325843257425967
0.242643030185219 -0.970084962242618 -0.00771530513166098
0.832871936648715 -0.438582411957942 0.337594142520531
0.848934399763622 -0.144836709247919 -0.508264412045751
0.196259473741907 0.600642074000742 0.775055686971354
0.71572220057605 -0.490595586079992 -0.497048994085499
-0.169690402854552 0.779591784443201 -0.602861357865741
-0.146596991310766 0.844069421754839 0.515806294452756
-0.70081616535781 0.0305193878963649 -0.712688760494794
0.767686679884599 -0.640767155753033 0.00863791849517811
0.173821771383805 -0.0513306210648739 0.983438436880566
-0.277049401380421 -0.188658985591195 0.942152544098063
0.829804387885182 0.441190349828119 -0.341724674357941
-0.210801687907797 -0.954168241797337 -0.212427904759717
-0.587760894293971 -0.683614611799667 -0.432675621768481
0.336898708615666 0.940263590378147 0.0490269389447529
-0.111640796970263 0.148082450307151 0.982653509820666
-0.221220146515835 0.521739320021452 -0.823923375514413
0.28808323001885 -0.64245330624047 0.710113935845928
-0.346871096180527 0.381027127734196 -0.857029037177357
-0.488852942884967 0.134638731527638 0.861913691853968
0.894663911549899 -0.272768277058681 -0.3537993109104
-0.486261982192503 0.429540038434301 0.760949827555061
0.0199551749892524 -0.951979580491066 0.305510506070091
0.496783315836422 0.633740118191988 0.592941649490551
-0.559130992019394 -0.827818240440141 0.0457109894664035
-0.798346005509765 -0.421948724239877 -0.429654430442585
0.239012033698974 0.962869378423303 -0.125522140842971
