# command_history: dirgen -cart 0062 dir0062.txt -force  (version=3.0_RC3-1000-g3151ed7a-dirty)
0.460763623949618 -0.816864901822524 0.347028262559829
-0.0164643272421626 -0.985666878942693 0.167897974031356
0.778645647317969 0.198389170870817 -0.595275308402735
0.159013207568307 -0.88677498057326 0.43398725055943
0.408656421945584 -0.140526390786951 -0.901805002367489
0.889716429836953 0.449646079430299 -0.0788864863658344
-0.636454638279246 0.767154765599118 -0.0799941187300403
-0.189850782612477 -0.975566560746385 -0.110573802932249
0.799689368921755 0.194675533014371 0.567977420395473
-0.893370520106477 0.0964254757662276 0.438852186308715
0.208289391637341 0.12942542783649 -0.969466135540942
0.230413636108194 -0.412949982092134 -0.881125342153718
-0.30726642235642 0.654429819164867 0.690875500709155
-0.766921300418658 -0.505447622230881 0.395416767658257
-0.030598951955478 -0.452139017123201 0.89142246624936
-0.477407417160897 0.857413116779434 0.192158541871906
0.568093831891903 -0.670373459874071 -0.477356075129291
-0.344603416967915 -0.394306384482335 0.85192192140507
0.50707403921512 0.857023419106155 0.0915793527912221
-0.458920875273745 0.167815888178162 -0.872484646233362
0.543764219659533 -0.416670785101037 -0.728495662486294
0.548957947931752 0.145194611793501 -0.823142573378813
-0.601448733121315 0.419640126432638 -0.679824672775536
0.355203696162513 0.913577981170688 -0.198004056909395
0.74819008067851 -0.630820461309422 -0.205614077260415
0.700069960958896 -0.129050165189771 -0.702316242605496
-0.0523369385459742 0.1491247744403 0.987432350346982
-0.390319915737808 -0.409462574585998 -0.824615524588178
0.688611243149648 -0.600009639130762 0.407189131434116
-0.632245443655204 -0.460950268277624 -0.622728310864394
-0.967768825706142 0.215710064388844 -0.129971797374341
0.272568096402616 -0.852525191089833 -0.445990393821098
0.271618429371761 0.123033389740691 0.954508362370143
-0.853735506856317 -0.405385981688842 -0.326799464783775
0.0466436286325246 0.891988508309163 0.449645274580292
-0.0680041221569403 0.709036142835295 -0.701885451853015
0.756843491402183 0.641378422222955 0.12578413663474
0.00970661094309857 0.703949281215082 0.71018391363137
0.917700571173964 -0.3501280617611 -0.187712551616551
0.131733236151196 -0.976952324957863 -0.167959844166872
0.774216273979516 -0.406214575409572 -0.485364687456862
0.740748854761764 -0.123108984849596 0.66040541489182
-0.330852579068449 -0.679731423365398 -0.654600460596696
-0.391643122436644 0.673680185509235 -0.62671418709035
-0.292191560728418 0.45085829028871 -0.843416204442998
0.347481717180466 0.85616182332377 0.382417819287011
0.576288580065906 0.135369763575889 0.805956884451662
0.089301267489211 0.447162686838099 0.889983603851528
0.490522196171196 0.736938951868684 -0.465090266810727
-0.585513617858615 -0.474971104921448 0.656944634495035
0.165496899415269 0.870114001599977 -0.464233131630658
-0.932379449057125 -0.00481792024423716 -0.361448959910598
-0.6589831500535 -0.729422852233788 0.18353068022729
-0.99195544490088 0.0272437490637212 0.123621088283716
0.127392456356427 -0.170913220976835 0.977015779278308
-0.974593219753253 -0.197693974750201 -0.105286031164892
-0.311387806969767 0.945555805593863 -0.094667059626359
-0.847396046394096 0.518496875491368 -0.114371896291632
0.925613257199541 0.223865073354206 -0.305163115445776
-0.263227575398812 -0.665234424951555 0.698694785588841
-0.846313850306866 0.32237770440518 -0.424058347967841
0.611403904001792 0.67826425181767 0.407606269428703
