# command_history: dirgen -cart 0104 dir0104.txt -force  (version=3.0_RC3-1000-g3151ed7a-dirty)
0.445999705488009 -0.687979408415674 -0.572510782693765
-0.185473111645995 0.709534498528721 0.679823889146262
-0.0294631024061786 -0.327641599802291 -0.944342579615893
-0.542204092634625 0.668353587055772 -0.509232957103078
-0.832220537730747 0.487605703917522 -0.263912209051126
-0.276937326627995 0.834213848478458 0.476857391813212
-0.720014624975917 0.485997976944721 -0.49536340824331
-0.387969231354436 0.918913768724298 0.0712556044894449
-0.319065256458343 -0.680343491585189 -0.659795495270198
0.248299722824255 0.0972862359130812 -0.963785575710315
-0.993772407206193 -0.0049931038901457 -0.111316986974818
0.460652478596906 -0.831985659158002 -0.309191133310696
0.911603683820139 0.0731404443543298 -0.404511061709324
0.782081427074028 0.441942511116912 0.439358006975552
-0.423738419111978 -0.474170113056082 -0.771756733726933
-0.463559571279987 -0.643614097617448 0.608993774371128
0.532432013319738 0.818443816046751 0.216022848715414
-0.391802963792843 -0.0341509633543256 -0.91941511259339
0.75042966528774 -0.658039796393088 0.0619592109300456
0.791021873885269 -0.00653514588493947 -0.611752962316734
0.0819884138442633 -0.538759539494581 -0.838460528945095
0.125998007839282 -0.991428784659829 -0.0345465912713199
-0.895795586090667 0.376053692003195 0.236925913887115
-0.370734506788336 -0.92872157847946 -0.00567055050497615
0.177283484058299 0.522884258368095 0.833764126495616
0.942484784920505 0.21897021330194 0.252536088272254
-0.892764792497259 0.450276554224056 -0.0149013420011849
-0.70607931463151 0.243497250045295 -0.664951946135867
-0.680149256799552 -0.196107234352028 0.706356100780489
0.113473601518178 -0.118652289230347 -0.986430624027302
-0.427598939017496 0.834900068484321 -0.346555944972797
0.141576414831079 0.352814660895548 -0.924920501351731
-0.0973022288163069 0.389602407641223 -0.915828717734677
0.751117595901639 0.652411806264635 0.100901893805113
-0.37640211656956 -0.306379720635726 0.874329979713111
-0.0435487569132913 -0.961775101886395 -0.270355616110932
-0.814181222243083 -0.276931946132191 0.510311311415097
-0.39066946621066 0.604995907287296 -0.693799193092858
-0.591431478318294 -0.806131100536295 0.019011975236142
0.351452119551421 0.821861124934493 -0.448358895288388
-0.070022109488352 -0.717818801967252 -0.692699842446279
0.439599201875216 0.782963177349708 0.440137710978193
-0.490681537358872 0.327020040100503 0.807644428116605
0.101399099135574 0.895001705765348 -0.43438481715135
-0.00147245327265551 0.136164547503437 -0.990685140639822
-0.501906294986412 -0.101484684628966 0.85894757106518
-0.705873428201985 0.283141865380491 0.64928682985814
0.129571032439164 0.991162104339956 0.028443460989102
0.988581750553937 0.0733247434749018 -0.131641955569085
0.240729958897073 0.944893660961225 -0.221867204346896
0.558048344991179 0.6067484863148 0.566072715300168
-0.855596756618323 -0.207233787836315 -0.474350447710571
0.803519938425422 0.492156706090123 -0.334869355425852
0.678635978633333 0.488433812827578 -0.54853041756232
0.0376918983067841 -0.783736224083467 0.619949071990128
-0.856941825282744 0.212177602620203 0.46971413969288
0.942845041530651 -0.257076269186418 0.21202598775211
0.718162757710542 0.171219908536978 0.674482020782006
-0.850970974066635 0.276060497227173 -0.446809806480081
0.866229900189624 0.45633894718983 0.203471190332077
-0.664727042158091 0.68573024049124 -0.296499572848903
0.489408533941479 -0.218515694028003 0.84423348569499
-0.036865156905386 0.86650205381298 0.497810356405156
0.249292032051359 -0.172566707411444 0.952929280822495
-0.284666839359706 0.780735025020221 -0.556253189901532
-0.236537028099363 0.342321048486845 0.909322018924423
0.867972004345952 0.491458298485657 -0.0713676433774689
-0.548972851316686 -0.405657246842222 0.730801619183768
-0.977501889455246 0.208896194524952 0.0291965070585219
0.955723691915892 -0.131007113330642 -0.263494517907734
0.203820911173967 0.84965019039482 0.486365695881463
0.159294674216768 -0.615103267997642 0.772187267743256
-0.93477279316992 0.033434006739206 -0.353669326267728
-0.718652279750113 -0.671645143352867 0.180088040192768
-0.292412928010036 -0.922913112384364 -0.250451724932379
-0.349610008558492 0.534718224543132 0.769317400204344
-0.768924259550588 0.459792856164937 0.444236437603074
0.376636186144747 -0.124937895353431 -0.917897437403
-0.817058188757202 0.0420823900131281 -0.575017381159546
0.617417413626031 -0.0216415934758517 0.786337954560994
0.0758124686587096 0.584669284123778 -0.807721670996923
0.514490334997826 0.235551082614794 0.824509176827538
-0.679662119804013 -0.64827750685804 -0.343213748275677
-0.632836906350831 0.6666303434348 0.393854586328902
-0.285900785050339 0.943952953632092 -0.164965337076764
-0.617762585525542 0.0936948270736819 0.780762875208876
0.155862542361799 -0.907780804952504 0.389410937247917
-0.960602552470041 -0.277632840632575 -0.0127570368945885
-0.616809390089835 0.77725702065262 0.124168031889122
-0.541063918408596 0.832608825724041 -0.118373897134333
-0.144293456286309 -0.0819633665569089 -0.986134577537776
-0.209580058312568 -0.738838130854935 0.640464218791719
-0.281730858630428 -0.291095708100088 -0.914270754219488
0.479777472572138 0.844804473173394 -0.236894446786994
0.600706732206562 0.690784152040609 -0.402453322972057
0.316684900611788 0.536786588266583 -0.782029943404742
0.0117629550637682 -0.980366485685554 0.196832890119319
0.590074227456258 -0.503239767873925 -0.631317782200136
-0.780554933932857 0.594017319809672 0.194621218985002
-0.647081519784497 -0.399860385055364 -0.64915112201764
0.568037768111649 -0.436748992768882 0.697555310576949
0.333792962420461 -0.409747230671409 0.848934311472734
0.92235444968872 0.289765148744537 -0.255535570346819
-0.20885949344897 0.94185817041969 0.263212649410917
