# command_history: dirgen -cart 0171 dir0171.txt -force  (version=3.0_RC3-1000-g3151ed7a-dirty)
-0.895807599527072 0.391260064458732 -0.21081818372544
-0.1531942641263 -0.969203931572727 0.192808859917719
0.379302789608665 -0.865628641331475 0.326827858515321
0.800191618196026 0.262302345885626 0.539342983185767
-0.938054725346791 -0.315887932292098 -0.142366240684999
-0.30952139361183 -0.797145964628969 0.518415680677524
0.836664715340149 -0.501139398996223 -0.22102365682997
-0.326831829213143 -0.658191017406572 -0.67820759360132
-0.538275093840179 0.491463702841581 -0.684633735759923
-0.50691730949523 -0.558664517785451 0.656451672175238
0.0127009264143454 -0.335553047261343 0.941935687264181
-0.942186763489659 0.332871029461172 -0.0384835088101609
0.358821231904464 0.0920766220379898 0.928853712491174
-0.663224026689568 0.319645310462064 -0.676727985176678
-0.0440742387709479 0.79208470592249 0.608817936759788
-0.654361001084594 0.0921239202255931 0.750549707602259
0.030327689934331 0.0787173630566662 0.996435551341206
0.504105463469133 0.395918730883303 -0.767545464605404
0.453161431347777 0.714347906904147 0.533246458066529
-0.900342694267923 0.246245813987643 -0.35881197300528
-0.0137572781303368 -0.474476899647497 -0.880160445032236
-0.296798717654501 0.950508404366309 0.091892842091518
0.202250615689244 -0.603124225741634 0.771580103927568
0.12128872471424 0.863222120284226 -0.490037362156397
0.18835341212751 0.572208357454592 0.798185810321783
-0.146300953129 -0.739778242675472 -0.656752756200944
0.852912101132945 0.445941059958292 0.271436030740688
-0.208268056238183 0.940662948138062 -0.267913483705055
0.928392322281374 -0.338218847497627 -0.153934099946615
-0.896401056120667 -0.0998276091069278 -0.43185598878069
-0.966255581813337 0.189611865322115 -0.174348762954138
0.795989350683496 0.0692358972074464 0.601337961662448
0.180105352395788 -0.431109083513277 0.884141968323375
-0.195423110129672 -0.192815276290658 -0.961577910133237
0.0072125094688232 -0.947071996140769 -0.320940202893159
-0.538534300116346 0.759167922476245 0.365574716140628
-0.0422605644038457 -0.999053176715213 0.0103341565456623
0.091794766553153 -0.985740139222294 -0.141032261413706
0.864985764483138 -0.0949439092478644 0.49273246426256
-0.526673981307417 0.374986261575319 0.762889127621807
0.751221321773736 0.660038774211643 -0.00391691839508572
0.881379829294109 -0.325404094546369 -0.342464263487366
-0.365174625702133 0.488717054398074 -0.792340288943947
0.893904142720508 -0.135967915811193 -0.427139449708259
0.680507887120097 0.232174440112955 0.69498492424338
-0.346802025603042 0.930234857149741 -0.119964434651391
-0.948124238403416 -0.035670727913624 0.315892430618486
0.674287844467279 -0.442509633578427 -0.591203118220767
0.661850413634391 0.431195088324036 -0.613208631525366
-0.0299107247566509 0.6908300218884 -0.722398248476701
0.600759206059699 -0.779815502576678 -0.176000449646025
-0.1584692337118 -0.43204235948462 0.887821435637683
-0.984317569665425 -0.176102468386001 -0.0103364731078518
-0.95729439954759 -0.204297775565552 0.204572362487672
0.167842187166431 -0.365563874032941 -0.915528292413302
-0.877573850228643 -0.393717895480469 0.273587931337085
-0.932843702533263 -0.351365709311594 0.0796540329424311
0.345215518016034 -0.28369524557397 -0.8946190551065
-0.0148972036270514 0.531040571627852 -0.847215429869675
0.79926207892293 -0.299583667942325 -0.520989208235658
0.318263718294475 0.931057380688777 0.178438671487795
0.874939043101839 0.481779200879397 0.0486874979440043
0.744404079933444 -0.128439203996885 0.655260205304037
-0.196226681499944 -0.391105056027512 -0.899184032674756
-0.650218476931473 -0.267571609940616 0.711070577235975
0.49530144106459 0.847750578878241 0.189724638597488
-0.647083327153496 -0.582202545508361 0.492263510453036
-0.76753967134434 0.637067205863779 -0.0709100001800805
0.792167802430103 -0.113585404394422 -0.599640332784259
-0.387888124296981 0.639293951776645 -0.663962383159747
-0.427815236879146 0.87496408754542 0.226742075054126
-0.509958516686596 0.00633301865891369 -0.860175682133291
-0.666124603141046 -0.0371286047111783 -0.744915753493229
0.206698537540886 -0.867063861420001 0.453294578390142
-0.16674753966816 0.984654177510425 -0.0514918316423503
-0.531304060651091 -0.186489904617677 -0.826400333138456
0.148318807558425 -0.178941070529043 -0.972615866929163
0.713539453819473 0.603711723332919 0.355518780029136
-0.538858719638425 0.753349649514996 -0.376955681539978
0.0215885697760335 0.287922511846097 0.957410340881724
-0.622316743515286 0.610411472774623 0.490020106368755
-0.687217255618448 0.474515838727692 -0.550061053317542
-0.242920337851399 -0.970021833364911 0.00688129737322644
0.453506187030793 -0.707687282782813 -0.541766414714192
0.616986270406193 0.589986517357765 0.520810763585307
0.597672034585093 0.719973639271192 -0.352740836634364
0.502535106688085 -0.325277206212348 0.801032587142798
0.995315226095571 -0.00565337746252522 0.0965175633011347
-0.479907201151869 -0.215780840317293 0.850369159385818
0.235143427595808 0.907289747930837 -0.348615664820291
-0.958846159984985 0.153787423196558 0.23867021169097
0.755184685573675 0.570321947382989 -0.323154710639137
0.426844921127381 0.83107142455644 -0.356544107500726
0.0102870072123948 0.641927874291562 0.766696016482497
0.484142249544604 0.703707951122956 -0.520001347817698
0.0502718953897873 -0.821298746817625 0.56827907317595
0.772281477057818 -0.481805048074221 -0.414059435158278
-0.358520004314433 0.45987297411801 0.812391687661952
-0.614520674783031 -0.0926632898108741 0.783439758364122
-0.181719812660259 0.221824344661171 -0.958004107403701
-0.265932479332903 0.779236419820233 0.56751257119257
0.224669173634641 -0.933099111844625 -0.280802083135256
-0.383004613414949 0.771485323338394 -0.508053010990309
0.15497092294538 0.023196611942892 -0.987646662646024
0.393100844910845 0.843864068583115 0.365191948822439
-0.749505968416624 0.65077217537321 0.121393488572815
0.0153501905599985 -0.926402264204145 0.376222296690675
0.339838102134183 0.506632063085828 -0.792359777494564
-0.801310036668204 0.550993386842172 -0.233041869180185
0.326264642522942 0.328723407309479 -0.886280037305491
0.531125854767363 0.827654705217564 -0.181364316580925
0.590830204052113 -0.160858852084662 0.790597305640326
-0.22040008229229 0.745579914394892 -0.628915252618711
-0.529626804066012 -0.372430629605278 -0.762096368280704
-0.633358130271892 0.773532350956945 -0.0224762283649853
-0.604081702213618 -0.796921674115301 -0.00106881989319581
-0.700295528392655 0.642946679879135 0.310170501088756
0.352354586262375 0.918462951835101 -0.179644236328986
-0.0332908069024965 0.980005485216769 -0.196165672636231
-0.832225096019585 -0.535886374361886 0.142222302500224
0.322271162923859 -0.0944327976591731 -0.941925551343611
-0.497540132809571 -0.551628446470328 -0.669447438779601
0.520304086615278 -0.542102871651447 -0.659854630959498
-0.353727564860957 0.842434951719164 0.406423623795994
-0.787065537296977 -0.255703104222416 0.561376667212347
0.772661234941361 0.440837632639003 0.456789664581119
0.334299580947721 0.663839217701239 -0.669000211674096
0.351452437489968 -0.622528876942092 -0.699241718975333
0.0153362157185954 -0.125480370632815 0.991977558754876
0.689475403237096 -0.605691462831057 0.397192044462899
-0.361131312668385 -0.479125982526883 -0.800014042300545
-0.650917237475148 -0.735815410174524 -0.186768391617584
0.98672289756368 -0.157566966325731 -0.0393773354411004
-0.755628143077841 -0.0788490911651051 0.650237595199763
-0.796829760246747 0.285382119329658 -0.532559272900232
-0.175303065983953 0.534657639328171 0.82668618215418
0.514288478421958 -0.838862431644054 0.178373713698663
0.2058000256476 -0.0245389411105446 0.978286353688234
-0.475677191226186 0.879149636496172 0.0287598052117126
0.663521121922136 0.418454646085348 0.620189833787024
-0.158525108062222 -0.232561177349561 0.9595754732712
-0.950093065314762 0.0471849083516128 -0.308377612132672
-0.783332212246361 -0.596454465966757 -0.175022042284774
0.509543598330429 -0.195918146610254 -0.837843303505663
-0.674817112304403 0.271035507435475 0.68641213469048
0.170044067514384 -0.685373484959178 -0.708059461640104
0.324958593622836 0.119583994942927 -0.938137293035597
-0.662930495930555 0.713664993792653 -0.226286177660503
-0.36913483017631 -0.291722395520569 -0.88240439771255
-0.787408971836738 -0.420052528940094 0.45115738274137
-0.548300379062637 0.637183664468444 -0.541630567872913
0.690420281740596 0.700344436891707 -0.181211214542792
0.162072700826383 0.603842148814027 -0.780453136941931
0.0825191752722237 0.86885909092422 0.488133655703773
-0.88991450255208 -0.232800458939614 0.392244980165443
0.478310014173485 -0.00432689466978836 -0.878180396230682
0.121129771032968 0.977951898629638 0.170110736099127
0.992723930458739 0.0225738332031591 -0.11827772380744
-0.337813659365882 0.312417010624312 -0.887849955239285
-0.867780381534895 -0.0589240111775226 0.493442165131745
0.866661150134625 -0.498796100092356 -0.0100449678937031
-0.963475195623868 -0.138946584685208 -0.228930980913169
0.434441908731383 0.900696549053109 0.00244017656174332
-0.890996992737731 -0.279926654198429 -0.357442900617138
0.379625268398328 -0.130852109134986 0.915839713666329
0.137835637469574 -0.88088287063642 -0.452820831303835
0.14676046624852 0.747805518049502 -0.647493839909873
-0.810499043524235 0.430908307881672 -0.396748447564517
0.206148157751741 0.91531348875243 0.345982881604594
-0.275234225003156 -0.806982807385099 -0.522517817851006
-0.563070993550398 -0.739223885708939 -0.369457850125756
