# command_history: dirgen -cart 0080 dir0080.txt -force  (version=3.0_RC3-1000-g3151ed7a-dirty)
-0.701892254804795 0.712266289715242 0.00489848755476128
-0.0739672326476904 -0.178139650987261 -0.981221235624555
-0.306399595607041 -0.293577202951899 0.905500808237509
0.453876655313713 -0.890523268212891 -0.0310530277536532
0.483893469499868 0.367287663668991 0.794321649139664
-0.706848426205027 0.478494975633217 -0.520968195445024
0.449108685386572 0.791589478794725 0.41435188641038
0.887657276313791 0.434149452983314 0.153553939322541
0.584045375912591 0.104792834450313 -0.804928233274861
0.789418044819868 0.552507090608063 -0.267497785674183
-0.683645008173949 -0.67588773771139 -0.2753275663827
-0.294120495542825 0.676649164121807 -0.67501040199015
0.198851944789959 -0.658532774169207 -0.725804718500961
-0.108582818053662 0.839880692429216 0.531799016648344
0.514131164689264 -0.826429852327213 0.229527437744777
-0.346546060575923 -0.125834419978231 -0.92955447750417
-0.294269448433472 0.858866719385438 -0.419229591096282
0.904348856303413 0.202457606682916 0.375718063977412
0.834472925227552 -0.226944993647117 0.502146300315638
-0.350349539494545 -0.635813431355976 -0.687747395984383
-0.201801987954712 -0.772283645496432 0.602373578899563
0.0604864051005423 0.947948901210633 -0.31262481586011
0.033270934781252 -0.628991516716031 0.776699888501375
-0.887754951878393 0.374518949192612 -0.267631653791278
0.770309680311282 0.178761877038357 -0.612100635301462
-0.365067967359336 0.456943262262943 0.811127754598881
-0.190284274273426 -0.841905501734658 -0.504962395741652
-0.577203960807586 0.772465776642779 0.264824869571766
0.884354299976719 -0.466653492360904 0.0123284297482701
0.707349499853675 0.296371075403182 0.641732709717307
-0.816214063536718 0.33144745545933 0.473220019393109
0.585764336951645 0.575710914979778 0.570470931712341
-0.425224744966233 0.700825145402982 0.572737314865455
-0.582526932960845 -0.702679298631846 0.408539074813521
0.00373974665635554 0.955210483024269 0.295903611697272
0.573173764783827 0.804450929922629 -0.155982488472749
0.535940609260269 0.382273124550503 -0.752751566980851
0.433691992686377 -0.187643243778186 0.881306568989543
0.938643142281138 -0.260995822988284 -0.225455609447315
-0.889923412052761 -0.265415643257656 0.370932415669616
0.0837998442918716 0.0731176298704764 -0.993796457177617
-0.055148721374636 -0.9983071716166 0.0184772733271608
0.0188113003845098 0.363498384466074 -0.931404884820988
-0.336308265955917 -0.863744884550654 0.375288588505301
0.655400285770571 -0.592944450236189 -0.46783260291044
-0.763117380767094 -0.646257703284686 0.00168645082117663
-0.805866914104332 0.541551801394374 0.239374524873618
0.898796198970276 -0.0379517553019675 -0.43672079980931
0.056649474283296 -0.834340420143258 0.548331013511544
0.95197374988673 -0.0679747193434658 0.298538803268142
-0.351236436093136 -0.0187337543664558 0.936099360328769
-0.733124330705576 0.626314239305487 -0.265064500396962
0.984148261621068 -0.173241486093505 0.0379418850921281
-0.519402022121739 -0.846448153799318 -0.117247867125912
0.250053935755861 -0.428945370840726 0.86803162272311
-0.591085481392803 -0.0656068518743601 -0.803936374767167
-0.226210552699295 -0.421363394856094 -0.8782264373855
0.32808745530551 -0.876085977337086 -0.353315697336642
0.510299465686169 -0.198690641531764 -0.836729636315164
-0.209124819412217 0.961313572884336 -0.179284758120038
-0.214465372714081 0.230376180108923 0.949174072309727
0.710638381942129 0.457702577093338 -0.534323348762518
-0.084741105709515 -0.675802375216116 -0.73219539376821
-0.525026238554063 0.69192986802867 -0.495560800063525
0.268517798616105 0.940730324574954 0.207182644667605
-0.18487521398055 0.129902293553284 -0.974138875820713
-0.80358966867807 -0.0356481664114788 -0.594115184644669
0.450665306255662 0.629367311049972 -0.633085752105683
-0.236488481447528 -0.546118029635737 0.803634429233481
-0.928763582603858 -0.354232561783601 0.109167301886017
0.498187269862647 -0.469748928461815 0.7287972203266
-0.985148027128194 -0.144150592959126 -0.0932950759416552
0.203702476650959 -0.972778285302812 -0.110488500078459
0.735644830606302 -0.123540354642571 -0.666006354306783
0.787947345016298 0.454080275967174 0.415872678183289
0.315943976156081 0.94344796292651 -0.100425819292176
-0.0534963776369429 0.454606276662664 0.889084512742538
-0.608577805077423 0.417977897452803 0.67448315946959
-0.983341904507674 -0.0452388697659362 0.176045856246381
0.657040023257092 -0.220523165989749 0.720879976903353
