# command_history: dirgen -cart 0172 dir0172.txt -force  (version=3.0_RC3-1000-g3151ed7a-dirty)
-0.268690158265752 -0.62217882432138 -0.735322452681264
0.161815762919621 0.50882894869085 0.845522773108392
-0.718288540930994 -0.278304642509833 -0.637658292445647
-0.820688191298882 -0.122066133635601 0.558185230619573
0.588815969359267 0.41246414211752 0.695103651044047
0.855210971705875 0.407142937545418 -0.320700518055056
-0.480543711246841 0.822996264741885 -0.302910696083876
0.624983012506019 0.171459285934577 0.761575962951632
-0.642990795552709 0.729230415675289 -0.234063747061649
-0.0808732651839678 0.987798727827741 0.133090902320107
0.860203208497481 -0.509710449346953 0.0156747541341845
0.340841262531731 0.420945956492517 0.840613903922827
0.334670610404685 -0.0129962697424979 0.942245551596894
0.0665837067800375 -0.534147258550238 -0.842765279407437
-0.30583881366837 -0.945933169738235 -0.108041929096531
-0.245353060268698 0.765667495110815 0.594605047697641
-0.358366295783038 -0.194609492494883 -0.913072145822896
-0.645066990856127 0.0382309053967036 -0.763169034474257
-0.901813067068655 -0.215812105779756 0.374377252331299
0.934441981189115 0.308582154159161 -0.177750493461634
0.780041887668167 0.514605112946722 0.355972233765746
-0.743844644318892 -0.491465258928838 0.452942650215357
0.246422328995077 -0.572723967759375 0.781833289471995
0.888076071130556 0.32246893749251 0.32761971283451
0.681793855689721 -0.516398772762483 0.518159672140882
0.175356838074455 0.110640026794597 0.978268247369514
0.115684084803378 -0.871917389709034 -0.47579119164418
0.964661831682275 -0.0837898094120413 -0.249813567153772
-0.519809768380873 0.772242491286449 0.365293497543443
0.81756377157396 -0.403044910737136 0.411271539665287
-0.440922375740841 -0.858518271557457 0.261789678889464
-0.360557414518669 0.917744368439291 -0.166564176921626
0.919794317369805 -0.270770110231664 0.28401049476973
0.998730279726997 0.0021157953702103 -0.0503324126819475
0.742534361462531 -0.579444107871436 0.335986975789996
0.861063324407274 -0.210341752102431 0.462953883970286
-0.548369512646091 -0.368881937675109 0.750477843548593
0.114910307533823 0.53660939725595 -0.835970080803786
0.537510661181103 -0.54541376132142 -0.643122164194233
0.214959578999395 -0.975688021754869 0.0427231038253683
-0.947505963661325 0.0747413323885179 -0.3108796906506
-0.697894265319152 0.464375423552636 0.545251373620417
-0.865731736631812 -0.465546688581346 -0.183779326746538
0.631708495587045 -0.238287188439282 0.737674448811164
0.979702900394388 -0.186310942664089 -0.0739625554077346
0.00549217927362547 0.950626921999389 0.310287433095178
0.450425963637498 -0.431703540660961 -0.781504001436987
-0.42699514301609 0.511611593517862 -0.745606280297305
-0.522105649353541 -0.584361765234878 0.621230245758121
-0.768465344039496 0.130412867518392 -0.626461091366327
0.196970037622239 -0.929321959893664 -0.312351563368096
0.807996420021171 -0.0735521188954444 -0.584578370313992
0.768586930588406 -0.625940348117583 0.13218475981418
-0.475875507922898 -0.768450172683093 -0.427816354365339
0.741636104587736 -0.328203725492108 0.585028377897201
0.380208190670872 0.921470813084732 -0.0795818596147638
-0.0261591348576019 0.0210201764690388 0.999436767306823
-0.0786944925401773 -0.359790379633073 0.929708588519722
-0.272844785314573 0.952087711532091 0.138147430943288
0.0527413111457828 0.969564886511004 -0.23908635457409
0.118648219516242 0.902349897995381 -0.414351615893254
-0.0130381401175751 0.998379859501997 -0.055386487910388
-0.763589049492701 -0.0727498598838325 -0.641591163734131
0.288341835360362 -0.397951599338117 0.870915329159645
0.223792262524248 -0.824107047702733 0.520350456097583
0.849140320477544 0.508293448560146 -0.143521727588987
-0.469134153948144 0.32796344317414 -0.81997141751449
0.186324056997424 0.980292032870241 -0.0656572621661238
-0.195182264671011 0.157832210854194 0.967983923820418
-0.565479435970414 -0.166873889741199 0.807704223349875
-0.204640933712942 -0.933094722744065 -0.295730158482817
-0.808668718833114 -0.587180246539836 -0.0356967961339468
-0.11289811316027 -0.985958859816888 -0.123041223959426
0.0835982931221354 0.710480775877601 -0.698733420193588
0.340023668338125 -0.684929652412883 0.644403038645421
0.873614864902183 -0.0143463350230086 0.486406466335871
-0.552131686542108 0.0331913392327179 0.83309599429844
-0.170954229728853 -0.767566061506892 -0.617751562167683
-0.670909332823485 -0.504197873751074 -0.543751019525703
0.563431100576747 -0.815063716251236 -0.134968638407596
0.560558705113381 0.822281066479148 -0.0981212812366605
0.827469072206065 -0.377793936262528 -0.415411454182114
0.422605122986833 -0.905918975484742 -0.0267529415571347
-0.204349187441679 -0.306024121349169 -0.929833666170673
-0.735792347080657 -0.642760963661545 -0.213232186994412
-0.883428735198925 0.17703530134862 0.433834267781178
0.35729736661847 -0.614178221247833 -0.703650271336801
-0.202333873035133 -0.79321113053688 0.574349289383219
0.518219538821802 -0.23338044711942 -0.822789205377452
0.36305576964592 0.718218830511574 0.59359263777897
-0.311539534906503 -0.850968986549094 0.422841462160285
0.261072419539566 0.626604698201641 -0.734307663004675
-0.398170674308781 -0.875187901141183 -0.274784009390252
-0.791517021165296 -0.368650638373 -0.487439752208205
-0.239170023063629 -0.233113855575839 0.942579243568577
0.719232284177257 0.685432805804193 -0.113519998786805
0.591633053900253 -0.684918164371495 0.425273368137064
0.491027360601351 0.866657282906306 0.0883022373800929
0.151073657020949 -0.963120757681642 0.22265479172265
-0.160263588535531 0.660367185477693 0.73364212156472
0.0312819174508005 0.389275234725357 0.92059015488442
-0.987469182285734 -0.0639628655600882 -0.144268381377508
-0.00159014171252141 -0.209117110516327 -0.977889311496264
0.594338760621284 -0.429585998253086 0.679865654175923
-0.77485820404041 0.620585548372127 0.12028441620982
0.092874251153078 -0.452620926492735 0.886853240606141
0.0488636863599822 0.171092570995398 -0.984042515496916
-0.287336714095449 -0.843751369115372 -0.453344504597515
-0.26835414095526 -0.426611140680779 0.86370654141277
-0.620008640244915 -0.635337257998377 0.460364914628336
-0.91743165501096 -0.397855998610823 -0.00545552501930337
0.41123549508172 0.507213241559624 -0.757377115558341
-0.00576766235177529 0.82879393230713 -0.559524219173648
-0.578165669390764 -0.77691098872274 -0.249266472554543
0.491009420208078 0.301608087929892 0.817277376759079
0.607035420040695 -0.636549063520133 -0.475723962553557
0.941041414138007 -0.324443155071608 0.0958002922976801
0.411866097032656 0.293872585976914 -0.862557372773735
0.381033770496463 -0.100897433241559 -0.919039157874415
-0.125079365173735 0.275974591632378 -0.952991698379937
0.700650658921779 0.0443738006453795 -0.712123317950453
-0.847702129059298 0.47748897935509 0.231096029785821
-0.529758297727333 -0.625473128311652 -0.572834628622497
-0.160069679540808 0.35011897159319 0.92292708456423
0.664907809240562 -0.702207870345349 -0.254561803961172
-0.330283416945406 0.839710248467822 0.43104473446381
0.43734633906885 -0.71165423803481 -0.549796712604002
0.850029212518853 0.180924275818796 0.494688532598062
-0.41745156773679 0.769223229366833 -0.48376627827553
-0.478261893534897 -0.758177355182153 0.443207241909934
0.675513594211545 -0.157763185844693 -0.720272282701156
-0.654889019461671 -0.441652726995559 0.613239953791269
0.859679952463744 -0.460820683808749 0.220442003043823
-0.910868353920849 -0.0196856533849492 0.412227263625697
0.442356407195724 0.533578363394393 0.720843213972534
-0.402781252535516 -0.0968649609536482 0.910156273364838
0.316809053203769 -0.21037832987421 0.924863764090403
0.0888289654880588 0.876573263240513 0.472999713596319
0.620176603270831 -0.357569339764047 -0.698230010824626
-0.499330550227083 -0.068481498173999 -0.86370092394171
-0.251772693789072 -0.935389090890868 0.248309805091441
-0.543469569912634 0.833234016011108 -0.101793423859195
0.696922213628081 0.244558136386583 -0.674159288357623
-0.747399258435228 -0.598706317879768 0.288001898294649
0.220568311576543 0.0376520227353809 -0.974644522434825
-0.0848164484667834 0.913392920642167 -0.398145127548051
-0.924422041981809 0.369335035167431 0.0950553528006451
-0.968984255907573 -0.111596005423526 0.220490007430631
0.980383297569639 0.195615948260349 -0.0241451989572573
0.344122940739173 -0.297993620363491 -0.890381493450804
0.767354067406275 -0.273617115882035 -0.579915001643727
0.0606194223546565 0.65768483622359 0.750850146057746
0.98354414145251 -0.132453684813432 0.122869618676828
0.641508730021977 0.654805779233473 0.399619745242943
-0.143057068542911 0.731276590357942 -0.666910206500374
0.798918281456918 0.312630644586837 -0.513801186860389
-0.411384227856556 0.876988372690775 0.248303063283663
0.0329626699375801 -0.779763990970762 -0.625205230924962
0.677744493998457 -0.735296585657392 -0.00115411236745584
0.922574625343866 -0.276846536566659 -0.268723009551973
-0.375413591847573 -0.706126164733923 0.600375278083854
-0.607050572965007 -0.743599721669515 0.280266044671623
0.055287854926401 -0.612459069690493 0.788566510226939
0.148638213208942 -0.0860488722192623 0.985140737744535
-0.743462221698444 0.561179018403356 0.363788447055509
0.520211319366146 -0.611582677450254 0.596109731380148
0.951413185667441 0.264855579429868 0.15704926673818
-0.265394479021067 0.49256355238708 0.828822609105807
0.29327215717702 -0.889170705241593 0.351236243524079
0.492463145180012 -0.134251660880193 0.859916590251822
0.659944062096382 0.748557082443442 0.0643127454513372
0.937287559314195 0.124397161347239 0.325603097963745
