# command_history: dirgen -cart 0110 dir0110.txt -force  (version=3.0_RC3-1000-g3151ed7a-dirty)
0.936176124186898 0.172970054679634 -0.30603206480126
-0.90641802133973 0.0506713822360885 0.419331350620071
0.399767649823981 0.450791903553339 0.798105560590181
0.454717284961197 0.783368197478702 -0.423752826464305
-0.240337677044485 0.211095566386965 -0.947457895024696
0.765576902325037 -0.348166334789802 0.540991876043842
0.445251174270962 0.876308819120392 -0.183940874582442
0.0275788815381308 0.279631472239609 -0.95971123001985
0.518380029433047 0.724505203982093 0.454284442269224
-0.793015501172573 0.600129372039786 -0.104743265726948
0.440329999968007 0.187699063204556 -0.877996897944581
0.671873832827735 -0.487304943515125 -0.557780821458653
0.670664584507722 0.423056423316445 -0.609288337142425
0.425583550885932 0.902321012915548 0.0685232140692472
-0.590336607140504 0.400047812735078 -0.701045246610886
-0.26627504469393 -0.799241224562521 -0.538805220402556
-0.757695378572686 -0.328382487835197 -0.563970438030897
-0.799687066089992 0.495099053482089 0.339672671213803
0.0460150824552529 -0.604383623399941 -0.795363469083535
-0.835357168560122 0.102229785269438 -0.540118016676893
-0.199222967630532 -0.118177064586874 0.972802338902469
-0.289564525832774 0.313792624562721 0.904260235855409
-0.67587060823133 0.161026353370232 -0.719214456507443
0.0205151895000278 0.786567621777084 0.617163271243292
-0.423957196765584 0.615622271713887 -0.664281200908547
0.276937355358547 -0.537875261794615 -0.796238597379195
0.63232800978129 0.77470069172265 -0.000355373719039991
-0.98363246630238 0.0369803671458745 0.17635085392947
-0.235595554636731 -0.96561283761861 0.109938994272039
0.446249799311975 -0.762512645219159 0.468439518502554
0.262006177656566 0.365214441246762 -0.893292323248449
-0.858806168493411 -0.3860174402739 -0.336812263378359
0.792510886150302 0.548394752149582 -0.26681396355525
-0.588885905933294 -0.27392473676033 -0.760380581277499
-0.653395861183969 -0.216366673818801 0.72543732399722
-0.911216042561956 -0.401897486999678 -0.0903533824550618
-0.959185649320129 -0.187253737571961 -0.211893671221334
0.985740639802985 0.164962933773832 -0.0332057453090963
-0.369925896012882 -0.236597987156775 -0.898429865895179
0.628001774947462 -0.577974642709469 0.521113311140389
0.736054325363162 0.0886181526888464 0.671096753924646
0.634549447192529 0.73524747006599 -0.238239704560801
-0.791880352510938 0.505913227841795 -0.342019463191568
0.465180696316326 -0.637122870367828 -0.614557863694639
-0.968748008646471 0.24562884955797 0.0345508901234933
-0.773719308572505 -0.601448633929347 -0.199042639368071
-0.680783987727951 0.263835469949203 0.683318378832234
0.0137710659766283 0.99957347597987 -0.0257531330014109
-0.916704096419483 -0.368288026900303 0.154975897640957
0.478569048482368 0.41630936983166 -0.773083549446661
-0.922322560275506 0.273492040048998 0.272989374951981
0.383436363113023 -0.424786003797415 0.820081341343943
-0.407957477080359 -0.641293576481147 -0.649856326935614
-0.186745076040355 0.618370120497157 -0.763377148368363
-0.64191066186788 0.705612875729211 -0.300101935657691
0.224560452592476 -0.890842055017748 0.394934217488454
-0.946395005239966 0.0405855042642997 -0.320451729439018
0.185640170242243 0.639305145060763 0.746208187231464
-0.993505670947462 0.059555263115221 -0.0969518046789787
-0.597481289595681 0.000906986530319562 0.801882339223477
-0.435253130700313 0.900301984611744 0.00332396145159429
-0.876276809783732 -0.148816490974232 -0.458249500435475
0.648323373304842 0.608825620903878 -0.457174110113027
-0.0477289080774167 0.970446933485083 0.236547459557561
0.826207280285412 0.373579501723141 -0.421686952484508
-0.14774978865933 0.878537450136226 0.454248773976619
0.196209724062167 0.968739943372258 0.151804697880409
0.227360738426485 -0.731224654975751 -0.643131089730357
-0.598063190373733 -0.494853784992725 -0.630428546148067
-0.472927504032465 -0.622355826915468 0.62370890697022
-0.223876949671086 0.959064311601818 -0.173420753134396
-0.772730144532908 0.0445137283812582 0.633171897446302
0.0620081634889787 -0.386342233625792 -0.92026880104552
0.314235565418033 0.012706223956414 0.949260007215715
0.212857045886907 -0.975189994377946 -0.0607976387817958
0.0191130033660127 0.866336391077144 -0.499095131811322
-0.913158620154291 0.380749279419594 -0.14550367919531
-0.125705443538395 -0.201159165450317 -0.97145927944518
-0.545520426211943 -0.0397272977198064 -0.837155425474518
-0.47473336794219 0.196902223769079 -0.857821510360435
0.171082285318323 0.432998235000561 0.885010384197077
0.80191972228383 0.596348826819922 -0.0359560254022415
-0.824161917581431 0.281221171035487 0.491601247526823
-0.0655969717952858 -0.524078230951832 0.849140179907703
0.706112941234483 0.566495915998502 0.424837488197789
0.358888437874729 -0.0501350169778526 -0.932033030118819
0.152872209863191 -0.424793857671321 0.892289339808709
-0.112876769646436 -0.910143257360116 -0.398620227730735
-0.0385631119575732 -0.718360517392223 0.694601362976006
0.211980578503661 -0.775423494890967 0.594796299507934
-0.0120030021283259 -0.962044547210816 0.272628349813154
-0.875691748074943 0.47226709973839 0.100636717246439
0.402428738814032 -0.796287887149939 -0.451637809483256
0.276336629074372 0.591816066841653 -0.757226393134767
0.900772717657169 -0.266846699642722 0.342638804011316
-0.450504371457017 0.859215275320439 -0.242476642079482
0.497049340328187 -0.441482697294745 -0.747017390204988
0.62325544452717 -0.673367054371539 -0.397654952130911
0.820576237494258 0.171667594203102 -0.545146655094101
-0.501605387753728 0.217508895456154 0.83730634499798
0.240540032601247 0.902074320391708 -0.358332824628206
0.63106250069321 -0.773866720914448 0.0537626122872792
-0.316625400205879 0.910945770645929 0.264435547698796
0.730810402869511 -0.665075055267552 -0.153594680632388
-0.592980632636079 -0.77045128358875 -0.234048689240002
0.365256003106864 0.876238184829267 0.314316235090571
0.541962185192138 -0.813687052004495 -0.21021505945578
0.121268783245038 -0.137511416731056 -0.983048570762852
0.254418954143546 0.774736017803881 -0.578839441028243
0.056344582450661 -0.0401261817878076 0.997604720098894
