# command_history: dirgen -cart 0186 dir0186.txt -force  (version=3.0_RC3-1000-g3151ed7a-dirty)
-0.208894785336423 0.600548796535817 0.771818703866803
-0.663358035683622 -0.695385770867251 -0.276395995212169
0.746443996009663 -0.432259852079502 0.50593752687593
0.92894966543111 0.248614766645249 0.274304970610009
0.573051260183706 -0.00858437532240379 0.819474564402209
0.565774427628164 0.0866627295552697 -0.819993212379257
-0.956835889783961 0.271226843492306 -0.104408234304275
-0.405557548246845 -0.772121787247443 -0.489235138474152
0.0514010447933956 -0.968994154148427 -0.241678012695243
0.390429150038516 -0.04300182089047 0.919628143436414
0.821429254371876 0.342521701876932 -0.45599656117716
0.689635234885106 -0.718967795848626 -0.0865364162508115
0.859401665289526 0.236332779337984 0.453404449810513
-0.901710766613125 0.431529666050679 0.0264545023041263
-0.984475816443773 0.0758364434300967 0.158291505410874
0.262344254161305 0.750321195931299 0.606789580698922
-0.295575311563325 0.515179178642375 -0.804503355547764
-0.17170392008695 -0.563463069726973 -0.808100942259462
-0.206099996643742 -0.066716862284392 0.976253886891302
0.297965793164982 -0.44813337044404 -0.842848069581955
0.657590506041929 -0.152676036226744 0.737743013742326
-0.792174755598041 -0.564674325662092 -0.231521192402005
0.34958536971673 0.280093386385996 0.894056913279486
-0.840363777242983 0.269815723776186 -0.470093817339729
0.193135316177835 -0.0570483324111984 0.979512244647299
-0.452465344733565 0.707284363147732 0.543161064014941
0.430416866996151 0.563455242529061 -0.705166299727756
0.491815950380135 -0.186647385475081 0.850458596550709
0.192071932806586 0.389994399730508 -0.900562458026529
0.210802634698904 -0.658771212851284 0.722206852863117
0.888111777305876 -0.409037435654351 -0.209632648325378
0.630557441450989 -0.404120073416177 -0.662634348108281
-0.469681305735029 0.439123700952542 0.765878480115991
-0.299256506371663 0.214857111177009 -0.929667663829875
0.914113177430938 0.404120778271418 -0.0329164915569221
0.458681534624692 0.803063649041314 -0.380394565395968
0.545590243151181 -0.264096382548058 -0.795351738102875
-0.997038193361161 -0.0719809166253176 0.0270848411642311
-0.72980392949184 -0.676112390714142 0.101283066803273
0.480055435130162 0.489497568642874 0.727969030587638
0.376437129931651 -0.885898690417266 -0.271069359252931
-0.713654556811936 0.485453510930433 0.505006992295033
0.846692143064913 -0.368106916947204 -0.384200094440084
0.200002475895065 -0.384308978328726 0.901279989133108
0.377246031136181 0.405809029022714 -0.832468896689625
-0.967208736070185 -0.109637301273272 0.229100246702243
-0.278254949936803 -0.110720395875542 -0.954104384631383
-0.934275852091883 0.224045286752312 0.277366799891517
0.994084383275098 -0.100467241184262 0.0412622391223652
-0.263916089779078 -0.962001539886221 -0.0700095337240755
-0.965218130291687 -0.245580013090352 -0.0896906802670321
0.106945467342231 0.9924145064314 -0.0606309693100202
-0.45441711009516 -0.698905472111027 0.552300851987417
-0.331049189239764 -0.875195755476648 -0.352758875011465
0.641200863052906 0.361062229074614 0.677122972550688
-0.0490415149361655 0.938491309686985 -0.341802562095098
-0.111316812662501 0.106874254411551 0.988021488107742
-0.384294809549925 0.59693172206237 0.70426558807643
-0.621038966546708 -0.524567184898834 -0.582357167516558
-0.932658516650359 -0.0737191506980157 -0.353148096610919
-0.398516406295334 0.913919248743568 0.0770472626992386
0.962196834528876 -0.257339963660209 -0.0891818071468212
-0.0914616646289865 0.727501450881909 0.679982648946289
0.508682987791825 -0.778374139377418 -0.367933848782149
-0.621930524885401 0.642470970555134 0.447697972085774
-0.723996546464754 -0.5516277282348 -0.414168866707316
0.567848095837816 -0.33560119778243 0.751611852022282
0.803506380822822 -0.575619602643157 -0.151787908049171
-0.121409009432259 -0.961543485846655 0.24636147680703
0.0942393970068307 0.987032040724763 0.129948784659566
-0.696079823563247 -0.384762884509864 0.606160376411893
0.598986221826421 0.675537974191787 -0.429958081081129
-0.285502084373291 -0.949917148592085 0.127066795935012
-0.173377124176893 -0.942991474284877 -0.284090570484458
-0.191140577452856 -0.861107862306601 -0.471124749004703
0.594222985442383 0.802356442669228 -0.0558854406721708
0.476320972829617 -0.096250587890904 -0.873987502870209
0.0764699543956781 0.532358160712723 -0.843058203683049
-0.724819609406153 -0.0289251308504126 -0.688331221597276
-0.118104868066269 -0.669795600389461 0.733092827572314
-0.0987775403289465 0.554319446578478 -0.826421774078765
0.0215321475476558 -0.59170000348598 -0.805870630124139
0.299963905655898 -0.104512170753344 -0.948208237397294
-0.195191612218827 0.915200196956647 0.352574579358651
-0.324976433961342 -0.612819077052307 -0.720307639950131
0.625329747727603 0.177237578846841 0.759966806677398
0.451476839501939 0.870780865972576 -0.194703227629622
0.436877088348351 0.899508397457301 -0.00480131024468242
0.508738663572323 0.799396191054252 0.319610234370867
0.11324026613177 -0.44577583963606 -0.88795300715926
0.0426473542403492 -0.726474554833926 0.685868736971694
0.875009993330415 -0.170612913960649 -0.45304386670803
-0.100396350152562 -0.229559010379835 0.968102904462886
0.175221260774769 0.286118669397223 0.942036950864913
-0.394719907602051 -0.0728440645701327 0.915909349662689
-0.546260866161253 -0.407058117239459 0.732053792620614
0.535927378525614 -0.819051483705704 0.204784061846004
-0.75748472313185 -0.389735003915233 -0.523759029463987
-0.143019786189803 0.841803779888479 0.520491822148718
0.31250444289795 0.446210470277424 0.838592385717782
-0.723446472444173 -0.627258879249334 0.28839469466506
-0.396848554878823 0.356460083800975 -0.845841257652517
-0.885688818637412 0.435680935336091 -0.160428922346733
-0.655711929656216 0.698153812660577 -0.287442375397263
0.966507885054477 -0.102849660827762 0.23512646681124
0.130343046022166 0.895899627417805 -0.424705248314994
0.0739307760875992 -0.996438654694157 -0.0405493252518913
-0.716527795923369 0.294873310277439 -0.632169003159142
0.539170087075594 -0.63570682707062 0.552424155173089
0.842895216027396 0.408887498396159 0.349769450429081
0.216197897200007 -0.882366399134608 0.417956943864462
0.230423803574123 -0.95970190557516 -0.160863678876996
-0.839742163327474 -0.522163558252722 0.148923864987956
0.684747337667573 -0.721816070692331 0.10051190798833
-0.20524402687093 0.785292810822673 -0.584114792403026
0.0420981749053537 0.818811316102095 0.572517049783492
-0.263396908329061 -0.551072816393612 0.79179594575541
0.46533057974757 -0.507036671014345 0.725521375149265
0.332415602732265 -0.82639752270549 -0.454496426307594
-0.902492719337953 -0.186071490753763 0.388438272922041
-0.0114746749454403 0.385562374891976 -0.92261041989702
0.771862147546733 -0.541301096175226 -0.333499547921799
0.380753723485322 -0.6588155626924 0.648836386469162
0.964960353610489 0.242398895450945 -0.100470351069769
-0.293185222477699 -0.698176156652803 0.653140474631777
0.9372912239469 -0.0299414117109545 -0.34725879884731
-0.714271672554464 -0.521148713869409 0.467140231427897
0.395540776374264 -0.910346803825109 0.121721776977884
-0.38541339621651 0.865472484860131 -0.320021705462125
-0.373057024773757 0.780309498350064 -0.501941772570907
0.788747357942786 0.208486140489458 -0.578282919133951
0.00701388252255822 0.0602793525360918 -0.998156904053561
0.0627302828180218 -0.986014627695968 0.154402284915581
-0.779728099987426 0.308885003122401 0.544622938312438
0.582422381037849 0.552599895019913 -0.596169041539549
-0.468402430923726 -0.641935655817722 -0.607056650152698
0.845748532751785 0.0575716767331221 0.530466701486851
0.0856240321704404 0.112511089730169 0.989954433195087
-0.0396362894515331 0.853443889598898 -0.519675371616568
-0.388686999901076 -0.90253138636575 -0.185363191417874
-0.581937464625314 -0.674957390765434 -0.453631246627235
-0.239497539055697 0.970111447552741 -0.03904751097561
0.797889283214398 -0.120533313227992 0.59063052082829
-0.861225827454728 -0.0458130037217939 0.506153378744927
-0.297575161981653 -0.9006178048146 0.316759518598138
-0.895436573521263 -0.414691181171577 -0.161940010679946
-0.229490629636548 0.944654975253937 -0.234437686042592
0.693147915096996 -0.228152977437896 -0.683734002871666
-0.382719483442388 0.277692270235977 0.881142894225891
0.559552707516927 0.817622026584022 0.135628128185538
-0.911152563651191 -0.326950963799256 0.250806844050555
0.299065109036547 0.236368284146771 -0.924494507721095
-0.790918636952521 0.092637992430019 0.604868508090561
-0.636233023471446 0.0759013395620778 0.767754209690227
0.300916742459564 0.815698105526287 -0.494050316008755
-0.726769418178763 -0.0686275391645863 0.683444565175783
0.684092916651093 -0.587986412165506 0.431611932755035
0.55148390598821 -0.834127759815855 0.00981742026045481
-0.757042168282883 -0.212276069216901 -0.617920727827909
-0.0190085891172476 0.278560592434879 0.96023052955116
0.54277289826965 -0.819832747323061 -0.182405721732312
0.822921643352614 0.468430637485509 -0.321516262056452
0.807654900910212 -0.588517820824782 0.0366105941957499
-0.983267476715938 -0.0717851111263947 -0.167427497900565
0.206037344901022 -0.280931725274802 -0.93735050980957
-0.101923916865502 0.22342007876908 -0.969378658509466
-0.599486046825157 -0.761919655238666 0.24514264953887
0.66846329602231 -0.692706759500762 -0.270765890046999
-0.524838693684925 0.749605354523487 -0.403281735367249
-0.274014312475015 0.73345166093699 0.622064962546208
0.902862065324594 -0.100515991159448 0.418015103218823
0.0833631004328682 0.435000472022511 0.896562983189922
-0.479015677387917 -0.249454514880747 0.841615366911873
0.828248584371872 -0.441985735422797 0.344460291134928
-0.705302225385884 -0.703160147335401 -0.0900809528423036
0.915371573982611 -0.275351562644828 0.293728443453555
0.780825100846833 -0.581207813290989 0.229149819238504
-0.552637254999238 0.564003060644693 0.613589937963724
0.825000358403189 0.56352378694884 0.0426069264022757
0.0111073348537786 0.914038243205516 0.405475914291121
-0.129309699252712 -0.797013371788186 0.589956512693944
0.109332394162631 0.703374588522851 0.702360744779331
0.467095413557894 0.132645537085052 0.874200798515191
-0.616284912975882 0.480458368617819 -0.623981299450083
0.64569559398068 0.239778022135227 -0.724971516692108
0.502921447270846 0.3229116812051 0.801746882760571
