# command_history: dirgen -cart 0130 dir0130.txt -force  (version=3.0_RC3-1000-g3151ed7a-dirty)
0.960041528364318 -0.226703506497954 0.164090779623464
-0.26999903561235 -0.522520985874672 -0.808747389540741
-0.156816956997395 -0.952844297401115 0.259800282733206
0.901833628476598 0.174296950200961 -0.395369042414018
0.191702899886083 0.862942734467598 -0.467525224137533
0.546451604212349 0.716723577878206 -0.433241222839209
-0.873765503200688 -0.431033507176331 -0.225264202898997
0.526215960096809 -0.0332612939293532 0.849700211642635
0.887100521542924 -0.438506242801841 0.144100450041229
-0.415591433359817 0.740235258855388 0.528522016632449
0.699975320808891 0.709831933359526 -0.0785695656190582
0.847502699140578 0.51080564467527 -0.144280172987551
0.208795913176844 -0.86384201170996 -0.458455281838411
-0.366168019976501 -0.13296701900901 -0.920999865907888
-0.49908046082269 -0.499982695449662 -0.707768322176051
-0.271863573581257 0.309363053393197 -0.911254464216701
-0.532363608657176 0.591368768342678 -0.605699569098718
-0.237024622512434 0.20732542713476 0.94912354073968
0.401284272075291 -0.771349389250805 0.493954504673674
0.107999429749866 0.993276962111235 -0.0416773285225842
0.486204347207434 -0.258086271548183 0.834863347617412
0.657281810844646 0.345971818920183 0.66954023153642
0.556981363320617 -0.81433245020366 -0.163200555939036
-0.0235855532192536 0.908311541651212 -0.417628860332401
0.392659350017333 -0.861044102629909 -0.323143448286084
0.0615455904467273 0.980875266419392 0.184650621507891
-0.783646695873658 0.164823870243216 0.598941522892132
0.74638028520247 0.586731258305028 0.314106511216941
-0.915296187577992 0.147665663128645 -0.374736895618741
-0.0449460425072295 -0.561020191372431 0.826581029382709
-0.216235448556753 -0.657553445945737 0.721710258006872
0.237680564563388 -0.726946574218627 -0.644248886270385
-0.286530074223763 -0.95330087215341 -0.0954880291810108
-0.953217928530475 -0.219470858691672 -0.207865636681992
0.48922437944059 0.327464054793669 -0.808348191919212
-0.104698594880784 0.682722428374054 -0.723137808460479
-0.494887131094031 -0.597109492280241 0.631305775125139
-0.940441190004935 -0.278004252586704 0.195662984966012
-0.345235683113534 0.568893498189272 0.746439890964507
-0.447380861712461 -0.864893205996574 -0.227618335804442
0.202014846456498 0.311944619799939 0.92837522370485
0.509353805915723 0.860532844790011 0.00647483102312827
0.187731809577635 0.818625119660064 0.542779587986
0.733513673009849 -0.64436247655803 -0.216228329114393
-0.16583666384903 0.952844550491774 0.254136702429132
0.83897682790007 0.416842476622305 -0.349800274342546
0.550192282258116 0.807085922175816 -0.214244642334921
0.0683756724332944 -0.0396627054579794 -0.996870923046233
-0.787273619755821 0.283086561491614 -0.547779377431665
-0.120215572929273 0.992255457267367 0.0312621744031758
0.0205698575267936 -0.270933735110334 -0.962378196002222
-0.719717816932188 0.503165762583905 -0.478362288808099
-0.741344889569947 0.528741878376278 0.413327691740642
-0.696501873945586 0.717554622861219 -0.000709084466719035
0.572557697185199 -0.595064007419004 -0.56398272178181
-0.994826780353412 0.0966171099654651 0.0313817009351838
-0.982009256924869 0.00329713718100623 -0.188803994132214
-0.833430748302445 0.551950536431096 0.0272725707891983
-0.943192201867916 0.327944447188412 0.0533001866210621
-0.808593986117931 -0.0692165682264742 0.584281466672413
-0.378065021895213 -0.859239375448138 0.344636815936524
-0.912892524229448 -0.0897680018141335 -0.398207163491925
-0.0410304544753144 0.362025447957356 -0.931264772681124
0.0596035741083952 0.781868621275506 -0.620587522448079
0.990583877410572 0.136563052641339 -0.0097012611302322
-0.600825196798373 0.685659074540596 -0.41095099025593
-0.290804363105455 -0.0151659307440561 0.956662331726037
-0.36064937445359 -0.505137842482946 0.78407129063492
0.324916124230713 -0.0912871554935703 0.941326812247895
-0.654255574008276 -0.742927981189641 -0.14144843104321
0.0710236364235797 -0.9777654431684 0.197307833637882
0.661581176062197 -0.0318378200792478 -0.749197370986285
0.32658372423015 -0.655184685450167 0.681231310950642
-0.667652626863686 -0.195280370852958 0.718404862595982
0.858551764620741 -0.371779550413127 0.353084739632323
0.672667932263916 -0.176859444297563 0.718497452929755
0.783756149212118 0.305451975279186 -0.540763709368737
-0.24299589108333 0.905283383471643 -0.348446541849324
0.394671278827789 0.797487673877049 0.456341967917276
0.974348309295806 0.0383279005694332 -0.221757399448911
0.793334527957895 0.19389391503902 0.577083595729999
0.904174350216407 -0.0663754712049612 -0.421975166607062
-0.497970132285334 0.865783416190213 -0.0494451575154919
0.0519448869964954 0.480159481481518 0.875641822355648
-0.810829769295219 -0.58078610269327 -0.0724057189939121
0.460136005181472 -0.129042586091461 -0.878420666714112
-0.691045587428705 -0.535077582957915 0.485950590401156
0.150515467534056 0.0898500829273898 0.984516153565266
-0.111539988246037 -0.188513188053069 0.975715946857559
0.584587072737461 0.730670530152233 0.352673405228267
-0.390492116410055 0.347076488928597 0.852674508739761
-0.930929660604236 -0.364963755464161 -0.0130929066589112
-0.622020297484339 -0.418461641362349 0.661801030692627
-0.698401456667256 -0.0504985767869789 -0.713922474129751
0.419316307637148 -0.465369924515485 0.779490004750542
0.108252744524878 -0.139686102010126 0.98426070540688
-0.2924383404326 0.948502694441734 -0.121747507907954
-0.347513823185401 -0.675750341483001 -0.650073548670205
0.183206972995849 -0.434701294574777 -0.881742586892973
0.52858291001563 -0.455127945018542 -0.716560298162414
-0.865954558237315 0.440844991421332 0.236174504565464
0.558137565671169 0.627658181249299 0.542704031031173
-0.410808479471846 -0.349733999648834 -0.841975369404391
-0.853641013538208 0.305406291345922 0.421928924360242
-0.237218847146085 -0.915195552849732 -0.325797972066673
-0.197963636203178 0.50968400191047 -0.837276905771169
0.563166191266381 0.1979957383475 0.802272727076489
-0.448119473530505 0.848285687436205 -0.282135304302082
-0.719018331361779 -0.47661941601652 -0.505812782995641
0.716527587046949 0.634740347978802 -0.28929726519348
0.501822099985547 0.0937836848810415 -0.859871618566533
0.18892751070685 0.411232454737169 -0.891736656120491
-0.711746817796816 0.386019672011304 0.586860528725857
-0.181921194718683 0.812547038486247 -0.553779729819859
0.769820871490705 -0.586997735148559 0.250618205140318
-0.585635528904746 0.721123448085458 0.370151320281042
-0.098148653294741 0.619398445671212 0.778917458628651
-0.0281257131627522 0.796268425855103 0.604289283576437
0.323206438143243 0.237442036496099 -0.916056154199809
0.349246119212981 0.74649591183655 -0.566366490733686
0.632832596731073 -0.747898995831264 0.200424540785789
-0.341203620626309 -0.931382676873206 0.126910986490526
-0.949635575999202 0.200513625936827 0.240803983792482
0.121951870096328 0.674166437744861 0.728441731093444
0.343498007299755 -0.932738060050823 -0.109584808772584
0.826135270576641 -0.05470227256725 0.560810285288384
-0.851789333318935 -0.322639647329326 -0.412745187270902
-0.622156670104307 0.395968219649324 -0.675374153245788
-0.0165454277041036 -0.914533913978954 -0.404170717648402
-0.610095213962986 0.248297822330283 0.752417451502488
