# command_history: dirgen -cart 0231 dir0231.txt -force  (version=3.0_RC3-1000-g3151ed7a-dirty)
0.271619548907746 -0.0768162409415158 -0.959334188788645
-0.849303146299724 -0.353813785677261 0.391790723154742
-0.157045923150779 0.968170381620897 -0.194891483071392
0.0546432124760394 -0.730781180425635 0.680421182552406
0.32827456664922 0.0339633667662138 0.943971556038195
-0.0482991724859068 -0.110249959491154 -0.992729639110959
-0.00787310084250363 0.908817411499361 -0.417119799144952
-0.167193284180566 0.0162571476733522 -0.985790094733379
0.643762172341273 -0.248964681590317 -0.723593015985559
-0.360425159517081 -0.207516191619266 -0.909412301765774
0.183485014267558 -0.920279539163907 -0.345570281325667
0.540374818078777 0.642986378529459 -0.542737112248555
-0.698145199493129 -0.664567474576903 0.26635193289927
-0.365963555600069 0.198923735558029 0.909120466937245
0.510781476874498 0.548379647647621 0.662104255331272
0.315073698447136 -0.945855503184863 -0.0780123813362558
-0.919690611908811 -0.204264558383933 -0.335328448770774
-0.318668647943986 0.847637257894964 -0.424218542553079
0.820167534698833 0.483366133875074 0.306075800495077
0.793132398800357 0.523971880050799 -0.310474583322409
0.794224396667018 -0.144609736999112 0.590165766292793
-0.889112111935635 0.435617760259906 -0.140416592165951
0.427601910054611 0.762013654221947 -0.486304222989029
0.281120450128206 0.7678437202818 -0.575662499858659
0.237500810819912 0.858560836090883 0.454386020461468
-0.706592010725586 -0.607234569548735 -0.363309658450937
-0.620667546754023 -0.120547960248677 -0.774751563848842
-0.0875804293643335 -0.838197522022317 -0.538288568026487
0.0105773559577046 -0.996035584263926 0.0883245969193367
-0.169400519881949 0.832628036919996 -0.527289309581068
-0.280427395470607 0.141259940283545 -0.949424091299911
-0.949515106804074 -0.297339564456571 0.100051213683912
-0.32046170404106 0.91769546575335 0.234817649206446
-0.944269950525899 -0.321190814262444 -0.0720466610416079
0.275130655151237 0.955964148943797 0.102155119941263
-0.53300477387655 0.386459041414682 0.752698691598207
-0.219082573739434 -0.331793834218613 -0.917559631554384
0.928030767775944 -0.183830897185714 0.323983171323893
-0.105051750609057 -0.923079930618997 -0.369983204189595
-0.970683429328141 0.0733401790747592 0.228899318830447
-0.506834167668008 -0.524412595932245 0.68418605343275
0.445552198737861 0.882471538112229 -0.15075550610739
-0.313776290409058 0.910478516765787 -0.269394339370937
-0.631800176692916 -0.578140545119887 -0.516315840178548
-0.755007633308718 -0.466569122713289 0.460734986056105
-0.655134789548257 0.749337475420145 0.0963937521550252
-0.0678988889757345 -0.592785051882236 -0.802493378876634
0.41962667957254 -0.646354855561438 0.637290240379591
0.638496575258791 0.288410735479229 0.713541429100739
0.485571112665838 -0.3765142692137 0.78895988467281
-0.802559545412315 -0.596290029328629 -0.018340583165249
0.658106920396456 -0.541163571776045 -0.523485692172083
-0.412598141085784 0.524667964571052 -0.744638369227255
0.241208057561227 -0.60058068807197 -0.762313262433849
-0.432173860634429 -0.901569957194545 -0.0199340529887908
0.00322845976657655 -0.965609581174207 0.259976371603475
0.161583352755564 -0.986822279929574 0.00852102968362958
-0.598561928585713 0.771833542471555 -0.214468180305521
-0.638356974430432 0.658668504683566 0.398316675691516
-0.818267607474932 -0.0273166440299265 -0.574188055880818
-0.854422996371128 0.397504546329802 0.334591510530859
0.0135133340238091 -0.995662137171752 -0.0920559525839609
-0.959243772419018 -0.025716465734322 -0.281407264414881
-0.350750933022279 -0.0867045282821402 0.932446302882569
-0.49720257614834 0.759989537194898 0.418575562623691
0.830566209253538 -0.518549758950764 -0.203140147529514
-0.469205101074781 -0.389234602573754 0.792680892468499
-0.043685338833468 0.352097648776754 -0.934943226563456
-0.216872373048698 0.709021377048407 -0.671010477337431
-0.358408529443544 -0.530665471203539 0.768073879060109
0.12285186216833 0.753569429511984 -0.645786756496877
-0.126068064299069 -0.973208728322416 -0.192280041296419
0.809189726189056 0.568303896145834 -0.149139762154649
0.0703663721524702 0.444387114316415 0.893066999893978
0.653083438963327 0.0695466977270627 -0.754085723632993
0.66037334823898 -0.404872130903384 -0.632444146587975
-0.601984131910248 0.7046671070742 -0.37557871762913
0.969495125044215 -0.209356620633734 -0.127471596492411
-0.149650167845748 -0.854737552758975 0.497019660745265
0.219443831184035 -0.309449146918636 0.925248955917596
0.29517266407538 0.952553338090961 -0.0742646381153951
0.769214428473722 -0.408811187035658 -0.491103427377922
0.0715687293975649 0.227844131276424 -0.971063833543043
-0.399652253276095 -0.656937772262832 0.639304966213847
0.871484710358851 0.473433110008313 0.127966753333068
0.387863065770767 -0.262586510875953 0.883521684236949
0.691081934222847 0.719438206802375 0.0693860705314217
0.81036068508852 0.202073448017935 -0.549983528543363
-0.774453850464614 -0.603278704418145 -0.190462695287285
0.872028839458849 -0.48837143590371 -0.0325429523153695
0.0662651413733154 -0.793951449410493 -0.60435918708807
-0.522724099732537 -0.805976747362756 -0.277778685772255
-0.837387367983154 -0.1988927202016 -0.509140532459413
-0.469145222843584 0.737069864079348 -0.486447094090503
0.227482002327605 0.759784968485581 0.609080241249368
0.481110245927728 0.0780904404961694 0.873175133845711
-0.00164791339848116 -0.0689851737392151 0.997616324137492
-0.51234083511356 0.226531333392335 0.828366116923327
0.264754124446402 -0.5853983940712 0.766298880207637
0.739558129704867 0.161090780402753 0.653531585508054
-0.986662792362594 0.159874527028328 -0.0306050612598223
-0.942767949757243 0.333449351897008 0.000350185650658791
0.9016728453384 0.0659874891131012 0.427354339231396
-0.082294659876747 0.674340917919776 0.733820083790901
-0.193931070093557 -0.522613839839978 0.830220160234671
-0.979250681538906 -0.115498674619001 0.166517743399439
0.946632958811391 -0.277187089526325 0.164479052441081
0.438657581237431 -0.898544240371635 0.0140632328391745
-0.45828777012161 0.87067136281609 -0.178616062348642
-0.679175503234071 0.185608635568013 -0.710119757653121
0.975741651295332 -0.108214027782093 0.190310152431853
0.743740433398047 0.348214852497596 -0.570610711631811
-0.457158031315779 0.844835192294502 0.277956889218802
0.775947107973762 -0.627415779998799 -0.0652343823121978
0.792236397847457 -0.425116721775978 0.437763935006221
-0.371695933710298 -0.371112195201748 -0.850951156903714
0.719086268599101 -0.099818410852767 -0.687714492480019
0.220082987544085 0.633280660128385 0.741969732604388
0.544353811730361 -0.217744855889808 0.810102527701373
0.148687264109715 0.974479214080844 -0.168173597261725
-0.506559763172297 0.853054467074068 0.125280814731568
-0.579902699104266 0.813452151191377 -0.0448158152186043
-0.773804961040325 -0.0513408176530193 0.631339847239267
0.848081212425518 -0.263681553490136 0.459597971579393
-0.0755521888899903 -0.636750362090594 0.767359656961082
-0.558310879531334 -0.821728683838274 -0.114240675568579
0.883505226166949 0.413248246810292 -0.220554759286459
-0.467456326581323 0.81735529928432 -0.336771283619812
-0.994959789317624 -0.0271831479950732 -0.0965199155931442
0.0289886170726186 -0.961292250077067 -0.274001587626764
-0.599752016389447 0.757021770047521 0.259259635328971
-0.335670943866717 0.851436913103898 0.402964266961393
0.513285719748717 0.0930545588380746 -0.853158026968916
-0.387325929269508 0.640859868604058 0.662779943366048
-0.364077497236748 -0.658659286493041 -0.65849489012619
0.713617894056145 -0.0145249829512464 0.700384555907066
-0.639275258003395 -0.505082570759485 0.579843721376444
-0.372669423541132 -0.522712360504651 -0.76673938788429
0.854013456782678 -0.260255332212062 -0.450475501763737
-0.657185218819738 -0.714544326036605 -0.239862448694551
0.925482423735482 -0.242339994432996 -0.291124733499084
0.1100243009565 -0.191386102619287 0.975328669179387
-0.137120503167209 -0.379059479388165 0.915156750888691
-0.0968477639800929 0.607499674935978 -0.788393718623339
-0.16535413139085 0.97146236747568 0.170055519788461
0.668686742202996 0.608440296486914 -0.427385594531285
0.534745878658701 -0.52983220454588 -0.65827401610848
-0.997409006336183 0.021559657833738 0.0686327562724958
0.59183610282671 -0.0790775036014516 -0.802170041708773
0.442476429467673 0.838091046291329 -0.319089340924833
-0.0206056891247147 -0.499619120052719 0.866000081093208
0.932306259281326 0.250709722536762 -0.260671582514092
0.0886581209783707 -0.536219118388486 -0.839409789470709
0.705768836831037 -0.574920724708691 0.413952303120298
-0.566330052342285 -0.239576541294778 0.788589470304554
-0.698780543586113 -0.216310375822141 0.681847177318482
-0.301835344562822 -0.920896961666415 0.24666619299411
-0.24233789524354 0.454994773063074 0.856885115411753
0.888056961122294 -0.0924226255852276 0.450347523677181
-0.704017011107378 0.705936908534559 -0.077544369493241
0.808066231955115 -0.578865651213271 0.109286424679815
-0.0862659333302626 0.383561160149683 0.919477582745381
-0.060315084155505 -0.28108892769869 -0.957784477504472
-0.206249304898713 -0.163259953500133 -0.964783608801441
-0.82618729900855 0.1127775843206 0.55199253928995
-0.758095412930643 0.537224649743025 0.369703963465369
0.91307906043928 -0.102843179561667 -0.394600950081179
0.578566036803565 0.814011421703765 -0.0514465391764282
0.704826461834592 0.702264046853255 -0.100224084904875
0.746798765951845 -0.312871146854278 0.586858797871251
0.395422537299115 0.840358745192056 0.370726578997465
0.157356141208152 -0.469253449419618 0.868930517954037
0.748833831331012 0.466597958690393 0.470674237663456
-0.152962300239594 -0.928539993455947 0.338254364729034
-0.404137924256441 -0.894393035631669 -0.19166020972352
-0.944005408250275 -0.0619574688406004 0.324060274098969
-0.506707233229515 -0.246714911987948 -0.826062668322246
0.57739596930385 -0.617138188417445 0.534559960180803
-0.367743184616981 0.756228271181115 0.541187353911918
-0.581566390363283 -0.783892295385256 0.217470464282983
-0.203192675577983 0.836306310774228 0.509219492115789
0.682014924894962 -0.471559431986858 0.559005674680277
-0.615260092622964 -0.376595145518865 0.69255405189574
0.523251518431319 -0.654551554474365 -0.545683159896392
0.553022984109956 -0.506736340355916 0.661350028660174
0.890066049696648 0.19618495831283 -0.411453386556968
0.883197684306151 -0.355376891594879 0.306054105276526
0.565330674331376 0.717482307878049 0.406964822241456
-0.641136434756723 -0.442977030224566 -0.626670106771388
0.251373179067593 0.246232531602474 -0.936045439722927
-0.757905771140288 0.263446883389352 0.596803637476082
0.845422687192822 0.341717972122703 0.410474490690977
0.164996007152546 -0.915946718636086 0.365811326018623
0.103155664349423 -0.214646563917053 -0.971228995402851
-0.321939062295127 0.759540473395457 -0.565202184570035
0.750369413395279 0.325472021914378 0.57533790627056
0.320469153497624 -0.423803685059887 0.847165838656267
-0.717435129348865 0.650740175142999 -0.248644444199016
0.514385536818719 0.405070294102296 0.755860818105819
-0.413984220597782 -0.242602681826345 0.87736024748487
0.871878252428479 0.0388999084170106 -0.488175286211223
0.261228019787333 0.921775527498555 0.286513173489021
-0.907288212555017 -0.345599186627997 -0.239560642762515
0.23643102255222 -0.292022288193076 -0.926727227814847
-0.187131802259872 -0.0955255281663541 0.977679171329486
-0.0482322960212865 0.892777328948772 0.447908792652714
-0.310345500708717 -0.392671209067539 0.865733788043006
0.811288244788186 -0.512526364820479 0.281297190231986
0.388972928956433 -0.359916383690361 -0.848033169923386
0.49776390261176 0.673055186837495 0.547017196007451
0.440404438239973 -0.094176124494039 0.892846452842715
0.393877971269742 -0.507854647063322 -0.76612257583537
0.228240086916827 -0.728390151334318 -0.646029604711246
-0.986725363384658 -0.162379768492081 0.00242240332587615
-0.24514635441422 -0.652833120860558 0.716737177230874
0.72535720057861 -0.647342526066627 -0.234103792182956
0.010455679631016 -0.828754234705288 0.559515055402003
-0.564229126677223 -0.732024043820506 0.381819711222105
0.30047083197163 -0.948117158823523 0.103880374848605
0.115459408594628 -0.0555148154010578 -0.99175966354655
-0.967967291288679 -0.179066968425508 -0.175995294863683
0.375337375570351 0.771085926585473 0.514342637083282
-0.625279189484063 0.350904045346221 -0.697059743607254
0.912680326119232 -0.372423998694804 -0.16827057826924
-0.0763455566349344 -0.725839122156855 -0.683614602483496
-0.224548304451607 -0.489890768117702 -0.842368740090084
-0.587069430211686 0.0508772240438838 -0.807936255025429
-0.446298567716518 0.0541021972793071 0.893247189026495
0.300279188920901 0.858848311757245 -0.414984320297449
0.137705324086512 0.990448473090432 0.00700470349558942
0.890903729953962 0.451947873328062 -0.0450961611266419
