0.65033308952416 -0.47964757273361 -0.589071369734362
-0.0350176585360674 -0.766800208858543 0.64092995193324
0.632303328628934 0.74425601789176 -0.215117364330892
-0.160063634543067 0.541841941135477 -0.825098141873681
-0.642141916670289 0.76612574395271 0.0265537814240198
0.11202215044848 -0.396045954544182 -0.911371844911881
-0.0873919835054608 -0.29359698384026 0.951926180068015
-0.356755745517068 -0.810319115339543 0.464874466233522
0.28188301590242 0.560345981294355 -0.778815990201166
0.638715946732872 -0.0602164599268809 -0.767082731746065
-0.557194654782835 -0.816322921649396 -0.152154540751277
0.979495447277966 0.20136555257498 0.00637047862488835
-0.842650667681715 -0.454449286488043 0.288817759609878
0.440466595107517 -0.347836934508559 -0.827646449630565
-0.827362734776441 -0.558088094039153 -0.0633133824321057
-0.0848679018518397 0.885745534831531 0.456346673879927
-0.00406486576009798 0.941338039589898 -0.337440620091003
0.865808796169978 -0.487217583928848 0.113991904910963
-0.229470472904437 -0.375893453763378 -0.897801433214969
0.287918251008165 -0.670845829818342 -0.683424431339515
0.843462360825336 -0.19632042745997 -0.500029534760583
0.0426913427815991 -0.999052744891664 -0.0084298384287934
-0.761089267593734 -0.237198040472719 0.603721969411033
0.513286440491366 -0.5141679489092 0.687145072253458
0.318645031462197 -0.782040575374194 0.535609822905494
-0.599989677887793 -0.560779913297987 0.570559615876907
0.690381198890657 0.592485339321276 0.415132416112801
0.516935530310702 -0.752331211323343 -0.408381446653916
0.206516477121284 0.94796016630385 0.242327191579052
-0.633455844017557 0.691274237987809 -0.347668838946458
-0.459051549348694 -0.106182445334801 -0.88204136146968
0.307775145568882 -0.236557742056008 0.921582820175928
-0.0838980553199526 -0.686416088739087 -0.722353147313462
0.940179511318111 0.100063229334134 -0.325652938928643
-0.799322486139086 0.385722241422541 -0.460762320100507
0.0777769148397711 0.0464590523412288 0.995887698474864
0.636732412942191 -0.178670764783914 0.75009905487232
-0.285619364760512 0.0312438810536996 0.95783370079075
-0.471072485556408 -0.26916670876005 0.840023806952512
-0.894893469075073 -0.294586665448999 -0.335237789556041
0.966093377754701 -0.216699438548296 -0.140374281089399
-0.857500672750484 0.0248276303996047 -0.513883435227493
-0.357320956011285 -0.78891203520351 -0.499939531449792
0.366060535547083 -0.910341124365243 0.193076983621579
0.321550420410663 0.939122027352853 -0.121058435783689
0.472535951615536 0.526629654957791 0.706661857573931
0.807862063895823 -0.529785542686058 -0.258236644337748
0.972860560962587 -0.119649187099323 0.198056559977277
0.702652781520685 0.261021715728487 0.661926531073805
-0.32980037124903 0.925517296075838 0.186143626773714
