# command_history: dirgen -cart 0279 dir0279.txt -force  (version=3.0_RC3-1000-g3151ed7a-dirty)
0.541194933733206 -0.789233913159442 0.290203159907928
0.977874074193439 -0.198668936176043 0.0655205984328941
0.676940883189596 -0.261776260575115 -0.687912952389908
0.642705241596571 -0.709337963999496 -0.289429827857018
-0.445248206923017 0.406387678940708 -0.79787410575668
0.134339842419171 -0.800771171972884 -0.583710833269322
-0.4035758436956 0.543332080865977 0.736149976762366
-0.0348459079366248 0.494860584172718 0.868273439034218
0.770981918985686 0.497176685567836 0.397997768743658
0.835777118969775 -0.0829528126465468 -0.542766467535173
0.160185976465403 -0.980794958972065 0.111273093777474
0.412936365602757 -0.881394799528035 0.229405242589878
-0.623525946891921 0.692422749230294 -0.362996046673921
0.952961365772119 -0.297723924714467 -0.0567899638875748
0.302806895074252 -0.131000403855983 0.944005761891876
0.770743913352632 0.171406173286875 0.613656046812072
0.330051345036094 0.935541771697111 0.125808199453361
0.665565063081585 0.170945025841323 0.726499101820033
-0.313680604394234 0.947410605057296 -0.0633847288535386
0.816226082147359 -0.352966709271063 -0.457372370141365
0.774186190720359 0.577203023179915 0.25975452282851
-0.239910394117296 -0.961984976518366 0.130491025543688
0.532229415622134 -0.539404406111276 -0.652514165221157
0.84637244244453 0.353917521312128 0.39799004608
0.814216161777923 -0.0766563659851512 0.575478794964313
0.378935251956274 0.907093734730569 -0.18327310560304
-0.590802490854023 -0.5681323383991 0.572868277063631
-0.591369360188535 -0.310982375774093 -0.744024355641738
0.0659035216097421 0.992932115479615 0.0987043053195264
0.447675880348964 0.769735689040149 -0.455075021476314
-0.631635575608607 -0.0247495100636019 -0.774870286807538
-0.0688762758680602 -0.387995888832814 -0.919083918296573
0.503591656783122 0.0200347688094033 0.863709471556949
-0.509367233625681 0.730810711157414 -0.454379495318743
-0.986105057317887 -0.0578904159989905 -0.155709716034518
0.860262074045845 -0.500254447602065 0.0984614219514092
-0.806334840833858 0.540095684873259 -0.241082507948467
0.557864054451701 0.654079644691198 0.510849797055206
0.421300981460294 0.668974104944112 0.612355395121834
-0.885546630693121 0.402999743011725 -0.231080877617651
0.395688287678457 -0.0442009244816042 -0.91732058587446
-0.884831966970045 0.299330013979252 -0.357034918403091
-0.0473279425420311 0.015079841146884 -0.998765570214414
-0.126004525146907 -0.037490854363242 0.991320985090912
0.0132625215445659 0.836820588403948 0.547316552230562
0.160772958829955 -0.398048270669001 0.903166446413107
0.00520486420574797 0.940953492342996 -0.338495841386743
0.498841813041648 -0.638876008433069 0.585657144932043
0.719233896018409 0.693986101971117 -0.0329528919689251
0.94967745538838 0.152300885284487 0.273710012729921
0.482773057196922 -0.417930947479959 -0.769586836155116
-0.525202563928802 -0.826626658688939 0.202115397699862
-0.533810289380625 -0.559704407261866 -0.633859252076529
0.0582709081160772 -0.101838016562135 -0.993092905850212
-0.847543428362866 -0.0771945711822184 -0.525082027133773
-0.208223842665994 0.00630707540541144 -0.978060863211098
-0.278097480655512 0.737943133996284 0.614899766011339
-0.0415959346798328 -0.964989798577073 -0.25896808077501
-0.696756706012221 0.367760375370944 -0.61585907392359
0.445315348303919 0.107105378333867 -0.888944699346882
-0.972105930212894 0.0603683511737155 0.226640072850084
0.703161431953636 -0.710894857631729 -0.0138745092049023
0.705014852251532 -0.665307711178807 0.245600707553474
0.78083696771112 -0.237370569674699 -0.577883069926791
0.151813715347357 0.906477597846774 -0.394018984865416
0.218126473458856 -0.647780967625313 0.729931955430653
-0.177220844394241 -0.829145122975066 0.530199148772284
-0.750243628200164 -0.404657223586325 -0.522864255562055
0.341899379795866 -0.538232578188687 0.77033142599245
0.0211100839908391 0.911721374784971 0.41026637580248
-0.199282854177944 0.978806441981219 0.0471624126477742
-0.591617582820633 -0.289255656244121 0.752542225412139
0.303281259690542 0.848267624532987 0.434122695432618
0.930721710155389 -0.14996077543883 0.333569878848815
0.461542964111108 0.305984535329186 0.832677342323493
0.480460179317691 -0.166987516421008 -0.860972232682075
0.81876586667972 0.573666661215379 -0.0230003776100731
0.54603333153182 0.167752009717861 0.82079648152991
0.646889466508513 -0.52364593803658 -0.55437257300314
0.0859779848503225 -0.728071121715161 0.680088397081957
-0.165881037519683 -0.919795626387516 -0.355611427079883
0.257085439917886 -0.900823985198137 -0.349890303200838
-0.190134834280195 -0.177287056602296 0.96561795983429
0.649158379739833 -0.747807691630304 0.139201488325777
0.708703474695992 0.307981581175519 0.63473359026481
-0.793968926929862 -0.442898508933309 0.416478395423453
0.437021651272032 0.756147671538691 0.487086003849508
0.903913083831832 0.147150566403093 -0.401606583219047
-0.95237581785357 0.23141354540247 0.198565033608647
-0.280236992849465 0.937625730127478 -0.205730936034432
0.327052367439862 0.760232678951493 -0.561322565737578
-0.729047932275344 0.570620821403724 -0.37799601932505
-0.0184963583884245 0.983708349776155 -0.178817692936245
-0.0685054558344523 -0.685212555089399 0.725114306070962
0.903571606056713 -0.385234786254878 -0.187490032234385
0.918578856184941 -0.0190944745802746 -0.394776248032312
-0.2606344417832 0.322273066472932 0.910060304805397
0.435430718331305 0.875877836493852 0.207937743260654
0.0461494803136429 0.789789896665547 -0.611638900489338
-0.762497454423748 -0.624529759739806 0.168997666246149
0.640945200185416 0.761011094915574 0.100256489937942
0.307447707692914 -0.40758276435104 0.859855916557151
-0.846487294989594 -0.518080231936718 -0.122687133382422
-0.331061458062768 0.185855783648161 0.925124823291367
0.764815323684484 -0.224701906783616 0.603793486007597
0.0866468306985507 0.563136310784227 -0.821808872065901
-0.206604710572238 -0.977886674040384 -0.0324368047686125
-0.647920318059662 0.252787286451332 -0.718538690158045
0.14139730199412 -0.699100348580018 -0.700903349688159
0.479632507099318 0.550443929760318 -0.683347743336906
-0.787050610486197 -0.54061085226718 0.297138423877251
0.362825180909268 0.0129758478924283 0.931766878285352
0.675249403958781 0.694270750813075 0.249050932579585
0.867123843469557 -0.199743861599038 -0.456287880444011
-0.535083948801421 0.741738981988792 0.404361781494381
-0.697819578811821 -0.311089301545948 0.645190887947549
-0.75391497303876 -0.646963130362226 -0.114240629286938
0.0864669595900839 0.422951128228475 -0.902017631773075
0.554235293948917 -0.281588948420833 -0.78328213503731
-0.89257872518598 0.308910318293577 0.328447308707396
-0.112149049304567 -0.530870018721545 -0.839999770215842
-0.977027263059739 0.097504324909356 -0.189501012825702
0.478863663176228 -0.530826413579286 0.699223076518501
-0.233895346687879 0.268080654458092 -0.934572484884441
-0.364470090577007 0.653355630053596 -0.663541990948619
0.661809078453627 0.0153031554688394 -0.749516215374329
0.855795477287457 0.492711417865059 -0.157637431340833
-0.518056908449798 0.813443747999624 0.264435830491562
-0.412312797111454 0.754543045983073 0.51055161256891
-0.0138880696385455 0.626258689853763 0.779491613107135
-0.446619992616246 0.8938168845399 -0.0402735534420783
0.267428089968947 0.143342687531599 0.952856280152878
0.860241220019623 -0.189172632454028 0.473496313089727
-0.735687916036455 0.110558163836669 0.668236621719434
0.382929178607482 -0.751566209273002 0.537134505733907
0.747603506645147 -0.495450754884203 -0.442286724124242
-0.943574568491403 0.254653609756467 -0.211703974299646
0.134661555096104 0.656472281835555 0.742233392377842
0.72178400115179 -0.385590189913125 -0.57475913313672
0.305037103615267 0.907155849552159 0.289863122941346
0.604798161657924 0.794962403696826 -0.0474758924482706
-0.998591506154407 0.0387256874862333 -0.0362674091298405
-0.337618109002803 -0.221510419817273 0.914848154824475
-0.582807469542846 0.120821640622465 -0.803577989122624
0.97284525412472 0.188001518225031 -0.135009409568713
0.620589406988787 -0.770350209688626 -0.146387644171207
0.232065255443366 -0.951366739006975 -0.202600703669163
0.802412892821151 0.189579789539355 -0.565856035430043
0.399028996932766 0.560255444823626 0.725871680224757
0.566800090162936 0.7328971663915 0.376296958912237
-0.621930090918269 0.606862533459499 -0.494894764059504
0.964644974685841 0.225507421825047 0.136405555294399
0.478128433419533 0.875891765963707 -0.0648599681834821
0.226230588062274 0.480358085461419 -0.847393551283486
-0.113002085584626 -0.124734996824362 -0.985734096610618
0.808905004282385 -0.586847413366013 -0.0358163017707665
-0.440539346104996 -0.825592075555373 -0.352594397734216
-0.611114899378966 0.405649456397149 0.679696327989003
0.734552479184799 -0.658952318175265 -0.161908917898026
0.219595006172047 0.417220795530745 0.881875751475791
-0.357441871116025 -0.521895432801732 0.77450659519062
0.0177787780812404 0.152565826282888 -0.988133383557381
0.505955804035277 0.858902500237338 0.0793424189766497
-0.93055668639425 0.355786037025855 -0.0864901685996125
-0.704723211543113 0.110854165997895 -0.700768541669268
-0.917503776882652 -0.374674387540484 -0.133438835153909
-0.449003799238719 0.12653395763436 -0.884525152742748
-0.957553022844673 -0.288183027859007 0.00653841686072346
-0.483964972662042 -0.412297248149741 0.771873619450995
-0.126512076604608 0.882652969167181 0.452679169493747
0.278734844119916 -0.894213581570218 0.350269834854229
0.520489895327567 -0.264959518342584 0.811718376348327
0.0820629113837619 0.286334346681953 -0.954608988269773
-0.162140992791121 0.212812843250693 0.963546050899627
0.159793837609044 0.852583366960541 0.497561585981476
-0.18768062013867 -0.962304507736778 -0.196840085383649
0.529382959270793 -0.835230621143486 0.148806894793096
-0.767823378460204 0.631621659767945 -0.107244293097322
-0.769042490526265 -0.0410566996946772 0.637877727448875
0.470747916615505 0.260804146976126 -0.842839009492452
0.913193672933083 0.296096842499786 0.280007099154006
0.746592001217782 0.0313309796192018 0.664544019184379
0.466576577475699 0.67142545499862 -0.575755291535353
-0.139512328497549 0.151894226620425 -0.978501126272512
-0.899291414912768 -0.437190102754865 0.0118222297974322
0.107713854378655 -0.944959442020115 -0.308948828306449
-0.40804665945623 0.313515195849996 0.85744162814605
0.681918013010445 0.659221229122286 -0.316883566324272
0.186175166073402 -0.450307679092496 -0.873247846655158
0.29649751306174 0.0679476804245586 -0.952613424991022
-0.320155981907418 -0.292773051017746 -0.900990614738387
0.583834751940566 -0.811872484545869 0.000226415138710647
0.0943862413099719 0.992806380190049 -0.0736663349523192
0.414485214309476 -0.657472790920935 -0.629230908584014
0.412778935772758 0.160709943979941 0.896541055439333
-0.379932229026915 0.893821274756982 0.238191163015012
-0.0820786059233072 0.984461812338903 0.155235442138995
0.748547913086598 -0.588755134200679 -0.305030185008041
0.0884205425951487 -0.348592408575719 -0.93309438982911
0.23166000095696 -0.0737735609274095 -0.969995415280253
-0.801977841977543 0.335851571333986 -0.493999254057672
0.865491481165989 0.28857964350423 -0.409446315631334
0.697668398886791 0.455638383279814 -0.552858452840236
-0.857113475123723 -0.0621543529034819 0.511364182531867
0.348472213111826 -0.932956527441566 -0.090328481627456
0.721964217643102 -0.47497331536764 0.503158044884165
-0.606895683303765 0.506717622130032 -0.612302932387345
-0.662466839797745 -0.536484617710685 -0.522802009491365
-0.652565502644033 0.626603471907758 0.426059096548923
-0.164880407824988 0.575693474965793 0.800869199056423
-0.40125027630039 0.833805995326014 0.379164578945946
-0.383025054373273 0.269807033878367 -0.883456830972577
-0.930141649648342 0.153919091096382 0.333384800171701
-0.561451009888732 -0.794743722654587 -0.230554069137919
-0.272361994318996 0.829122513541387 0.488236419769553
-0.0640770350396715 0.614822535350051 -0.786058129915505
0.897862762929181 0.16270941641152 0.409106471173702
-0.25767804729266 -0.551763068108506 -0.793195776977494
-0.993480060752719 -0.03296904376454 0.109134829637587
-0.824012254329001 -0.257693376339299 -0.504576979762742
-0.959575161807615 -0.0865740724811081 0.267806719138871
0.628907284214836 0.438443831232398 0.642061239069746
0.109633567791786 -0.822583532942522 0.557975637590965
-0.325547742653828 0.457878704976745 0.827264019997132
-0.89244664237948 0.448874231243252 0.0452870293944251
0.949964991599678 0.00899450328452261 0.312226862466523
-0.0117715156137396 -0.240805289508996 -0.970502057681819
-0.419108814615129 -0.848162363227733 0.3239882823743
-0.200627039398119 -0.731502928444876 0.651653479035382
0.0434629103750791 -0.481766995959209 0.875220850429289
0.195080251352002 -0.529944750254812 0.825289196106313
-0.89655345673707 0.032790803936862 -0.441720117710282
-0.219785429910097 -0.614809945814693 0.75743190804624
-0.296176406471687 -0.769175393946782 -0.56625855366284
-0.617859380444574 0.135620523475608 0.774504267004933
0.488879501469 -0.864535266806063 -0.116514400363179
-0.263339852670589 0.833001856865978 -0.486579930179271
0.35932610820469 0.378574408563801 -0.852974891273501
0.651895287664085 0.735252161429474 -0.185571530776267
0.871503168319752 0.397681572636798 -0.286934826038524
-0.347105784652505 -0.650443829712303 0.67560372900833
0.26979947656855 0.917526342220959 -0.292153476402325
-0.816947594362563 0.440293409393995 -0.372475961250432
-0.0229673317329122 -0.875335114366038 0.482970950711185
-0.830198562006687 0.528116493005914 0.178502990051044
-0.926042387475164 -0.347749587508486 0.146682381310694
0.0643000599518476 -0.299088639695861 0.952056452052644
0.83254525961413 -0.452820212989071 -0.319095981489227
-0.502320183348039 -0.441089111849844 -0.74371690098364
-0.987375178108059 0.134760381192277 0.0832460048109934
-0.128541716659033 0.897125585947727 -0.422661460410453
-0.13981489094466 0.951042321622638 -0.275627100904023
-0.85554355689024 -0.444692566876142 -0.265129672478779
-0.302456821839009 -0.848989754784404 0.433285433858749
-0.0478294397350045 0.998831094805727 -0.00698489397401846
-0.352808343904666 -0.935506634808896 0.0188044861610979
-0.598022670342242 -0.436330996992017 0.672297662364437
0.239532736552326 -0.749863338417574 0.616708230703146
0.580703136391072 0.673351079368575 -0.457582988428052
-0.536616784172591 0.0154024152593843 0.843685482006443
-0.152007685624831 -0.764433203751927 -0.626526568081951
-0.559389647331589 -0.758962567791312 0.333255222239439
-0.785097962767367 -0.329670813177293 0.524345633907208
0.00547479372980358 0.741601087892889 0.670818793020663
0.28016959623566 0.669932579484679 0.687528425805182
0.126580267856118 0.962783651524526 -0.238799238161627
-0.281854130454188 0.624177367113227 0.728670613878118
-0.930456281185205 -0.245942388932783 0.271594274845833
-0.171040060678178 -0.271871895061834 -0.947011599886027
-0.364861235046822 -0.433174175971966 -0.824158002103429
0.411225777394634 -0.826604662977815 0.38421099821519
0.577786540859037 0.139322927087891 -0.804208825610494
0.67705036778104 0.622917316346466 0.391888780757087
-0.991566265788241 -0.128887186619098 -0.0135806360740797
0.540926694186889 -0.650006318383905 -0.533750969626328
0.696520353110464 0.566783724191419 -0.440017735659121
-0.226776954217169 -0.333863403374011 0.914935757812267
-0.697315043354857 -0.166839422700375 0.69707699527672
0.575046924702145 -0.393340189028332 0.717359414858244
