# command_history: dirgen -cart 0115 dir0115.txt -force  (version=3.0_RC3-1000-g3151ed7a-dirty)
-0.90689316741774 0.365730346854481 -0.209251275457809
0.97147497190698 0.203237373119122 -0.122192262954623
0.582468635200104 -0.16631769721221 -0.795656152243013
0.496441859035714 0.0656260271145237 -0.865585758410066
0.562265332091599 -0.116578743183503 0.818698413926446
0.757299708912825 0.652771471547116 0.0196610481603312
0.955837419893331 0.272346225975553 0.110464292549828
0.81826438012109 -0.511820517075906 -0.261692878247001
0.205354188806954 0.977787661283815 -0.0419636340247658
-0.472074387716929 -0.30135317297656 0.828451590377281
0.16748271488007 -0.223224620862252 0.960270955958424
-0.453089698369247 0.813321617710311 -0.364989960679398
-0.167935667147864 0.953334013170208 0.250902114443836
0.578433046543798 -0.813762198073269 -0.0566241613891321
-0.644700150163146 0.376957595750673 0.665029839469997
-0.221560073088294 -0.836463056759525 0.501239153188996
0.846602326420781 0.498022453535409 0.187718237455752
-0.50306455602243 -0.106809002828716 -0.857623396012895
-0.190136457654874 0.342925835709741 0.919918473927572
-0.887596270243863 -0.311026029676968 -0.339758252162571
-0.0254538220194342 -0.923480950608463 -0.382798950897063
0.205680622425982 -0.466183372602836 0.860446712276307
-0.22327377943072 -0.933304307812716 0.28123280113982
0.117485187085061 0.0354608461864311 0.992441312725005
0.79328434116436 -0.447297665807806 0.413067491127438
0.645913615322165 -0.655010599845235 0.392118241901388
-0.981425176064844 0.0546889074252047 0.18388514673765
0.813802133433566 -0.353806701114953 -0.4610280966114
-0.431611778608836 -0.832810969813803 0.346608080003786
-0.249455023239372 0.541912761178377 0.802560122765063
0.501528207431731 0.796597532984341 0.337493448223187
-0.600273025491342 -0.516098540331775 0.610994755734354
-0.794257696848749 0.576291123985344 -0.192466234473037
0.829860444887065 0.0484851201709934 -0.555860445736021
0.340820220800158 -0.053973771345754 0.938577865230397
0.581036189788365 -0.336821232862532 0.740910523105984
0.477631660018369 0.341441059649483 0.809497375001016
0.434572681760464 -0.37333064904323 -0.819616258228495
0.761361778671061 -0.171762980764402 -0.625160555711703
0.610750861460691 0.683265585235252 -0.400164372799669
-0.881537249678196 0.206425300203328 -0.424594716012538
-0.25178858857267 -0.435363986450803 -0.86432673565397
0.0157633605596873 0.379269040121652 -0.925152155955476
0.734601167254393 -0.0485478565375102 0.676760098331822
0.6720105651827 0.179156420211883 0.718543511124895
0.889985245328327 -0.455345208623597 -0.0242281671079392
-0.75629255005438 -0.489284449198672 -0.434306696361678
0.615732591440305 0.770450225693622 -0.165166054523478
-0.667634030158074 0.69100940952378 0.277075436884045
-0.23187514710084 0.922177884264974 -0.309551071601343
0.228905006222042 -0.670035451362682 0.706155076483695
-0.00780092496280185 0.78135070706807 -0.624043442505369
-0.58613251532827 -0.80573646898187 -0.0850730099830932
-0.117706236524187 0.118097831699099 0.98600108723636
0.284935196375773 0.0578290741783648 -0.956800779705981
0.00121463568861922 0.981357019022235 -0.192189817305539
-0.0582699366064052 -0.137383914490469 0.988802444640567
-0.775964546412247 -0.592169932383153 0.217287353273421
-0.206967288478541 -0.501453841534844 0.840064632221704
-0.92528173830834 0.300618756998759 0.231261902815006
0.0611772030864044 0.283407397333467 0.957046287782987
-0.640251718190341 -0.422144868336432 -0.641772114922059
-0.103895052485736 0.827788036842589 0.551337268946403
0.865440567268412 0.0204589983991772 0.500593701429245
-0.80171848288378 -0.24760762439964 -0.544001781744965
0.434315855986027 -0.890219933258845 0.137397990042582
0.80973339729921 0.27861652519476 -0.516434562347136
0.429466843329677 0.703083369119818 -0.566773329072187
-0.424398321058247 -0.899397944274548 0.104734917375521
0.385314777706696 0.911376652512089 0.144655173902282
0.0050544731198081 0.497437879891452 0.867484874767611
-0.679638845099299 0.549401800410688 0.486054217076229
0.680073296352404 0.0620908611654139 -0.730510120770488
0.503348905323639 -0.713688426982555 -0.487122888705366
-0.136344371087789 -0.801253077571506 -0.582583657644862
-0.383329218211962 0.295862369420779 -0.87494238028897
0.197950132313475 0.635499436532367 0.746294989453984
0.215985577544442 0.690168762920728 -0.690664396781292
0.974141342198138 -0.225922875464481 -0.00273856938395902
0.893067949277054 0.446921810545562 -0.0518703502277945
0.258664253538396 0.288067613636881 -0.922014020454666
-0.887046392627553 -0.364032311096616 0.283952766854106
0.691924840494735 0.668899552685709 0.271686222549457
-0.29649125620012 0.856117625536403 0.423267700448293
-0.416581127789774 -0.519597912751587 0.745974646374522
-0.0300532820750474 0.997462092545521 0.0645459074707921
-0.292112388567212 -0.203734966572824 -0.934431600408039
0.370994099824603 0.736419364140108 0.565729527260874
-0.00960872700355436 0.605875445391755 -0.795501487765242
-0.951254503104518 -0.0899943607102225 -0.294984551059432
-0.351991009556171 0.930088880566202 0.105057143682553
-0.929625402121819 -0.122175693275231 0.347663215918168
-0.657398494937808 -0.29774238789373 0.6922258947084
-0.280443215327516 -0.87770731754455 -0.388563338087262
0.0503436680378571 -0.680228677584732 -0.731269075839954
-0.237067478706955 0.82014341564823 -0.52073389395005
-0.903479235511298 0.131742978432677 0.407883633691776
0.485828652814756 -0.55713914055598 -0.673473457654229
0.628194736894337 -0.513586632740397 0.584465690360551
0.998436445121021 0.0304628974890361 0.0468687201731745
-0.751920146520426 0.274880802635659 -0.599213348982712
0.756773351713784 -0.652208321012451 -0.0437995449520384
-0.41942697976096 0.520238106849553 -0.74393099198124
0.581158440687057 0.633491935613272 0.510825639852914
0.476621323744733 -0.834304378403404 -0.27707096190097
0.449726979433947 -0.68891379102803 0.568457063022886
-0.299191177294132 0.710122790965507 0.637346264742102
-0.432902247497856 -0.554781584460576 -0.710501961752898
-0.751771687843514 -0.492055753609572 0.438999390314646
-0.213512424978114 0.97388851364881 -0.0771596226201097
0.366552391221047 -0.164864030285689 -0.915674175680461
0.965726558208856 -0.132600005701573 0.223135504252505
0.00568860058574265 -0.906913646079806 0.421278148469165
0.159199294603902 0.967369521061456 0.197108585097018
0.633542368281365 -0.754015201975231 0.173450692655549
