# command_history: dirgen -cart 0218 dir0218.txt -force  (version=3.0_RC3-1000-g3151ed7a-dirty)
-0.464484321243942 0.866126591065621 0.184605101683572
0.69449691875995 -0.548753807301557 -0.465342120170721
0.815161773637539 -0.470974619573085 -0.337185691449221
-0.810929076208351 0.362128336032451 -0.459627133231099
0.705822635266885 0.215466781346583 0.674824772575113
-0.177794469750115 -0.760545975234975 -0.624466929532827
0.568435001695082 -0.726047564766735 0.38695811471554
0.12512551705612 0.6301220542366 0.76634835534898
0.343955906976074 0.852588594979414 0.393429818096311
0.0178523245834677 0.730945150163271 0.682202669270474
0.601295484690804 -0.793836842667545 -0.0909219847675719
-0.226994771373783 -0.417808207914527 0.879721362232506
0.66178010095697 -0.222579707010644 0.715894805124635
-0.574397802337455 0.507648277183637 -0.642152934543156
0.930001492517016 0.188185137795504 -0.315727062237322
-0.550157450564302 -0.519047406870743 -0.654153322248955
-0.662742617680352 -0.0669224585704701 -0.745850928302083
0.244990821337033 -0.0637779690420818 0.967425381166668
-0.812760103912362 0.481480505191436 -0.328020634425589
-0.462923802960011 -0.148299980872408 0.873904267254877
-0.0464383880291968 -0.238041307647949 -0.970144222252807
-0.326993997407036 0.202604152086798 0.92305280629927
0.694017178965067 -0.373788874961656 0.615322705786378
-0.604183520581614 -0.185876810756399 0.77486262310208
0.340090458872468 -0.497583009441927 -0.797965931916038
-0.903775326041127 -0.0604974276582588 0.423710067482458
0.136837215146033 0.381475599782085 0.914194696616633
0.277491796117972 -0.747785726047362 0.603170631751116
0.0758764997128064 -0.623931758886955 -0.777786549795999
0.120190514627442 -0.824311340852504 0.553231464701292
0.181391574236666 0.859536250659167 0.477801769145663
-0.455210296073541 0.729138763723043 0.511018834863327
0.148589183881289 -0.973382297894001 -0.174494001559041
0.183227729871996 0.971045858253381 0.153289073892793
-0.983101767820648 -0.00911381672248502 -0.182832853865671
-0.315018587759713 0.910212171878646 0.268843991061424
-0.787833903481996 0.587972150986105 -0.183320730385556
-0.405138613266196 0.365541444597966 -0.837998899952724
-0.224158818935067 -0.572119636092696 0.788943563184843
0.488220112505897 -0.180033655881368 -0.853949064344425
-0.822025006576572 0.238665290113642 0.517023952885897
0.467813531847078 0.881697178816666 -0.0613236030211477
-0.258885373494895 0.496837037153847 -0.828330442457957
-0.750421546923687 0.109927779294638 0.651754083417979
-0.740555190824693 -0.670640299290637 -0.0426567498758178
0.907666141728289 -0.369150286139007 -0.199675339998639
0.502509894429213 0.327717849358144 -0.800053009001787
0.243083975248969 -0.347268835723716 0.905712171008127
-0.595759022447832 0.686342336659348 0.417139525915478
-0.843292997966505 -0.532067294141198 -0.0759033206515222
0.99747677743703 0.0693390900822633 0.015237094880652
0.464815735860873 0.838538210878566 -0.284253409113573
-0.886701209207082 0.209218532829312 -0.412296702765677
-0.608002652625277 0.75170713562702 0.255478289974017
0.629377585977241 0.756008571067073 0.179819061121407
-0.499876655579345 0.479292025284599 0.721389273350662
0.344629072893676 0.910205179722703 0.229689644787064
-0.271914079390551 0.630545025927491 -0.726963344129049
0.34087298775652 -0.204951538802505 0.917496851744151
-0.963543259295759 0.00130401444475163 0.267549410412419
0.325676195805478 0.380963953642907 0.865333162146486
-0.303725653436583 0.947772352255663 0.0973565392990471
-0.248630425931769 0.633249808835914 0.732924000773794
-0.014461275705728 -0.217628544230987 0.975924529992388
0.908203496465779 -0.417499570310416 -0.0293345836505508
-0.704955471650789 -0.696317299888891 0.134833233533346
0.0664202893296937 0.367213864018612 -0.927761997086473
-0.378348889173922 -0.458018570714156 0.804407301646263
-0.486500723300244 -0.74603635641309 -0.454694184192211
-0.801189634280718 -0.0759459466582609 0.593571716903114
-0.102276204275884 0.577221251771509 -0.810157518351987
0.992494345600084 -0.0616005110476392 -0.105642562400445
-0.136691408942172 0.990612382246522 -0.00160214271374971
-0.27521252094658 0.921046637887716 -0.27555609075098
0.634790572386467 0.357380103241894 -0.685069624940469
0.292490661081594 0.65144202284264 0.700051786694914
0.0315817247809096 0.509248454725657 0.860039886295626
0.991079808195063 -0.118197544986027 0.0615642278219614
0.0215953591415676 0.99717324568535 0.0719663709859736
-0.725902675065063 0.61884755869944 0.300154969016223
0.304368348848329 0.107363275272204 -0.946484566880077
0.571017060406965 0.231542322929488 0.78760883020482
0.698269915448978 0.472650698001996 0.537606215418966
0.466933917300483 -0.811747996380262 -0.350767597202273
0.150420226418031 -0.221134869820323 0.963573103004591
0.506587751861949 -0.220514278898345 0.833512028986624
-0.494468443277653 -0.818847279507983 -0.291530601215292
0.013439183525266 0.915930618914721 0.401111567622614
0.844421866618171 0.215829906382558 -0.490274578871861
0.196572154040859 0.243759662622148 -0.949705541277966
0.815593930943063 0.569605118613284 -0.10176712955758
-0.112466658460395 0.711972136522308 -0.693142790159872
0.415127917433113 0.232709294638789 0.87949712697448
0.707948461672393 -0.284198627214138 -0.646560218313262
0.228184885994893 0.513278543289911 0.827331127663939
-0.313799870354888 -0.905589866817459 0.285371047029641
0.333754739407878 0.767185721689158 0.547753450339718
-0.884835691672043 -0.0788658455061875 -0.459179678509242
0.94426495379509 0.135959377920607 0.299797839534907
-0.0417041705502358 0.0846811072029739 0.995534967864814
-0.594553019014309 0.0787705754474826 -0.800188667768198
-0.0454605569989038 -0.781244445114574 0.622567630651458
-0.489205016596558 -0.863871948858139 -0.120015447809029
0.765316513223408 0.490187923052873 -0.41714078520408
0.129104533114988 -0.914861084574841 0.382571843527078
-0.96657196108675 0.248897517956892 0.0615521697084052
-0.0595461728800669 0.373853228499261 0.925574425335973
0.271471338878039 -0.847231901908699 0.456619553409546
-0.166067966653804 0.499576893636346 0.850202539278806
-0.537715556890598 0.807968899437237 -0.240932018254144
-0.134027911808365 0.971883110234716 -0.193596846298651
0.420347180157811 -0.346220055158327 -0.838713253466011
0.903781383604725 0.423379292097518 -0.0626832168330057
-0.732171191422812 -0.564006417860865 -0.381866608990961
-0.488199612704808 -0.384759963966603 -0.783339586822531
-0.577664328913346 0.812812461891065 -0.0750987676042684
0.784027659303604 -0.228926948076023 0.576968874283102
-0.867502081265297 -0.241774346049491 -0.434724400733061
0.410057696198516 -0.623418532698096 -0.665734195363975
0.315925864482972 -0.844440946574509 -0.432562522531753
0.673050884750015 -0.707779398722418 0.21459456955234
0.832449451698951 -0.527925173578843 -0.168294151615157
0.773559847495305 0.307672032495426 0.554024442387855
0.629217999620671 -0.147315669821963 -0.76314009354657
0.0150533001122907 0.993953520936438 -0.108764867368961
-0.929969311859219 -0.310831185491065 0.196318753883346
-0.651034941646709 -0.498371943084466 0.572519791012748
-0.644182111940607 0.445960804706132 0.621408374035625
0.741139480103446 -0.0691348318343384 0.667781885093652
-0.366617102819224 -0.729473263177301 0.577460525256834
-0.124693856692163 -0.0772859355664042 0.989180633790846
0.554382460189077 0.00215959571595916 -0.832259228835013
0.860659663758346 0.346205495519911 -0.373372063833362
0.0633826978635199 0.521918086053344 -0.850637493331887
-0.0260230852275641 -0.880552879009379 0.473232951413502
0.335992970460326 0.94012942907585 0.057143506951913
-0.424670986692461 0.510640264317766 -0.747596865642931
-0.94951899452098 0.29450656106928 -0.108072033991286
-0.518214241834102 -0.627780219012231 0.580814941420468
-0.795288033831889 -0.0968414016474495 -0.598446895029764
0.935148952303746 -0.0477465874170534 0.351022364522878
0.728860293578654 0.21871370651787 -0.64878886166892
0.500858154282237 0.743384383549872 -0.443306629302075
0.0137232094170799 0.836087768111657 0.548424030780347
0.430290215888527 -0.749455726366445 0.503156480955129
0.228936054691634 -0.0623001483259615 -0.971445816492506
0.879116134007652 -0.309232271831135 -0.362670959666742
0.572659752888336 0.803375700159691 -0.163243045226422
-0.559472402235461 0.594378273659129 0.577672137928493
0.446885553113358 -0.894490920508283 -0.0133901287078602
0.4331777097892 -0.639366518541335 0.635269648818607
0.0638109594811535 -0.0583176690582463 0.996256598937095
0.402684026455201 -0.0331416756743086 -0.914738872122163
-0.43097974971728 0.0618924795383972 -0.90023651131812
-0.815489211325009 -0.411629429232305 -0.406864300722492
0.0907830006302373 -0.416900150713924 0.904407381179122
-0.823252900326859 0.567645829566644 -0.00573360959698388
0.579798743725797 -0.62597826149488 0.52152145968295
0.60142927580531 0.617370167232583 0.507086681757185
0.250298674253402 -0.358812991822389 -0.899224004665387
-0.748333970546433 -0.627375000766156 -0.21539934294207
0.395987147799563 0.525843218385383 0.752783560165649
-0.162937067763428 -0.965057446422349 0.205220946916808
0.966722331481264 0.25434848753934 -0.0274732725003675
-0.410896339458496 0.840573994061537 -0.352986626838813
-0.842518619737348 -0.479608922753786 -0.245229803675708
-0.0160990116669625 -0.970134932880179 -0.242031059636811
-0.449921712908714 -0.651295733052331 -0.611051814792425
-0.198530306036267 -0.818429452164161 0.539220687117452
-0.759930905739387 -0.36172100159992 0.540058270470572
-0.356058678722306 -0.288138122906562 0.888931178120336
0.955163567892638 -0.194530448311463 -0.223204980343959
0.281219565497028 -0.956151052098026 0.0817968309502348
0.916592484183208 -0.134412213682086 -0.376552220484671
0.238027576789825 0.240473690318783 0.941018212869459
-0.155161121888715 0.852971986144796 0.498361131215544
0.215196959162181 0.706194575960861 -0.674521674707944
0.51176848366733 0.0806463460707442 0.855329869693722
-0.177988975655745 -0.983704728218368 0.0253955158609918
-0.17175738681622 -0.906459470268482 0.38578572917443
-0.644333408563084 -0.620260149708657 0.44733858015252
-0.41500606127623 0.895258060667101 -0.162120245233503
-0.769665624951981 0.39883943206178 0.498539801018848
-0.687209218071319 -0.0397437369194432 0.725371577864397
-0.979941777575299 -0.129193407183689 0.151733898990413
0.0560292343915958 0.660977799734716 -0.748310813199533
0.376432185151752 0.605886909916376 -0.700856520533171
-0.730346283086159 0.670273891896714 0.13163288579935
-0.151333755776778 -0.0937505203551666 -0.984026897140332
-0.334766375637141 -0.0858149202640204 -0.938385460886332
0.559271657470605 -0.367397294328743 0.743124781762795
-0.62528680706869 -0.699553132599429 -0.345892792026906
-0.573584882185817 0.320740351405581 0.753741341514519
-0.908958781297222 -0.313688233952835 -0.274578997343607
-0.702713148055721 0.612527090033979 -0.361945846120831
-0.880760281455036 0.449802996774521 -0.148116814386165
-0.708183289270408 0.501953462455896 -0.496506948920841
-0.183622991182589 -0.929172362922706 -0.320813523857386
-0.71290824486852 0.700100544859472 -0.0402624078509699
-0.145750983693393 0.22424287238391 0.963572407729394
-0.34573945264995 -0.829923339482904 0.437825857462596
-0.614411831242622 -0.788929507725544 -0.00939858867164899
-0.746502272614099 -0.602643864719367 0.282054479308682
0.85097249576737 0.465365425038153 -0.243476554572538
0.847623098422644 -0.0762133553797896 0.525096760113934
-0.327179108930691 -0.936829634023738 0.123709609546992
-0.897903353337626 0.333700500685519 -0.287077592137177
0.956892024439959 -0.172026405864145 0.234018309644054
0.0153541609538649 0.954565858576327 -0.297604219361626
0.518738606622674 0.491287206636391 -0.699676452794132
-0.617627467427975 -0.722732093454552 0.310152595619167
0.921619118865191 0.372553857335441 0.108728207594133
0.97046398054108 0.19737223098884 0.138722258152222
0.851095814516134 -0.0700155773984047 -0.520320798579767
0.155310426615713 -0.926944647380392 -0.341543982639551
-0.14635890438679 0.751372553457956 0.643442582533025
0.304677078729112 -0.750564186567335 -0.586366165070606
0.635748710863634 0.374275841990069 0.675086046913912
