# command_history: dirgen -cart 0166 dir0166.txt -force  (version=3.0_RC3-1000-g3151ed7a-dirty)
-0.294319723059072 -0.480835425437288 -0.825937766579888
0.156361868638195 0.872179908246715 0.463522570849279
-0.821478531226102 0.443729005250836 -0.358158613792421
-0.3050720184007 0.033192314006249 0.951750667916673
-0.961142158179431 0.263118876731655 -0.0835117265876941
-0.684387106302175 0.609412336333011 -0.400288512266435
0.424277848781731 -0.500598586418996 -0.75457893046947
0.620405913136031 0.623759273440816 0.47541652447347
0.497311794609547 0.841416505048259 0.211421957172392
-0.54215109810063 0.0492623670429376 -0.838835744363346
0.34029069092416 0.92991884728322 0.139474668444865
0.912803041498938 -0.29114687036017 -0.286398511360948
0.940870000037658 0.0839268260735217 -0.328207146318241
0.428774084780912 0.809911901096257 -0.40024429625285
-0.137146822359039 -0.754962615213572 -0.64126609043883
-0.0338418846883993 0.829888158969902 0.556902478394812
0.543108687116183 -0.775736260469891 -0.321350600078988
0.0734686670380365 0.227930635526436 0.970901632685912
0.865866346000075 0.0949323620255907 0.491185624285484
0.63519312609892 0.313676151308831 -0.705788186821486
0.453503699060427 0.598369677442972 -0.66052110038613
0.418270768855351 -0.569183477590901 0.707869855805911
-0.469961567318256 -0.655162700178851 -0.591521733783405
-0.0152065534338377 -0.853009153434557 0.521674366716944
0.786660314615589 -0.168978628801778 -0.593811226247175
-0.199362070762957 0.805194383216241 -0.558495093960657
-0.565021574392081 0.823345924419626 -0.0534051421970404
0.241254544195327 -0.61111664975007 -0.753878428729298
0.298777790560636 0.912735924531554 -0.278648459420169
-0.165009606258344 -0.758852755479852 0.630011369217336
0.635560135193134 0.719671430464669 0.279528794091455
-0.78221313351554 -0.604875712257297 -0.149224617530178
-0.265510325347369 0.231343595539284 0.935940386956825
0.482032585372125 0.852763426235093 -0.201094817226228
0.0680692185325912 -0.972979452782709 0.220629929862252
0.986361480649594 0.104705811531466 -0.12699497046056
-0.334408666101069 -0.939652078000311 0.0722828911029582
-0.320212126594176 -0.173009207431137 0.93141398321374
0.190950202631641 -0.980661301241425 0.0429119139914579
-0.399228000283405 0.781430444802488 0.47956591176344
-0.0614931457375673 0.534185109040565 0.843128022489241
-0.0328974937003352 0.209070807161382 -0.977346996977596
0.889588549047825 0.452744432439614 0.0604540511290858
-0.716556660872702 0.452117528252366 -0.531165033116765
-0.635366049114034 0.124166352596232 0.762163171844567
0.618057781300756 0.496410808668143 -0.609574349863105
-0.990649775711102 -0.105487197373255 -0.0865186284789585
0.372547107695575 -0.0208611189662961 0.927778780886444
-0.879308248896931 -0.454607350872752 0.141947736700065
0.152671094633116 0.954071118327554 0.257759263726325
0.881239255444906 0.268158502593882 0.389240789421555
0.868730348795312 0.242698801024219 -0.431746306369125
0.369828048994012 -0.878068306785851 -0.303682832566331
-0.122843516039998 -0.602815781889848 -0.788367048824
-0.818274968581941 0.0921917831236118 -0.567385892419535
0.0478252214508117 -0.735444473144094 0.675895091796787
0.775059340494577 -0.592101741539483 0.220677471387594
0.484414746261208 0.0419139146199368 -0.873833838533346
-0.78582131125404 -0.616723168438138 0.0462320266763807
-0.228966333317528 -0.857172045623906 0.461335563779831
0.137890416742581 0.0820557285154468 -0.987042598061683
-0.249661634779232 0.497082935098124 -0.831010002198286
0.82740216794343 -0.474951189829182 -0.29971156094211
0.229563984593074 -0.318604102006675 0.919669398839752
0.836451335129416 -0.274671736706692 0.474241079003861
-0.931785427027247 -0.275976868634787 0.235823421140032
-0.840536844797598 0.540883390821906 -0.0307078177455927
-0.717974473904483 0.504834428033053 0.479223178794726
0.9692372248488 -0.0833396003843456 -0.231589535547644
-0.576915392000564 0.315981214206918 0.753209468037383
-0.643422257760642 0.752010236726207 0.143137703199373
-0.112078742018618 -0.636266637673186 0.763284430190727
0.863779415051383 0.429345220975346 0.263719175182847
0.0108948459346888 -0.927432721026841 -0.373831312627513
-0.599272581153419 -0.134946459538004 -0.789089238639
-0.744453094375081 -0.0943411518950561 -0.660976048987011
0.945114021618323 0.273527939659755 0.178723116484492
-0.3022177590309 -0.644611593222887 -0.702239503309941
0.705415768707003 -0.341949138267859 -0.620853750973107
0.0339955339688874 -0.987151937914461 -0.156126087320137
-0.317693795346868 -0.781581724849381 -0.536843235758418
0.89823734087608 -0.131879621067226 -0.41925820803299
0.226871644705492 0.105344337036909 0.968210631775379
-0.294640825804695 -0.574317836347478 0.763770781466717
-0.570124920875565 0.656555843541033 0.493854228400197
0.133071399832106 0.472858120365414 -0.871032261487031
-0.77018479225419 -0.268055232848924 -0.578758825351873
0.997701499269717 -0.0663336384075445 -0.0138407648118414
-0.473477389791982 -0.505400230351449 -0.721380460309589
-0.689381209840762 0.0867879030669466 -0.71918106718665
-0.524336008020651 0.744119734592177 -0.413953585904791
-0.389516857936486 0.918954163038802 -0.0616430338070848
0.958223895917635 0.284369957233699 -0.0306707142944799
-0.825012629689289 0.329238794814535 0.459299441369394
-0.401124980800796 0.214339121960138 -0.890593897674422
-0.901470560219392 0.420475083232919 0.102720657309057
-0.655772043672477 -0.750743115261036 -0.0796730922318123
0.271762867432216 -0.933454762995204 0.234109267921173
0.861245294778496 0.0398272638414839 -0.506626421810788
-0.150278710656269 -0.975569470385245 0.160251419886823
-0.209686018345112 0.1227601803882 -0.970031809695759
0.0855436620153954 -0.340604188517532 -0.936307144399374
0.978113533210614 -0.0821908182760037 0.191150688048382
-0.746297937797054 -0.00263461678314235 0.665606826012377
0.564161097537201 -0.602478108440594 0.564572745423886
-0.410246594626011 0.331789266423456 0.849478436620934
0.468934944108371 -0.147240865762496 -0.870873208706979
0.287642103102928 -0.95056417548326 -0.117003285468211
-0.627915807824264 -0.311864747293309 -0.713065296925943
0.582050577717926 -0.506200482449733 -0.636378972425932
0.460388478793047 0.339283586003913 0.820322556597677
0.482643784560979 0.772871574195865 0.411976342797328
-0.107553349215759 0.125656720821498 0.98622647783603
-0.632862661340546 0.737598257509411 -0.235443543976134
-0.348147799136967 -0.735331158192382 0.581447502142314
-0.315727858326657 -0.381477555141056 0.868786967213519
0.00176945868244054 -0.999479924916761 0.0321985823345902
-0.950657493309702 -0.0974393282483563 -0.294543558280643
-0.325128617865444 -0.881620424415738 -0.342106429489304
0.635086859774066 0.476002738947098 0.608347000532736
0.771881816971273 0.426889753704109 0.471130129382076
0.48358277058917 0.246686168075469 -0.839817622147537
-0.965105681986122 0.239846515706528 0.105093632069413
0.47605498821477 0.433576060061307 -0.765103553996156
0.608482174193603 0.728131842263382 -0.315552632647487
0.916601891896809 -0.082971501180768 0.391096793342774
0.629100655829222 0.112825756935639 -0.769092135837536
0.0701544161263279 -0.57542470496411 0.814840332098836
0.545096458738706 0.674020608048626 -0.498564008524766
0.340361669687999 -0.846261112893551 0.409873227487923
0.835702191788705 0.431356418897514 -0.339902171978155
0.504517669102903 0.863388307856216 0.00474883355723892
-0.237861626397468 0.664331340957319 -0.708580070358602
0.421901735777078 -0.396871887582927 0.815163560394265
-0.148134756102893 -0.286470295096336 0.946567939485463
-0.0512820994223664 0.697291536375153 0.714950809201873
0.718758736790355 -0.276223558268314 0.63803324689637
0.582765769992435 -0.43575696849328 0.685929968535179
0.715877209042825 -0.696945899934767 0.0422638632542477
-0.478893710825857 0.86822029767103 0.129824221328179
-0.766803077284147 -0.197616754763749 0.610705050662107
-0.20935973772974 0.866262325015272 0.453605648638626
-0.136934540138782 0.907727099769908 -0.396585985708386
0.171301064971276 0.983500532627429 0.0581605318173011
0.759221162997738 0.604344460217702 -0.241559514531175
0.646991650011573 0.752918601755452 -0.120479807212319
-0.228508233593196 0.754236003813121 0.615558313835603
-0.694600017722921 0.640629699579658 0.327298645575864
-0.242672480733287 0.441799477245779 0.863668506430626
0.0827303394698185 0.933830099797414 -0.348018728868951
0.703409465905394 0.565381665882434 -0.430765243675361
0.0491223131087276 -0.401357867067806 0.914603116601748
0.920773440675437 -0.2595296680056 0.291239802176181
-0.572041726209155 0.251630719690066 -0.780672943289256
0.892473455264884 -0.419512804194991 0.16583165790649
0.464460095141816 -0.851580322106591 0.243079770901839
0.757643270682062 0.383926551240924 -0.527804014424329
-0.0513830991523456 -0.00487461264217275 -0.998667119351132
0.105549275038485 0.424469510433568 0.899269139496701
0.783240616052619 -0.603462487671858 -0.14955655565172
-0.270745479475499 -0.299590558488233 -0.914845551231622
0.748818478741807 0.568472889277331 0.34074838231676
0.390183982691744 -0.722411293258046 0.570857585588601
-0.41483299900596 0.654591323898376 0.631999827225208
0.178979446743286 -0.945312698941815 -0.272672438766386
0.428323628556427 0.16204637709847 0.888976850592588
