# command_history: dirgen -cart 0136 dir0136.txt -force  (version=3.0_RC3-1000-g3151ed7a-dirty)
-0.174008850466763 0.926111818732909 0.334720509025754
0.462498363394406 -0.78854615212196 0.405327311972863
0.0151893008557676 -0.278862511721277 -0.960210906361729
-0.573218325312191 -0.755258589987491 0.317813174327928
-0.189621602469554 0.251212926092299 -0.949176334324146
-0.0171351712891462 -0.974770233615096 -0.222551965982919
-0.303992429032617 0.722998404015001 0.620372396938009
0.873791207462062 0.0585550324735615 -0.482763124041192
-0.992363137337966 0.00921953608711881 -0.123005706400508
-0.224301950665135 -0.0814685343982539 0.97110839396579
-0.38975535553261 0.428345285432138 0.815236824046675
0.88003101320247 -0.359882346520003 0.309887257668157
-0.495529982327954 -0.858077340900505 0.134734233389944
-0.819329793913591 0.572306671115457 0.0341139707782246
0.0201027779470189 -0.0523410599550187 -0.998426908572479
0.329330383428991 0.515278348933451 0.791220400186276
0.519906165722648 -0.690819537378774 -0.502459894538213
0.297459044737918 0.708951574879724 0.639457411544478
0.941341884398835 0.083486548306741 0.326963993320788
-0.510897024830379 -0.38074425108939 -0.770725661491719
0.276753947354786 0.8458225698401 0.456060777717876
0.793565001789488 0.532349814077848 0.294717260075025
-0.0958262723477738 -0.790117075852088 -0.605419137436929
-0.930372139266768 0.3538807137492 0.0957920816797218
-0.0204083052333053 -0.388843158723457 0.921077900609644
0.18964945286479 0.981114459115203 0.0380460660669297
-0.411629688603356 -0.20806870307643 0.887281474088351
-0.444478791635151 -0.851990749762383 -0.276677368257487
0.855924477675642 -0.0499890325070823 0.514678914610542
0.743065874648139 0.613611642769952 -0.267083990142723
-0.955920029646532 0.038066121121469 0.291149218345747
0.0376180782116235 -0.505579674988792 -0.861959437810093
0.0902865638599523 -0.936090854795041 0.339973893049824
0.82125727434212 -0.276594150074023 0.499031226963785
0.42423573938285 -0.0108187293194736 -0.905487157571105
0.729112961308152 0.041304745960927 0.683145817240771
0.37719854291385 -0.925540090779349 0.0331179646690826
0.550371721531878 -0.77807299669979 -0.302809147722861
0.842531513360999 0.270457981860584 -0.465825212973198
-0.155417967800642 -0.916596521937949 0.368369476553058
-0.442134268493523 -0.726198937093549 0.526452649711156
-0.986749186305193 0.134137413524999 0.0912863495757367
-0.73864208353636 -0.184551694654735 0.648342921939564
-0.0196339518403514 -0.171144920300761 0.98505021404514
-0.475446489017357 -0.743601208571205 -0.47011475055832
-0.480537661696171 -0.596533537999622 -0.642830688232313
-0.898159432575551 0.426914156567209 -0.105137703028325
-0.72181381764478 0.178108031742977 -0.668776750258045
-0.206698121818529 0.361777455870379 0.90906158144575
-0.237057494245259 0.577566491641368 0.78116623848912
-0.839594279184234 -0.537839166292214 0.0762264885928987
0.969952631768246 0.209640212317704 0.123462032646649
-0.755446598982546 0.0386304368530451 0.654070428496999
-0.967887412400339 0.222595658289273 -0.116812370182875
-0.703037966648138 0.690304022855611 0.170932657735764
-0.572845326091691 0.0603980146746074 -0.817435203669544
-0.315189306013934 -0.642316068287087 0.698631354717689
-0.584450559844206 0.618533458664917 -0.525198918134653
0.562665338665347 -0.286102410036813 0.775598560877815
-0.510826582974611 -0.536913958873244 0.67140122348231
-0.844057707940322 -0.173464754501479 -0.507421486155516
-0.3933596959068 -0.917265915711181 -0.0623810028024411
-0.919299950016349 0.264905144375307 0.291054748086055
0.576893589723046 -0.354875779382448 -0.735701683662718
0.238481617209435 0.93701580933578 0.255201667917721
0.561858463226063 0.313156992538561 -0.765668182260077
-0.416728047856735 0.224147129318021 0.88096299499355
-0.352666859099644 0.830918837250859 0.430348663753558
0.145789770310203 -0.741853376530633 0.654521894670451
0.392857496226154 -0.160241593272705 0.905530573445393
-0.290224513082655 -0.943184057053556 0.161782466682675
-0.0410653074235241 0.60092476114251 -0.798250005932996
0.642444344531391 -0.697526252781545 0.317367910886036
-0.88004647056905 -0.401743073780417 0.253220679069503
0.239814088115359 -0.844369210845715 0.479092724759189
0.83405245305889 -0.493593504515149 -0.246418257941454
-0.238005144453106 -0.807065014301332 0.540369886193381
-0.750328714931636 0.503574031618805 -0.428275628804889
0.653051959558237 0.602877660305164 0.458324846394037
0.0674754986075691 0.98077074939152 -0.183127808444422
0.00132170681083369 0.850743973243429 -0.525578676394971
0.790032061077731 0.391008668369761 0.472188059706065
0.465851173292351 -0.573301720178875 -0.674023606398235
0.2222953546684 -0.142312670570066 -0.964537132042135
0.941831060336243 0.185123636480579 -0.280505780692867
-0.992393670687499 -0.0895739009541523 0.0844471352222641
-0.680076078287563 -0.726868386988731 0.0957020153257475
-0.130224642690054 0.835064785895455 0.534516927508967
-0.60280612339095 0.135218217847983 0.786346495613982
0.0743157905423576 -0.699124992112023 -0.711126858359623
-0.758346034384071 -0.643562990370193 -0.103624174591304
-0.946854135187722 -0.314240648326692 0.0687027045838152
0.736168280713587 -0.265420663273741 -0.622581829142586
0.68236564157663 0.4011866679861 -0.611086236652345
-0.495094092836366 0.512958754276246 -0.701252561956032
0.327619468203668 -0.90382680267953 0.275250058695804
-0.697304711800231 0.605081944451645 0.384242084368454
-0.38821284421792 0.896604860646478 0.213050490375738
-0.863996126433371 0.161156614230108 0.477010732791223
-0.673715358090309 0.408401042752324 -0.61588651921605
-0.289086910580449 0.594368195900864 -0.750436676764005
-0.771819051565795 -0.471063786401968 0.427076410939211
-0.583069826799765 -0.808035791462685 -0.0843073946398782
0.376747455730595 0.85774317734746 -0.3497684895962
-0.380900291134334 0.378235121745779 -0.843713909386195
-0.891523646784002 -0.437575906607358 -0.117102148493111
-0.181572070782505 -0.18064996786028 -0.966642215208829
0.211658513693855 -0.970505724131537 -0.115409328084125
0.599727466683081 0.0884685774040105 -0.795298859874705
0.18054613748504 -0.974214077526895 0.135314535019909
0.65329838658192 -0.494102357891343 -0.57364107071903
-0.383852707273495 0.707034671838183 -0.593935242208678
0.16210665976056 0.410752865569031 0.897219880680373
0.13259042676544 0.620551022363194 0.772875285783
-0.386876614800507 -0.063098358757257 -0.919970152799884
0.374956766557533 0.436122160593316 -0.818049438757914
0.172329459293616 0.530601800179605 -0.829918241217611
0.900219006531409 0.308679288222574 0.307120232648403
-0.0241533583256529 0.999638757540737 0.0117885412161382
-0.190137849461011 0.038718254922905 -0.98099362634936
-0.218908685007997 -0.30676198474799 0.926269978106569
-0.805264466289345 0.392719249375715 0.444207981132162
-0.935005536316889 0.140306760871144 -0.325697190516919
0.702175495318483 0.253722073342886 0.665262867799512
-0.642352267301632 -0.45562570456113 -0.616270056091991
0.633441337319033 0.721307336994626 0.280121041289647
0.687936226236782 -0.721917799665141 0.0746889493682763
-0.522892151524731 0.833959846237247 -0.176337099720354
0.553140903004581 -0.830354639183267 -0.067426364354776
0.788217357667903 -0.576015241492587 0.216609876596768
0.0573773947400318 0.904910003020598 0.421717584416525
0.620891876335256 0.613267873623631 -0.488257916558488
0.180266270142621 -0.453311261957669 0.872933543651069
0.557144374303817 0.162914542296572 0.814278206812577
0.0991845642805285 0.719804223110532 -0.687054803200389
0.356585632831233 0.288688867736305 0.888541177494594
