# command_history: dirgen -cart 0097 dir0097.txt -force  (version=3.0_RC3-1000-g3151ed7a-dirty)
0.362521879209061 0.0491741527471791 -0.930677059885075
-0.326539976046254 -0.185390419487518 -0.926823627453441
0.742977582038778 -0.170976907617269 -0.647109889933269
-0.0566115725748356 -0.908017102858184 -0.415090436853988
-0.556681957281173 0.708565250623955 0.43363635000518
-0.811967936710627 0.581959707704427 0.0450662663470799
0.8827947677111 -0.0207079386766992 -0.469302226052325
-0.506135703409518 0.312949740107965 -0.803672265230367
-0.533696086829702 -0.237394471677644 0.811672564350647
-0.628324019381647 -0.724851734943503 0.282486971411931
-0.684225369363053 0.47871335271909 0.550153769275865
0.255478300022937 -0.312537102298276 0.914905130548729
-0.662363877152126 -0.749057523159984 -0.0136719143294969
-0.460280500493976 0.587179074984567 0.665854785043468
-0.232523410724746 0.968849622436393 0.0852248354048864
0.264864322251496 -0.94773139976755 0.177910327673508
0.0635853187005044 0.695314537456955 -0.715887282501077
0.216362587691836 0.424121942310502 0.879379217799727
-0.377348090653092 0.523164832208261 -0.764138061361276
0.794324553153747 0.590590802331857 -0.142306038024088
-0.902376887510146 -0.356945326378099 0.241466326564045
-0.580759161105734 -0.575349683791678 -0.575926677757317
0.422142037052666 0.814837392435701 -0.39728594795388
-0.774517829081418 -0.475009563062423 -0.417717664738102
-0.754010073047572 -0.513656228414215 0.409421651545298
0.915257195285119 0.319802468876136 0.245011524993307
0.32168692123281 0.689048604192462 -0.649407072465473
-0.204989632446473 -0.785477817579353 -0.583955348190455
0.604790520631645 -0.0786953838864609 0.792486884881426
-0.733144435863895 0.240051021956144 -0.636297684279632
0.438680453366952 0.48014309463431 -0.759619686756967
-0.559057679908418 -0.172529984114853 -0.810979602158245
0.178817370853924 0.509742624388901 -0.841538356084858
-0.264020559810945 -0.963932027796162 -0.0335885365250355
-0.427528974423587 0.866437253083637 0.257886530274842
0.673834158135249 -0.627892023358452 0.389485730589697
-0.177941514581895 0.197075552798511 0.964104788846867
0.676819109166925 -0.725070136763809 0.127236748778808
0.19336629339794 -0.91686707790883 -0.349233787060281
-0.289498953586156 0.85563263222961 -0.429049128348199
-0.863523516692944 -0.20267214822576 -0.461791226044635
0.199475499162853 -0.629943196626418 -0.750587166329015
-0.317979211483986 0.429077957708985 0.845447412481882
-0.617870042425161 0.485667395627763 -0.618355715990138
0.985942867647784 0.166794473832245 0.00981148477492863
-0.282405295736382 -0.291116859605085 0.914055918964327
-0.058873128958037 0.837652728959905 -0.543021049640541
-0.877583896551636 0.0913352919320585 -0.470642506538598
-0.48908915550426 -0.856690788469471 -0.163928920327337
0.0522068113400056 -0.430652173863918 -0.90100674470061
0.846141167841464 0.253845442249677 -0.468623106059602
0.636743196784849 -0.756118221358565 -0.151140122660301
-0.939701299224294 0.340940401263985 -0.0268535104246566
0.575127104430331 -0.348275659743662 -0.740224883788501
0.961058800100862 -0.147533962443431 -0.233665814090191
0.964077273384291 0.106271072490027 -0.243436788706494
-0.498804747530903 0.817410638524472 -0.288155638271485
-0.594502569343354 0.0291077487344449 0.803566695432161
0.469805240175955 0.408187382150926 0.782729900640053
0.910854620750624 0.412657565989836 0.00758901104101741
-0.892904473770376 0.393516017317151 0.218784699729427
0.0744536433483692 -0.793622660034445 -0.603837501710523
-0.141685054147428 0.0657718549465827 -0.987724358577901
-0.842720252683952 0.295926706320027 0.449722092189029
-0.435855428251381 -0.770537581648621 -0.465082660320614
0.0300337684683534 -0.948139706827819 0.316431776356369
-0.46758694311546 -0.875507178508981 0.121859062064271
-0.029297496495979 -0.984323997670483 -0.173919304015017
0.226818141731169 -0.701392714684783 0.675723161042102
-0.555911307020008 -0.627141998120921 0.545578163896069
0.810104686296953 -0.386736685779128 0.440641728746032
0.422424577767861 -0.199717341319094 -0.884121292399452
-0.328164551042721 0.780233644947603 0.532488015574724
0.231744629754632 0.944663572549409 -0.232174850658023
0.0764031208354582 0.192910475915903 0.978237246995074
0.0767331919682973 0.629737698256831 0.773008698944938
0.965448074870801 0.0462176908216965 0.256464305086252
-0.0128113069143444 -0.30527220423091 0.952178949430803
-0.636265924378466 -0.700655910138761 -0.322872992153945
-0.384582287403304 0.071360851875657 -0.920328252872432
0.749646255614435 -0.579234669258382 -0.320183836838136
-0.346622317508121 -0.61549597128896 -0.707826022644237
-0.937153111447701 0.231508239275956 -0.261051682337503
0.000760773018340971 0.99727400517928 -0.0737833302182289
0.467590971495704 -0.6935314025135 0.548062840469377
-0.189441932033344 -0.853119657964293 0.486105547779864
-0.759604386098074 -0.0654627783275549 -0.647082530496849
-0.835615361545365 0.506760999903283 -0.21199117086906
0.11151825659922 0.0583665218323221 -0.992046887790223
0.797504632392795 0.579734600786207 0.167015430314956
-0.471439381925244 0.881673262460372 -0.0199290599986346
-0.284404491783726 -0.910195649453722 -0.301094610992556
-0.666822674636809 -0.391495339499385 0.634096932448402
0.104317569525421 -0.523280049803604 0.84575163858301
0.694639754654098 0.337451388411893 0.635296916184063
0.995950339567706 -0.0878753100861164 0.0189960783384555
-0.741545170244821 -0.12268717128167 0.659589734978859
