# command_history: dirgen -cart 0234 dir0234.txt -force  (version=3.0_RC3-1000-g3151ed7a-dirty)
0.130645929838892 0.456723147246585 0.879963412754022
0.335236006212373 0.87679887917932 0.344732571145615
0.310289664652277 0.908936564739864 -0.278486346683053
0.420363858757696 0.024780201960701 -0.907017181668091
-0.0788936819354453 0.684240160170971 -0.724976682493908
0.277886486484531 0.680679127415021 -0.677831119181474
-0.953756458883181 0.142255555037647 -0.264786657895646
-0.424061445101782 -0.0835855534504351 -0.9017679003117
0.544524649177578 -0.838743864373343 0.0012792240255812
-0.524829045605823 0.0361190362130002 -0.850440996255193
0.150534776079456 -0.291590736961098 0.944623799885008
-0.817870678188433 -0.574132239526101 -0.0382063515182629
-0.572152094618699 0.802572876902131 -0.168874977082079
-0.909072175936485 -0.333510158430831 -0.249717346537134
-0.816718574628007 0.408424760276056 0.407627262399172
0.510899094160625 -0.478928445675994 0.713869497533148
0.841702886756962 0.328908377529845 0.428200338177916
0.0234044327825643 -0.942131606287536 0.334425281580494
0.856627824326071 0.363955380658103 -0.365684633913427
0.938709217177769 -0.336250563781785 0.0758983790467999
-0.865850062544325 0.459735761605791 -0.19734917960998
0.566626432622234 0.043234788174236 -0.822839740742588
0.371328674819 -0.440543496712632 -0.817334963623466
-0.533549085694427 0.732619559892516 0.422603778517818
-0.786411945957368 0.601531558797261 -0.140413799273729
-0.0984482182387042 0.994603693290688 -0.0327328828267194
-0.305820282681215 0.920827707548719 -0.241971667166534
-0.845794326395558 0.514354561957906 0.141673363869764
-0.60568577735528 -0.573640477433934 0.551435709542733
-0.958694953791098 -0.0266299724075402 -0.283186917326804
0.779107920536324 0.587117218712875 0.219736705282534
0.734398812789068 -0.649304482868268 -0.197641271755617
0.429823838941372 0.879215104097802 0.205504910413334
-0.929671003434286 0.0956259457347754 0.355763269430414
-0.41838594778745 0.376792726140877 -0.826426306588388
0.307399495175863 0.390691889281047 0.867678164998769
-0.670615527037088 -0.621791208701154 0.404537399604445
0.421385350727971 0.81911899337587 -0.389202339256545
0.365566917532613 -0.140040730366179 -0.920189884015365
0.808845256136919 0.143327940417775 -0.570286290489611
-0.391723044633591 0.820922243712198 -0.415499369532037
-0.601707100695449 0.752844973599427 0.266782703147628
-0.921559645708324 0.304978483550122 -0.240241428511854
-0.52045867788738 -0.531995403915012 -0.667909915201911
0.269650900512718 -0.59129438720522 -0.760039038150201
-0.704666771257642 -0.0860759421200133 0.704298000617269
0.125612458057841 0.794268215285843 0.594440503807832
-0.624496233038468 -0.567958674948851 -0.536122559188763
-0.711909700460385 -0.693399500707751 -0.111273136060086
-0.260971172174414 -0.0336438649098658 -0.964760145138593
0.100046027485074 0.696626322292456 -0.710424210928755
0.99888531761533 -0.0324979635177792 -0.034234553008884
0.654426118717499 -0.421728549949453 0.627591814237472
-0.600275003314248 -0.200931324878595 0.774142443661767
0.443821935521468 0.642911919828322 -0.624248630669415
0.41182907666984 0.783948275317097 0.464566371185664
-0.200003340076257 0.165766416951941 0.965670833653609
0.397302176210624 0.916104079314897 0.0538915266151214
-0.0768155258217948 0.443692215980394 -0.892881062891989
0.0128486939784123 0.714586691351398 0.699428889599587
-0.0111861702004055 -0.577709844757039 0.816165549914382
-0.445261280759734 -0.395137692654972 0.803497726007676
-0.554838299156659 0.754175260791629 -0.351246548451119
-0.207219551574423 0.13056208430229 -0.969542984909868
-0.510470175504281 -0.797107338271609 -0.322552462700535
0.15740650043707 -0.719004673033432 -0.676945694850216
0.916760347943451 0.199684034761334 0.345943276708823
-0.73615513940742 0.195289306794375 0.648026000539959
0.251935344528508 -0.417168220776744 0.873212034818158
0.0409648701921409 -0.470834686236215 -0.881269866526132
-0.704462702041308 0.258745475905679 -0.660895665087162
-0.833713338317934 -0.181976335536636 -0.52135082508367
0.347380802226631 -0.738844824183801 0.577438225285779
-0.517937560085668 -0.705131552738948 0.484283158064025
-0.81393950324714 0.1800348547699 -0.552349469196612
0.435546190627464 -0.617991556631562 0.654511995124615
-0.354245272929368 -0.763463563065062 0.540031179173201
0.887103029375582 -0.25692558053777 -0.383454640522182
0.436600004603478 0.280626386390523 0.854768546006251
-0.956959233292628 -0.275268970615277 0.091956618208758
-0.934835153217163 -0.240041160685562 0.261655264587151
0.989986152510575 0.140104524554958 0.0172667320746662
-0.366468861588516 -0.54876579888495 0.751369863289831
0.582038405381936 0.353138772607787 -0.732478192126919
0.884325169828175 0.197553328390743 -0.4230149837182
0.447933352975456 -0.852640071823743 0.268999292215737
-0.899204291806966 -0.0601671412241138 -0.433372307274992
-0.649299918428661 -0.711933667370498 -0.267507138583118
0.10998492046768 0.980465312996502 0.163067738318743
0.520593976544191 -0.11917719357007 -0.845445863505564
0.648882627951083 -0.75445873609668 -0.0987084123603349
0.823151434563647 0.464595391932713 0.326454954887652
-0.187055076202246 -0.305274354144869 0.933711929434558
0.871178393878259 -0.490188872781888 0.0276238129250605
-0.611057996548502 0.607441508393942 0.507565698933866
0.351274737251446 0.929311481314515 -0.113957139600592
-0.90078587574043 0.103160923879808 -0.421832466567962
0.47391242675856 0.66924386364827 0.57229333626467
-0.67908980610367 0.691186359415408 -0.247181010201339
0.978676205805837 -0.0609549317357767 -0.196156520377421
0.571351492707571 -0.324041772496294 0.75402546472801
-0.0327680833160758 0.155365287295545 -0.987313466037693
-0.184884673080619 -0.791183944120144 0.582962798321099
-0.524267145290723 -0.506245366527642 0.684733224867911
-0.673385780514945 -0.424652646109971 0.60516255729521
-0.210036727966117 0.465044385969593 0.860010634808344
-0.736253175718941 -0.672439421807445 0.0758715048159872
-0.876021229943106 -0.459438477761506 -0.146639318878526
0.467252529443775 0.195590145614348 -0.862217819734058
-0.498905144035545 0.703884594836575 -0.505608677147281
-0.380906347367325 0.784483998307038 0.489382479187277
-0.272388014238031 -0.447448711095311 0.851818302596632
0.010474811596125 0.794137618081844 -0.607647695518811
-0.0722755296275138 -0.593712155986756 -0.801425058037631
-0.744229745012365 -0.455570144382614 -0.48844439825433
-0.662606651870851 0.0777913103102838 0.744916731545688
-0.084955518894448 -0.000534008452502689 -0.996384601769993
0.141365316986341 -0.970000167703361 0.197776444019008
0.0256274706493782 0.984676953968015 -0.172495011731894
0.832293715933377 -0.4180437856842 0.364041980640467
0.901165499900542 0.432535284442402 -0.0285301507415736
-0.776493219968549 0.629295857338855 0.0323265104678831
0.416258492668148 0.469491631279734 0.778656840617185
-0.97771160122835 0.201123421179522 0.0602444543218697
0.0494497484602253 -0.818265085560992 -0.572710199078978
0.251250944242047 0.546090297596494 0.799161028759819
-0.991945742747109 0.0034911587391099 -0.126615383174974
0.08502807285364 -0.00628829037999137 -0.996358712628586
-0.577599524399384 0.511116327607884 0.636505215270257
0.256576632175529 0.862966360147679 -0.435267151385134
0.26244330133115 -0.65892015388249 0.70494520666069
-0.234779676311347 -0.971806473113917 -0.0216952161784419
0.222717037267401 -0.970116639357761 -0.0962851356754289
0.101470842229458 0.452604936265397 -0.885918980407035
0.347232060546492 0.300181526043143 -0.888437362761747
0.441991321834247 -0.835400305096765 -0.326726187605842
0.102190774246658 -0.602902807097382 -0.791242852007502
-0.92756218544863 0.362860516744332 0.0892224047747922
-0.0336013882219302 0.164176153541588 0.985858578761603
0.475160762110399 -0.212841252918275 0.853768616902053
0.628032660619212 0.77818455524094 -0.00194298224759697
0.424368621518892 -0.899282602373098 0.105839851375671
-0.575881298177436 -0.6931004176594 -0.433558002405487
0.712546268928918 0.25887470540334 -0.652120925548178
-0.765801742281863 0.561785409985608 -0.312961410792713
0.730217335465251 -0.0802732728781694 0.678482751915962
0.607437334504643 -0.246391234812204 -0.75518954180895
-0.266057440643043 0.961279392015853 -0.0718008966803783
0.888162142136972 -0.384626275068825 -0.251457029731414
0.982673562741671 0.109002899918447 -0.149903425237584
0.682891411120237 -0.727265450048784 0.0688787760021281
-0.144881318034775 -0.939531243540684 0.310307019088196
-0.185122658741251 -0.305982049998775 -0.933865400525749
0.585732034278635 -0.570521555088845 0.575693615735677
0.30419358148153 0.14869240503088 -0.940934021954554
-0.189370582628289 -0.58088532154408 0.791650823058786
0.746899581624644 0.117655175585257 0.65444501268398
-0.304389885231631 -0.74529903078404 -0.59319149731014
0.0225940272912034 0.319733089614196 0.947238228396915
-0.968165205543064 -0.170672218221034 -0.183104147149292
0.881450943392561 0.0243508004000579 -0.471647403164951
-0.364024210902638 -0.619749408965028 -0.695267606008083
0.715860649616238 0.653516444371998 -0.24588571993184
-0.645827458995314 -0.0407229073917563 -0.762396575294786
0.253037429394549 -0.00679521905191744 -0.967432625211407
-0.21862078734632 0.813315020551912 0.539187934476206
0.317993711117547 -0.258279084255307 0.912234571985698
0.501878134991502 -0.848861224104211 -0.165990842608114
-0.645833464131901 -0.421149989074764 -0.636813805841013
-0.190539874208931 -0.97069979568145 0.146411963310505
0.615670439351499 -0.154476777956397 0.772713941365718
0.167657959204988 0.929715477599501 0.327902332146557
-0.564089805319523 -0.813394222372558 -0.142100424156736
0.824211703982852 -0.00591979307660902 0.566250848182688
0.654883788929598 0.241309053280949 0.716168390674893
0.191592928019668 0.680579975514039 0.707179642567686
-0.794898358853078 -0.318166953669084 0.516629837200309
-0.134804175064788 -0.155342724876894 -0.978619677000684
0.0209381912930786 0.309323570361679 -0.950726312333932
-0.23336864846266 -0.84848341381568 -0.474989442403093
-0.826612943717264 -0.544873643404351 0.140796853666362
-0.171369963767575 0.560343535382685 -0.810337866493436
-0.456673255284099 0.277990706141734 0.845086211700939
0.279453719870368 -0.879742466212756 -0.384654145424838
-0.948515468145469 -0.306656087961931 -0.0792492927707569
0.194989683462735 -0.914376130067398 0.354817299614987
0.319620642345382 -0.701080722184093 -0.637438989997126
0.111560473007845 -0.897877898990659 -0.425875027873655
-0.721983362568599 0.497875391168691 -0.48047905161699
0.0603426626786812 0.887438937865447 0.456958307311613
-0.7498263774213 -0.304655151865346 -0.587320731938821
-0.347355948365576 0.526476056303371 -0.775994076829393
-0.249102189350117 0.838644594050667 -0.484379339083089
0.136854922547601 0.150820582668495 -0.979042329022615
-0.271491021348037 -0.943877423978049 -0.188117074801738
-0.787469670642586 0.0297749101646559 0.615633797433786
-0.778745713244888 0.345586004975254 -0.523569887663485
0.0692772817320365 0.997585485250853 -0.00488445008569021
-0.948011540823223 0.226773845676873 0.223266077546278
0.301548267224772 -0.305400873061179 -0.903215892944321
-0.84810976021378 0.145959749154621 0.50931874720733
-0.710431844557589 -0.592037557242926 -0.380497207680072
0.946304160652421 0.0731764035436141 -0.31488672486521
0.471396058777258 -0.663341279400337 -0.581174760990868
0.746093861388567 0.47833324934799 -0.463185980537506
0.428532935160357 -0.559406479904526 -0.709523723157779
0.387412079770631 -0.920085735994034 -0.0579147551847655
-0.0557467417393794 0.989289423468827 0.134902696037395
0.979459369033118 -0.173141006721144 0.103351517670695
0.17012091775271 -0.949122649603085 -0.265000130855429
0.000867346186744653 -0.953602364582196 -0.301067729877909
0.139683879216616 -0.324147950731478 -0.935636959468565
0.682676666249534 -0.632129114798581 -0.366558796896739
0.165794821607133 -0.771694539766303 0.614002943334258
-0.0785058127261599 0.870937039400799 -0.485082993690746
-0.612664020461411 -0.771416317513377 0.171929238659864
-0.786583028785885 0.307784527884781 0.53530909129284
0.373741161734782 -0.0900662356415765 0.923149834654425
-0.79087665220898 0.529212788792536 0.307323844127239
-0.714041915771634 0.4817092760601 0.508035742717803
-0.877500656736123 0.263399334848251 -0.400766001338901
0.894397639849308 0.399175221136956 -0.201772160275517
0.575213189213829 0.747398103811054 -0.332454299677561
-0.335938700050093 0.915658065994753 0.220715871625494
0.502653795879851 0.8627535396977 -0.0547310809930294
-0.646988625959671 0.634930204402575 -0.422219555937572
0.089662506554776 0.88032401409692 -0.465822138935668
-0.670637038592098 0.367749146923069 0.644210002565759
0.46900276847988 0.853383013893109 -0.227538644535212
-0.525370164459261 0.401569310207012 0.750152170826635
-0.310489480352523 -0.198387037995705 -0.929644483523519
0.549139967182735 0.163052962798548 0.819670072507933
0.798709158381716 0.516951837603342 -0.307935834088368
0.544664759824912 0.359665033421826 0.757615577412812
