# command_history: dirgen -cart 0060 dir0060.txt -force  (version=3.0_RC3-1000-g3151ed7a-dirty)
-0.868914047527742 0.137447790788257 0.475496038696837
-0.612978501326739 0.786956223398674 -0.070407807559394
0.226122805686338 0.964441639308462 -0.136823978587622
-0.736714233491904 -0.0745216059885924 0.67208531334297
-0.404826885848785 0.486199237760267 0.774419455912176
-0.463039791925712 0.632892855684938 -0.620516546367909
0.00874822346243132 -0.993438601198839 -0.114031636988804
0.303520904933456 -0.952612016063047 0.0201347242512392
0.839905327086978 -0.541604632059996 0.034978051147438
-0.0495496152087831 -0.411596081428088 0.910018407168616
0.179556800735128 -0.723550800068136 -0.666508510846281
0.14982502419092 -0.804353986905809 0.574949672471356
0.735837701431885 -0.619931607607952 -0.272447571176658
-0.977483230011486 -0.132230876071978 -0.164443091857182
0.642411820926058 0.723079172643036 0.2538967554427
0.221956266078853 -0.545692825665793 0.80805615891794
-0.296330123522821 0.202214002072321 0.933433423045717
0.191138391433262 0.866735898781375 -0.460689697175819
-0.121364790796493 -0.676555610989992 0.726321618012903
-0.616033579743038 -0.25402038074439 -0.745638166133851
0.0847085148144969 0.87661963013445 0.473669179471139
0.408330647136007 0.769876994859897 0.490464570988551
0.0509813312870804 0.13161554816924 0.989989015767502
0.741048725081416 0.552906945077811 -0.380973354894971
0.930718676245884 0.349081377140615 -0.109109751263219
0.897689547281904 -0.0883760598955166 0.431674818281255
0.845003812185789 0.219855469253498 0.487475260942346
0.0730573709655221 -0.453812462833852 -0.88809733088456
-0.417906957642359 -0.0398975200760499 -0.90761333322395
0.0783044903634067 -0.960394871986495 0.267413718142825
-0.508291100175438 -0.796167030158971 0.328265468135603
-0.495525159794247 0.83798767731785 0.228542050122776
-0.141501954298889 -0.662414328589786 -0.735652400396096
0.864592053150979 -0.386373812573966 0.321241122188977
-0.698357865325223 0.37853575686065 -0.607459441210961
0.605005164179821 -0.218275668156667 -0.765718279791274
0.877324501893429 0.23812144661748 -0.416653207161837
-0.446348649024224 -0.536765215636072 -0.715999990780315
0.669820658568945 -0.647747281167496 0.362992761765828
0.217598547094314 -0.903997095056639 -0.368021907543018
-0.767213134788229 -0.637895200514171 0.0668858652437411
0.867483789229266 0.449683261363164 0.212736550395609
0.983238540664924 0.0163412670365432 -0.181590019391901
-0.467093806536503 0.306925982876455 -0.829228446768779
-0.489370475696335 0.69280940762153 0.529652397547531
0.170265737577069 0.113786063430397 -0.978806574546958
-0.480762459451192 -0.0965305541937603 0.871521261754116
0.367280072873498 0.410698528919051 -0.834525054395472
-0.265974831100489 -0.347139460661366 -0.899306168150092
0.695116044943436 0.514145095786872 0.502462440925193
0.300474897777974 0.928705383417643 0.217304271969984
0.443661242255182 0.656264196090943 -0.610313040209446
-0.914467739854884 0.335391106563512 0.226410155255463
-0.394494470544488 0.851860017043045 -0.344541179067535
0.186919701533128 -0.186370705198003 0.964534595244134
-0.647854560513731 -0.389215527990814 0.654824969890728
0.978095029641755 -0.19256996563241 0.0790374678644628
-0.518106263637186 -0.855165640469296 0.0160507613730004
-0.700601785799953 0.0613122556694416 -0.710913458192094
0.716144488318686 -0.433564085336152 -0.546954528052737
