# command_history: dirgen -cart 0139 dir0139.txt -force  (version=3.0_RC3-1000-g3151ed7a-dirty)
0.236671767594776 -0.396847046246004 0.886847730058202
0.998600085198681 -0.0528907600337261 0.000661320075976091
-0.209688187651914 -0.961453791284927 0.177869253057114
-0.159208706619871 -0.361570668332287 0.918650771260859
-0.383719567110154 -0.922704445770339 0.0370917723012499
-0.424146792882281 0.896525163382626 0.127836338767314
-0.867342486700576 0.265437556155486 0.421022463232383
-0.147889389862523 -0.14195489098569 -0.978763269279825
-0.342758107179215 0.667252305276275 -0.661280002016104
0.69654055482215 0.68637209541225 -0.209104285291929
-0.306166844837379 -0.747655760818858 -0.589298503677634
0.378008187579421 0.776098480286347 -0.504758317435329
0.690209619518267 0.265469147588407 -0.673154375164519
-0.929963393522183 -0.32003567389026 -0.180956497938906
-0.152824031740723 0.428595810235036 0.890477650910725
-0.685508553832897 0.706421549622912 -0.176200501844612
-0.836180813266722 -0.536425706287257 -0.114232697415493
0.255749382500922 -0.222942046143509 -0.940685440203973
-0.470095631631649 0.820507944843623 0.325233469325244
0.532005331780632 -0.588407829958536 0.608889606250974
0.52018580368415 -0.817234595631976 0.248061172591997
0.0373119668786316 -0.266823358250197 -0.963022903476202
0.264014517218777 -0.569512463125502 -0.778429116260729
-0.40293909962422 0.484801410565167 -0.776278090833464
-0.842119474653598 -0.442430851817944 0.308366229942249
0.734390708756977 -0.327619945196014 -0.594420270853195
0.376145025757732 0.611459965610464 -0.696154889412813
-0.380332548487188 0.920519556145818 -0.0893918302438584
-0.642412503798409 0.161014168689453 0.749253369992223
0.974557358053913 0.0980937226942773 0.201533067834923
0.317116540607328 0.452912783927779 0.83325092848915
-0.390063975174542 -0.878913314120095 0.274520457404298
-0.71285185134364 -0.701180134423496 -0.0137352512096749
0.533548396167911 0.448798613905472 -0.716872312970153
-0.087969766598298 0.676842835099245 0.730852308431367
0.53792196785021 0.781115677665648 0.317014596839157
0.507928598782671 0.692550188400343 0.512233125720431
-0.0118274229053569 -0.997321873386006 0.0721747388858758
0.209047794683747 0.742895995504533 -0.635928108673607
0.498962430521887 0.0305787783109548 -0.866083963161021
-0.0974858801783811 0.828645715853152 0.551219358118039
0.480288309838894 -0.709332467649356 -0.515917231511581
0.82862897846497 0.546604815112548 -0.120818840185946
-0.24576040804386 0.938355791312555 0.243084822126567
-0.0904158826238579 -0.755639515858342 -0.648717111106775
-0.290380123555029 0.727343316089177 0.621812740609716
0.547273058187619 0.754963193180443 -0.361279361055625
-0.811878030673074 0.07148570884532 -0.579434083171929
-0.459033527451199 0.562230056369544 0.687884862742602
-0.0450310030764538 -0.842907906884635 0.536170186856088
0.191325981965989 0.979924232699448 0.0560612771273398
-0.82494579642533 -0.465681157086845 -0.320320921724503
-0.96067951581513 0.169287477858483 0.220083206386862
-0.595814697754655 0.383523760666742 -0.705630477618114
0.163574932542292 -0.967330083696358 0.193689830966371
-0.697165305583646 0.481155959271629 -0.53145976286814
-0.893650766366254 -0.241465395601423 -0.378262832564945
-0.816707223206273 -0.317798560731711 0.481656917690956
-0.937766228446004 -0.27847637383525 0.207473877877978
0.287559179559553 -0.852158969350083 -0.437189671889949
0.971297218438237 -0.122844312514679 0.203693368416696
-0.509058714800523 0.0700200752008357 -0.85787902058187
-0.189080217115326 -0.564645425987365 0.803382981153552
-0.538529806624209 0.71944799131005 -0.438611713451917
-0.613811004922354 -0.489809475049017 -0.619130623042034
0.895828334579577 -0.203207188626995 0.39521947504481
-0.813569563493726 -0.100741158669885 0.572674239255161
-0.18297574010197 0.592563919822151 -0.784466620997441
-0.917112714370751 -0.016391548739591 -0.398290831264581
-0.770906348564091 -0.375657522835621 -0.51437809759027
0.752952532217159 -0.657700395297472 -0.0221962666526942
-0.674342564249256 -0.266527751555123 -0.688640010232276
-0.88195722105148 0.470589739307361 0.0263961643763014
0.142258634707539 -0.893312663526666 0.426327299189296
0.379122683607787 -0.38767157040813 -0.840224222616395
0.335293016374481 0.205377366195492 -0.91945567083199
0.0320256045530983 0.950751083916432 -0.30829650838882
0.123059886257528 0.152255187510668 -0.980650101856098
-0.507358267475772 -0.368330639774624 -0.779050786680303
0.0278140864263023 0.535489016003147 0.844084054070595
-0.555954765716223 -0.825028910186468 -0.101200769927648
-0.985512166694092 -0.169549406001435 0.00433223065821376
-0.28475982502026 0.187826893429477 -0.94001749992171
0.346108865513389 -0.797341243140546 0.494424509101362
0.164377997512566 0.947770618302644 0.273332634377936
-0.65729180441437 0.175947429642959 -0.732809651854926
-0.772384863318842 0.283026467717705 -0.568610272055626
-0.429543973660504 -0.582895832799294 -0.6897277889118
-0.456203054362898 0.279523928756432 -0.844834389950203
0.525765694163066 0.24386956864858 -0.814922124088177
-0.833880395472543 0.410729704101638 -0.368706653337226
-0.104249805562139 0.0714153924371383 -0.991983779990029
-0.014478411795829 0.490269568266442 -0.871450587253062
0.68398594035675 0.0430330867884331 0.728224818882021
-0.573193292738808 0.819206270756208 -0.0187225829668511
0.827533523634352 -0.533323709393625 0.175368435757232
-0.55306646979635 -0.823541249022356 0.126084460365665
0.794778974364385 -0.11539990849632 -0.595826520916397
-0.340774278788319 -0.243229531771119 -0.9081367109586
0.37182091585893 0.908790076298942 0.18934044404297
0.142297101771179 0.369381921329565 0.918318316828322
0.627131131740742 -0.75702972914089 -0.18333721062143
0.896528802221805 -0.380285400143327 -0.227198418182356
-0.0599718495125522 0.28468435886957 -0.956743535688152
-0.813198562834038 -0.149142644912779 -0.562551836609815
-0.206496905643373 0.978009238820531 0.0292738234844125
0.344784135525577 0.849161319981418 0.400061185991963
0.130392177532954 0.871844124088834 0.472107724285452
0.0234308725667433 -0.988094444971246 -0.152053812933866
-0.207176449555155 -0.617623914961333 -0.758695339657202
0.672295746957164 0.0530989318036336 -0.738375874514208
0.91144399067809 0.158400317505945 -0.379709351044735
-0.0820576435831837 0.0587954015655359 0.994891774960635
0.148582877622411 -0.770682137697357 0.619654880648636
-0.910514518769857 0.0546349346729185 0.409851601219979
-0.979142641495789 -0.046959946267798 0.19767258548209
-0.923152697438642 -0.383655483421064 0.02444518874357
0.681387448297811 0.589471321178313 0.433860238798731
-0.707559646710342 -0.585930393638959 0.39502521458412
0.704318170222573 0.670106955782011 0.234291662051582
0.781116560430982 -0.469030266097434 -0.412149885969949
0.300187267650541 -0.00973193623211164 -0.953830642073149
0.357357154252619 0.415663492766871 -0.836372958126526
-0.331139716276542 0.892568594547993 -0.306051943844362
0.540867143860391 0.632349053950031 -0.554614646994472
-0.706067417479979 0.608299523353392 -0.362547227076955
0.524872603724725 0.149483328880017 0.837951958196994
-0.333012758824795 -0.0231720089663758 -0.942637555193066
0.216454574994284 0.885534239556187 -0.411067546198541
-0.963896254769863 0.265438046305386 0.0211341811814909
0.462461257598816 -0.182778028660497 -0.86759539962998
-0.647485985111557 0.660247528387199 0.380572069840539
0.785576657667455 -0.578390046349594 -0.219850561090357
-0.684772079069293 -0.46108591972814 0.56434650203184
0.633049290280027 -0.528846326104518 -0.565305368311418
-0.569204517841118 0.369001868749231 0.734740660184827
0.0596291586020229 -0.930303877481567 -0.361910291352948
0.018167416339803 0.683285544257521 -0.729925208492103
-0.925372734733484 0.333140257056025 -0.180839351194698
