# command_history: dirgen -cart 0159 dir0159.txt -force  (version=3.0_RC3-1000-g3151ed7a-dirty)
0.813519698767853 -0.494699607023724 0.305709009561765
0.0845636898707552 -0.410559218674757 0.90790424071959
0.480309567866894 0.474030757964226 -0.737968535589004
-0.857060469174394 0.265570654077451 0.441496976061493
-0.852994400652398 0.316523590903615 -0.414985986338258
0.114414679518938 0.990060529791438 -0.0817889262655735
0.378082197583492 0.860981986196277 0.340240901885637
-0.738757570930813 0.00900118725485547 0.673911144009659
0.545777963873387 0.603967777632189 -0.580817818022359
-0.215265725401498 0.675990044502974 -0.704768137191399
0.08275681510891 -0.210402057065714 0.974105889488173
0.897763558963787 0.260335209283279 -0.355311371903724
-0.47241937802257 -0.472365401269894 -0.744104064598427
-0.581004855377126 -0.81374258823186 -0.0160111875236863
0.980366316667624 0.196991537904305 0.00873035724653406
-0.578564330112757 -0.773637251469472 -0.258357734662498
0.623775213488979 -0.78147104034388 0.0144047263296893
-0.0965644628641447 -0.945444477369768 0.311143125784205
-0.124290000063109 0.921891193671284 -0.366972237254601
-0.0874327868816919 0.53619897143851 0.83955117223811
-0.236308786734182 -0.308879407335392 -0.921277194462316
0.740410204581636 -0.649257725929437 0.173945779691018
-0.495668506567921 -0.621460590441539 -0.606712012510698
-0.270739906220681 0.31563382757742 -0.909436743302383
-0.829150222155866 -0.0853756383504959 -0.552468016698816
0.678017557909757 -0.608558320382417 -0.412248665079004
-0.153876105758895 -0.64970604608907 0.744448922191298
-0.105075839097285 -0.302819041712076 0.9472379299915
0.113597108960318 0.479673234142535 -0.870062805367003
-0.0746420648713717 -0.0767244471621121 0.994254455036238
-0.301916406590761 0.85568961774726 -0.420287712776462
-0.447501274087262 0.208204550035558 -0.869708844979036
0.732130088735448 0.622995080452711 -0.27543177539991
0.651839203068041 0.610736282507298 0.449562950622921
-0.0526730571978873 0.5930274344012 -0.803457535338962
-0.463676123828397 0.0923625376811328 0.881177402016515
0.736508067094217 0.67195153762752 -0.0776981221468767
-0.855548909349208 -0.502431365845919 0.124895101287378
0.599819926038909 -0.0594331058241434 0.797924659512898
0.872031118466786 -0.474562264132429 -0.119801443593425
0.0667260443649291 0.218792095925403 0.973487367028447
0.918289157130771 -0.332788052027428 0.214469429811916
0.851719868861906 -0.0759054747000145 -0.518470465789927
-0.780906287900399 -0.440871678060649 -0.442512748970701
-0.765703765355279 0.642509575717082 0.0296511185725469
-0.416588083574907 0.576409179561054 -0.70299845401049
0.274599591156601 0.939843278115566 -0.203198614950041
-0.645796526398837 -0.41464193640544 0.641107565908517
-0.436295268360442 -0.126433982459186 0.890876471170835
-0.297505435297396 -0.511374353432293 0.806217580197934
-0.691515186295769 -0.21687767533498 0.689036153669474
-0.24465539974605 0.617769735778486 0.747331445164246
-0.109809805716342 0.126335592610257 0.985891030798209
-0.579322305703909 0.546413773679691 0.604828615433352
-0.00298422885337134 0.747193432235481 -0.66459993168997
0.282973293206811 0.483832347047288 0.828149971492124
-0.478438020780716 0.869152639116659 0.12518286699057
-0.0340960526183521 -0.942810613137179 -0.331580468290493
-0.280199672609543 -0.959431831867451 -0.0312842367490761
0.975013977460612 0.0978085733216909 -0.199452316961256
0.369010501925295 -0.73022471780053 0.57498096575624
-0.507497963692738 -0.741960395312317 -0.438110247124756
0.438830781427671 0.845097685891398 -0.305348074453703
0.0590843850948292 -0.980218624488259 0.188892783462764
-0.599239685215319 0.44528353553381 -0.66530772778133
0.82100349201268 0.145662096946594 -0.55202882136362
0.759037274114756 0.283191052403769 0.586229685654768
0.589689989576571 -0.777257936205955 0.219398762070444
0.999729327217522 0.00586125735076333 -0.02251483873958
0.105788490560465 0.0196682425997414 0.994194123648886
0.260413558292206 -0.111577978456858 0.959028223453863
-0.561666060401226 0.613563461134115 -0.555041544169886
0.764213414142166 -0.601050576109675 -0.233914648116362
-0.874531572994638 -0.256857385028807 -0.411362141660711
0.207638068616781 0.780397587481418 -0.589801693719402
-0.947067669328505 -0.235954440421506 -0.217688611916306
0.6071601574118 0.308672834676511 0.732173220204376
0.337785517703425 0.336157532865389 -0.879146777920322
-0.945678196501476 0.325055529467278 0.00562595987042315
-0.0706051683088822 -0.989910205282699 -0.122852332844107
0.697283114886963 0.11389035385682 0.707690076934743
0.75095246995411 0.595702394823078 0.284972006821497
0.531200671953675 0.141740368998204 0.835305641015441
0.644624071879827 0.467595733705274 0.604825624270085
0.869926390491041 0.422392906498322 0.254582614620733
0.607934222178988 -0.364242260511498 -0.705509430951212
-0.131810504636587 0.96940860851081 0.207057819491523
0.0755646671706287 0.432534928870067 0.898445054737772
0.390349267592578 -0.674035906580175 -0.627138777249963
0.725011940815552 -0.475740041578703 0.498025198673281
-0.81957049097758 0.449805795554454 0.354935144222708
-0.863115515353944 0.49592156931524 -0.0953593427158888
-0.919478362004761 0.312832953767827 0.238107296910317
0.981341846402402 -0.159677435090971 0.107104141947421
0.421725697319877 0.300328253019538 0.855540984791668
0.833726604768838 0.448424120757124 -0.322204525765585
-0.425684800261368 0.00840841354327802 -0.90483244272524
-0.115026461946717 -0.608129479932609 -0.785460023609677
-0.258224335431389 -0.873394419587375 0.412919338884303
-0.312696616269302 -0.639542758501403 -0.702286185413144
-0.437115129398838 0.500349368940803 0.747382681530136
-0.200015919614637 0.777682808416861 0.595989162144392
0.436236943153472 0.895104418690488 -0.0921162801511104
-0.918347877752234 -0.0691136864221072 0.389692794104682
-0.830046428081743 -0.551496470350382 -0.0829130292524115
0.98018990807789 -0.154206189059872 -0.124290769399376
0.745652146956069 -0.0914948459127217 0.660023915408535
0.33391029807259 0.770892387012615 0.542428650134806
0.109358504433377 -0.337744698619541 -0.934863217835898
-0.288166643355967 -0.121686525591262 -0.949817021929215
0.749912567109457 -0.291259103400133 0.593969087055762
0.700703963448066 0.702487576373301 0.124600002605687
-0.443584991919979 0.399938032286149 -0.802048580370563
0.187478794822308 0.875670738311351 0.445030852365573
0.254938123271843 -0.95217524776034 0.168430552024166
0.748423075548083 -0.228485793756549 -0.622621186628426
-0.279360342836004 0.432887767208307 0.857068246904502
-0.23124106550109 -0.943875334494246 -0.235853604083754
-0.860203302068748 0.119770504600455 -0.49568670078768
-0.524539391068592 0.702093307406745 0.481584276022431
-0.923308456636015 -0.381231643429253 -0.0465180390026392
-0.639948172332077 0.742730394891221 0.197022580516968
-0.410408858056475 0.872588649912017 -0.264865281366778
-0.982416949310882 -0.0389449407343859 -0.18259307023514
-0.285843427518556 0.0258082866296632 0.957928738104085
-0.437506344275333 -0.887718882191506 -0.143329637268422
0.460748908797821 -0.30346409088663 -0.834038361578152
0.158576842276977 -0.815137239656848 0.557139718219836
-0.250008759088114 -0.172842016932529 0.95269158575161
-0.672377556271992 0.639097656375068 -0.373446927203316
-0.145928152953752 -0.758969305475392 -0.634563288822879
-0.160236042332991 0.898917582472362 0.407764136063367
-0.101018333151683 0.994874461917046 0.00448345765271399
0.293453866241483 -0.954614268462278 -0.0509551453354446
-0.321264976683926 0.90981564357292 0.262724778934666
-0.293164859904721 0.232065275832398 0.927469715230572
0.00687173811629699 -0.8466974468176 -0.532030274296322
-0.61857387400518 0.158874959901569 0.769496659846227
-0.612808959241698 0.258633114055367 -0.746708840035479
-0.936382077044429 -0.310961947746212 0.162761398506657
-0.0425250744914539 -0.868224281357069 0.494346250417152
0.940098637273545 -0.142500458124184 0.30969044484908
-0.503762800403415 0.756867804641964 -0.416382236924394
-0.450384076482216 0.889863018460225 -0.072787306778855
-0.925056351943606 -0.0595042690914654 -0.375139957467448
-0.585118385792361 -0.707300556927105 0.396689295013552
0.254859377097618 -0.507672890284823 0.822991454618618
0.703397118429851 0.535145819583599 -0.467815610648876
0.729962379393808 -0.42345406095283 -0.536508697909258
0.597664334675091 0.777935303552172 -0.193943307552934
0.0480800254807564 -0.706328193136903 -0.7062498104281
-0.786674254724315 -0.344154634771016 0.512543855996317
-0.599015907620379 -0.061486835213463 0.798372915067368
-0.530854403009595 -0.284981297213643 0.798109806382402
-0.94308060153194 0.111055420283295 0.313473559714142
-0.344143530456525 0.818700863508172 0.459667408607454
0.502010632730842 -0.803710236631395 -0.319429460380672
0.412820629851694 0.761145005819735 -0.500237351348863
-0.360626351499949 -0.652450648133798 0.666525908238848
