# command_history: dirgen -cart 0278 dir0278.txt -force  (version=3.0_RC3-1000-g3151ed7a-dirty)
0.452263157286578 0.417094772786443 0.788346362378493
-0.852795831984157 -0.519514147512555 -0.0533321618233532
0.490628016805632 -0.230791872403799 -0.840249522914307
-0.806154009314531 -0.376827269062588 -0.456198336863408
0.817459110036164 0.150102359133043 -0.55608442272876
0.730931660925335 0.0876021282107974 -0.676804827250715
0.368702593114719 -0.283774488697562 0.885172546679414
0.750618837172592 0.449328268622504 -0.484433141205646
0.508552781444317 0.748168914336439 0.426165864547928
0.353642701908098 -0.303816031068264 -0.884665280573997
0.419218800645386 0.00670398205113527 0.907860481467335
-0.0556424869088709 0.232346651048399 -0.971040136862112
0.605101557372159 -0.792164893040524 -0.0795417343278522
0.326674288207604 -0.9075699595385 0.263819404076614
-0.800811477719615 0.494768307518696 0.337498591149077
0.0199908576822004 -0.594235348543802 0.804042732788598
0.377653884036411 0.189528494286159 -0.90634237114119
-0.975330126352937 -0.160229090623159 0.151847894771181
-0.696168983677326 0.230668256701774 0.679809459713414
0.310325983039286 0.480003163607825 -0.820545396170852
0.493806945739843 -0.603762907682379 -0.625799529918333
-0.196913105807432 0.739545234608514 -0.643659906106562
-0.400855214984734 -0.290578947309268 -0.868837713269964
0.216105030032099 0.902131809771879 0.373439170136906
-0.126290922781621 -0.752674309083728 -0.646167151183267
-0.0970034165333398 0.879943986154578 -0.465068724395923
-0.931752742555087 0.28483138874441 -0.225184161803191
0.452849859432634 0.883778195220102 -0.117741693827387
-0.279159614472568 0.953135675379288 -0.116628872783694
-0.0260013039753676 -0.526279395037982 -0.849914072450878
0.513335447874745 0.105617871871588 -0.851664008336945
0.68874210344947 -0.530553955722732 0.494112148204191
0.82034429867662 -0.00420648800620302 -0.571854471948431
-0.252187052505626 -0.114245668405903 0.960910827183778
0.114032750291078 0.863215660613293 0.491787815153049
-0.927732866310395 0.316432310556087 0.19794524900496
0.944811682965282 0.28363307984508 0.163960848222693
-0.256713448567807 -0.918305816598051 0.301351343993372
-0.423942265023358 -0.892947620554805 -0.151385279576244
-0.607436055163098 -0.730243087250349 -0.312676306123398
-0.910849870766469 0.201067014479281 -0.360450507855234
-0.985140322183797 -0.00126556789612217 0.171746743624167
-0.225576801537914 0.824478341396511 -0.518989952866125
-0.787741954079189 0.57137701871009 -0.230197559225701
-0.851102215258667 -0.35087273575567 0.390529566723342
-0.572123638077154 0.547587244991475 -0.610592132176634
-0.866974169034146 0.364251732933651 0.340112430355587
0.342203272048403 0.155202607594528 0.926719521319814
0.693070097580374 0.694915060403146 0.191694806045503
-0.781751186706679 -0.257649880378501 -0.567874652739179
0.347135998998222 0.535982878818494 0.769557633847489
-0.0605384488719126 0.996080815261222 0.0644833751964227
-0.35041828105165 0.838659900453566 -0.416961148880829
0.619441499848683 0.527522773657741 0.581387952693946
-0.116456940680964 0.989835729462052 -0.0816272604437914
0.610531185502156 -0.707885361656243 -0.355175993392209
0.57734320111188 0.800010151819323 0.163274569715896
0.882660154924435 0.431735235470172 0.185784114935288
0.430322228475217 0.740739644572034 -0.51587552630399
-0.967082020621533 0.128597682250167 -0.219579146346958
0.21817698141373 -0.270583935977165 0.937647662169697
-0.550381152173437 -0.802797709870008 0.229339103424843
-0.833665606098065 0.550692956437899 0.0417004189287403
0.63541017046806 0.539893422072531 -0.552058880979704
0.626951033330289 0.0164892678222686 -0.778884141482396
0.091363272409136 -0.614038807491912 -0.78397008574856
-0.866139947094111 0.459664368104657 0.196240313755245
-0.255319542062711 -0.82386851926243 -0.506016397371882
-0.509885202130259 0.0599515437916365 0.858150856811076
-0.823504790939673 -0.533401474144535 0.193190907342563
-0.143430776442482 0.507717114704552 -0.849500408360815
-0.671353335611097 0.714885396978137 0.195508485624704
0.398900309682687 0.747202923073662 0.531569689396632
0.768678480292664 -0.633367083335653 0.0893282244413776
0.0779327675615213 0.268939218225178 0.959999052416528
-0.268274451102206 0.0461954909263406 0.962234272671621
-0.884842649093416 -0.458736418893466 0.0813288652702338
0.586441203753447 -0.735961675444098 0.338300350011235
0.0530554600425523 0.879618455646881 -0.472711847371176
0.269732871421502 0.734568774780192 0.622617774555658
0.0559180443088146 -0.806034547573195 0.589221079425331
0.393566585244922 0.0309490878482559 -0.918774997994619
0.199288647290332 -0.70186327971856 -0.683865463116757
0.72342741548093 -0.0710889886969705 -0.686730755257564
-0.78702703901486 0.590895547211476 0.177287597268258
-0.475853102301077 0.753106826005477 -0.45430599121561
0.793633444286288 0.302094883525239 -0.52809529202423
0.68273590197267 0.395179642651876 -0.6145768773645
0.765199192432452 -0.310805868781089 -0.563799528052265
0.46713491551037 -0.65719481721314 0.59150650287153
-0.524299226861453 0.850707502457466 -0.0375108780897417
-0.407749022778325 -0.87311465283922 0.267229372301715
0.00315382461402234 -0.980570382700711 0.196142239103376
0.685043080515166 -0.695789781728126 0.215853092359175
0.417924994621457 0.550228059604997 -0.722902331780702
0.939212367710285 0.190172025326998 0.285857882737327
-0.997542645114428 -0.0653533073225752 0.025251067306401
0.102882580112841 0.185146365815123 -0.977310594404244
-0.100152181620945 0.37514300650735 -0.921540701860309
-0.884136540592658 -0.200786118809621 0.421885662333074
-0.245905059533627 -0.292239300211326 -0.924189857717427
0.570118598902475 0.673274920001006 -0.470813832935183
-0.0425345750635514 0.712844706312256 -0.700030881180792
-0.324792860340568 0.933574947345849 0.151484043912179
0.969157644056672 0.0404185546145778 0.243104507176212
0.401007998588817 -0.535262354540682 -0.743429079925824
-0.46369413424874 0.144503185381248 -0.874131900389171
0.292189817443076 -0.775239143788463 -0.560026231993389
0.624148900222487 0.637218063075987 0.452096549910246
-0.773654632325779 0.397213964627904 -0.493639115331682
-0.588971989777881 0.649730206392592 -0.480585740693712
-0.692502053947999 -0.59057645020229 0.414319154450124
-0.461858327434238 -0.411722661929489 0.785602529930591
-0.610433591456204 0.147911616312249 0.778134297009057
-0.388051822786396 -0.641867649678836 -0.66137863824584
-0.210920613690536 -0.977084932093139 0.0285924849734079
0.0408585290618698 -0.721798793708219 -0.690895854672946
-0.970025467989172 0.158832442845376 0.183909887042972
-0.230225111481553 -0.638916378665911 -0.734017887463068
0.324195057214961 0.908417280784601 0.263961377571227
-0.663696890270243 0.424230339985362 -0.616064165880075
0.324625259712485 -0.13794296557773 0.935729757464314
-0.133804976915927 -0.404832631158709 -0.904547825657464
0.264003519433497 0.607249551705091 -0.749366481556717
0.143012889761388 -0.491884230674822 -0.858834801912181
-0.277425430194957 -0.791890105033927 0.544008448675661
-0.349861053479451 -0.841741721868295 0.411178935409447
-0.34929583283221 0.836188450113257 0.422825374195119
-0.0501309972551632 -0.99736298536998 0.0524781719201795
0.485770276075565 0.150075784049716 0.861106554337692
0.00746932117681336 0.813721511127357 0.581206943841665
-0.29934302677698 -0.4188063793628 -0.857318475786577
-0.24628990792843 0.212366066291341 0.945643661820111
-0.721593076958305 0.619677804168058 0.308711597299647
-0.850955560977311 0.267067609979844 0.452271516836341
0.67013991939607 0.277837618065324 0.688272290899188
0.129616065173761 -0.120196076796612 -0.984252294267874
-0.264356943017464 0.916297219802297 0.300856795936278
0.590545639065115 -0.148757142146778 0.79317536575558
0.542828978105128 0.285486533439261 0.789831716097915
0.078237936525159 -0.261754496802151 -0.961958111713882
-0.121267332481941 -0.0263389701718974 0.992270372793121
-0.685592887918365 -0.713649335981596 0.14376027715883
0.470928534391167 -0.874191664614373 -0.118386016973878
0.225772695484392 -0.973659017674049 -0.0318560398624428
-0.691686634654169 0.566869917225148 0.447468542342302
0.214750571376215 0.722418226964501 -0.65726257876366
0.871314338127545 -0.433189697218862 0.230560209916605
-0.716655245750236 -0.244004229865164 0.653350743893796
0.0500659222976028 -0.940766177718974 0.335339234633412
-0.596748558366777 -0.331999886877217 0.730525313182704
0.408850807660063 -0.422370916566648 0.808977024342697
-0.708555428026964 -0.397613921337168 -0.58296858832394
-0.350972014963305 0.750333296023777 -0.560195135279388
0.86199898246414 -0.497928504225716 0.0949997837383223
-0.303004646045248 0.450243158331706 0.839922188568968
-0.719437030055246 -0.610673691357194 -0.330889713453691
-0.733948409882221 -0.138130495177317 -0.665011050985943
-0.802189609864012 0.157967217299671 0.575793529040422
-0.813619758683289 -0.477548838976128 -0.331617241217491
0.927556087257609 0.371604343651703 0.0393689823406942
0.695065276113944 -0.622889788230103 0.359016118940784
0.661840761420918 0.748982157631241 0.031504508754001
0.142390967672687 0.549289038882255 -0.823411418483521
0.947272983025664 -0.0556639592059281 -0.3155557308546
0.729861084188167 -0.681531416865536 -0.0530822532766667
-0.628766617740774 0.524712373589126 0.573872342439756
0.385786402680324 -0.139950738511727 -0.911911532056151
-0.515900040055899 -0.644978693488639 -0.563781547778934
0.01727623609299 0.1183082564495 0.992826615337411
0.108331930861158 -0.940616413638549 -0.321721859918855
-0.494327800524944 -0.262236807025682 0.828777342034123
-0.187403751463349 -0.158802936869791 -0.969361367694728
-0.54723947502882 0.802416720900528 0.238025971249831
0.0495542968333111 -0.88811349731207 -0.456945059670722
0.540031059725639 -0.46915049507246 -0.69875909117869
-0.723843306074987 -0.512138197894629 -0.462347633829432
0.167806436302487 -0.959372349212479 0.226816435696333
-0.365626913770097 -0.930756544654658 -0.00303554105164671
0.672557824611957 -0.00141680956327399 0.740043218470309
-0.887265428975936 -0.338347018245499 -0.313498570632355
-0.32466595508274 0.653559938858159 -0.683704193295559
-0.761883857794464 -0.6444750921433 -0.0646903612535108
0.021799564425977 0.467827545903232 -0.883550884943814
0.174609970464512 -0.127268584862157 0.97637803412488
-0.629761917154363 0.293966025902555 -0.719015927026043
0.203622947830941 -0.872687162294136 -0.443795912423319
0.105788001006121 0.990068731799654 0.0925894440838386
-0.798964285187424 -0.566780641512017 -0.201036751371917
0.764351937293174 -0.432067477733882 -0.478627005757984
0.911383865159788 0.088735945815106 0.401877322384213
0.927442579584128 0.251901474432762 -0.276398098316432
0.51324938293896 0.85747523944142 0.0362116646628632
-0.098158847634594 -0.674151864649582 0.732041053507616
0.372419112173494 0.838439806015773 0.397897846910661
-0.994555092464829 0.0307210080614415 -0.0995810610305261
0.567892987191915 -0.657645139397978 -0.494975176877041
-0.739856597643975 0.289917338419831 -0.607091551420577
-0.655019684695889 0.752453886310529 -0.0690098662299859
-0.144732090067303 0.804521344925626 0.576019120918578
-0.0572526972260409 -0.9340881966594 -0.352422146752916
0.196437690772829 0.872163050989884 -0.448044468922288
-0.557649406454493 -0.479729591661022 0.677411734741657
-0.0160200486389745 0.0765573728579525 -0.9969364707456
0.154671214379137 0.97152742432986 -0.179475010008279
0.0767758119487102 0.644785640081175 0.760497832373457
-0.493202327338255 -0.783709865832378 0.377558353774784
-0.12741074859719 -0.0205496424078489 -0.991637137938477
0.797831937213049 0.495020576788948 -0.344120369229157
-0.976211880547517 0.199949439082782 -0.083848590258646
0.485623453802488 -0.780966612714821 -0.392760755348192
0.922465439855286 -0.211395568922931 -0.323062572441229
-0.174033450942714 0.632041468403109 -0.755139682556686
0.732379324959309 0.628845048473337 -0.261102335077098
-0.895805712763604 -0.0465672936140938 0.441999561250404
-0.364673954880359 -0.676216632872002 0.640112468289105
-0.625157224539595 -0.711145609839915 0.321637010014965
0.10378686683037 0.939188641897753 -0.327342299747207
0.00220388411496315 -0.977732914790956 -0.209841583651071
0.885188550856093 0.397362740939937 -0.241958842669555
-0.77986603401534 0.0048275694255887 -0.625927842137276
0.250828840053979 -0.583620128065461 -0.772316281787475
0.411047464499429 -0.869655653976674 -0.273384391352167
0.451468420550281 -0.390787339414035 -0.802160532935606
-0.440674166658329 0.548798550408222 -0.710370628552322
-0.195148016281839 0.357439688178349 0.913320382481541
-0.87076404690974 0.0518858547120547 -0.488955859654194
0.616926298579102 0.144860687625439 0.773574381234393
-0.27730329179476 -0.012443192228381 -0.960701853504488
0.909270661957677 -0.412591310144056 -0.0547290973492035
-0.782676566341227 -0.61774426177756 0.0762195482878586
0.703846887873299 -0.149820969423314 0.694372548098015
-0.589846203838846 -0.410536196091661 -0.695371474476407
-0.505829598256903 0.291505330085406 -0.81188734443829
0.267911620334274 0.955838259230768 0.120816331183162
0.350336800442194 0.340456688307842 -0.872555654180513
-0.162026823916054 -0.958216009180328 -0.235731601789411
0.261981503562874 -0.407295097288546 0.874915079030902
0.434015047070564 -0.726378064279973 -0.532921989271615
-0.227738018971767 -0.27039434475366 0.935426262748729
-0.802607826420602 0.147754051326676 -0.577918175250571
-0.963258871267371 0.262671731099869 0.055999183973602
0.941769333848335 0.313745855430103 -0.120971319011145
0.994177530935065 -0.0992184456521504 -0.0420325710161607
0.0262856117873003 -0.398151363434835 -0.916943050798657
-0.836703755867088 -0.109157468238395 -0.536667002941016
-0.0999019004519445 -0.796436497806962 0.596413040809028
0.565403499096919 -0.802760744792977 0.1894573034443
0.480032835335235 0.82990623346109 0.284295833002248
-0.862049603088665 0.354811114041474 -0.361910976853871
-0.86948754864055 -0.235803294691884 -0.434037105523824
-0.0653943310146637 -0.331802566953341 0.941079506755045
0.885524812554532 -0.10960836110389 -0.451477367679024
0.188307090579156 0.415246937312899 -0.890005854300898
0.21484575392292 -0.90474594538348 0.367798961843894
-0.542827818247456 0.427924184066941 -0.722647114729831
-0.381075534078876 0.924543539900866 -0.000824714541248715
0.430710453535346 -0.889440419017658 0.152919083940069
0.787656368962795 -0.494962891568235 0.366891237838624
0.841188487039037 -0.249102522591372 0.479947770608002
-0.948459962572461 -0.0996569330603364 0.300819206650861
0.350501571565994 -0.662840172802683 -0.661658184902657
-0.622492813181365 -0.177392033022924 0.762256363802588
-0.583408683404894 0.316540999594018 0.747954613398292
0.184898253720456 0.528325461699438 0.828664493200476
-0.983099253447277 -0.134014236173583 -0.124723864493599
-0.932950970873283 0.0563249436515175 -0.35556994624019
-0.168062382217089 0.96941230354943 0.178870963016654
0.586806748610139 0.805374171944543 -0.0838467825872788
-0.931105571994363 0.354372360733283 -0.0863865947318846
-0.29741358359659 0.537116212193376 -0.78933600886522
-0.495163122973621 -0.532965347401569 -0.686120558004303
0.506165781513539 0.616278561733776 -0.603321585866226
-0.463180880790599 0.831667226814974 -0.306256584438498
0.665733523173928 -0.394299459939944 -0.633503600631833
-0.307658031212352 -0.939380999535286 0.151360079091635
-0.551763440888284 -0.00188973972439936 -0.833998521691073
-0.97454150201241 -0.22420061861673 -0.00171565359891639
