# command_history: dirgen -cart 0251 dir0251.txt -force  (version=3.0_RC3-1000-g3151ed7a-dirty)
0.741020860826863 -0.643250785915275 -0.192656456519877
-0.588384563408745 -0.220098962004528 0.778048875371483
0.147817686765628 -0.262056505198906 -0.953664678785051
0.170757445282816 -0.638272410056748 0.75063321631862
-0.165720139117895 -0.856029976476642 -0.489642231495757
0.0722695914584363 0.777622408911425 -0.624564244340983
0.890333868710531 -0.34911042975537 0.292279848882813
-0.347363868806854 0.573698789926943 -0.741760096718539
-0.778607829550816 0.613092044450252 -0.133746001039201
0.152579721683959 0.322487511064664 -0.934195500812418
-0.804099694413273 0.287168293304716 0.520536312628559
-0.362147543924449 -0.543761151546544 -0.757081875689984
-0.0493748789368955 -0.970459765496628 0.236156653266845
-0.965376849398278 0.260609706744528 -0.0114069889272317
-0.438582816645666 -0.753196069134463 -0.490245646980723
0.463787036570542 0.820460017194865 0.334285723436878
-0.926640356540519 0.0115016727854769 0.375773018128758
0.647168898304002 -0.229191275152051 0.7270789341345
-0.705152442013383 -0.708379354772657 0.0309632565218283
-0.888028542923175 0.292149335355591 0.35504094525143
0.319538534460068 0.850464372359362 0.417858201238779
0.984530252775759 -0.14412643521202 -0.0996381053732746
-0.767039163130725 -0.496926234892572 0.405851252676655
0.384861145141278 -0.423466878212619 0.820096154129138
0.112197973277132 -0.427693181308111 0.896933753102787
0.98562545352937 0.168156108683506 0.0163091528733101
-0.0117147208146174 -0.676315341076307 0.736519059319631
-0.4643235553477 -0.423375215825326 -0.777918416399901
-0.304691463406561 0.313979689631525 0.899210690898446
0.41272936455116 -0.904004970551903 0.111487599555504
0.462894780216229 0.148425613590625 0.873898311978468
-0.952898922719337 -0.0803610869894827 -0.292447839414478
0.856709198258818 -0.00895345996361683 -0.515722003770843
-0.328952381735109 0.459318393499476 0.825116321462531
0.908730702174148 0.374283139175839 0.184717737791365
0.194738504852038 -0.552375656124964 -0.810529486970405
-0.356205017831541 -0.928102403238494 0.108369342410869
-0.284884403331651 0.701096961194127 -0.653684884132048
0.600434968357324 0.797145880396278 0.0635318356494051
0.588341033424295 0.492038186962177 -0.641680022254243
-0.600487796121429 0.533035845083282 -0.596059723992135
0.0823826839365987 0.0599780570433319 -0.994794313444096
-0.400737622429681 0.845123050784621 0.353802751546539
0.589262173028642 -0.384975105508996 -0.710326868121924
-0.591846947651368 -0.770386393692364 -0.237111777373951
0.346301597596128 0.902951133119313 0.25446896608608
0.0855717641254957 -0.118809179225047 0.989222852605176
0.0954597980910625 0.641711484133145 0.760982127306581
-0.343420166490754 -0.0636265324698879 -0.937024147828284
-0.229567789647168 -0.973229337553838 0.0111034445570735
-0.176861282863492 -0.13523714250699 -0.974900508724057
0.674091279764328 -0.642376737859966 -0.364627307263293
0.555599938535385 0.260621630807664 0.789547385439677
0.0584260498014809 -0.63226918842485 -0.772542600814464
-0.544931628800241 -0.63652824987986 -0.545785037389263
-0.0418024157351169 -0.224197715506679 0.973646723611955
-0.731327962996999 -0.327028598659269 -0.598507899862329
-0.182626099870083 -0.679854452437986 0.710243360508558
0.504717414805056 0.0908822910941821 -0.858487472452553
0.840779327296792 -0.523952530690142 -0.136249287608233
0.631283770437151 -0.770756603797362 -0.0861107361797097
-0.54197023585395 0.0767479481216694 0.836885903757213
-0.707355073194506 -0.692149229831517 -0.143451190547982
0.349100463992454 0.668715191763277 -0.656466951449391
-0.677366212034431 0.733352905721885 -0.0580390425782074
-0.290386814738928 -0.771347922264968 -0.566301934168775
-0.706247605074775 0.405089534715225 0.580617592904614
0.513285416782527 0.534950116871911 0.67109347588627
-0.171885329604999 -0.923074884256276 0.344075851407568
0.0625801368994092 0.969942632248161 0.235148924329157
-0.64060718958555 -0.577818739118165 0.505715269074603
0.0363165343478993 0.919231904276994 0.39203802812004
-0.211860585276785 -0.549229912097765 -0.808369714959225
0.400722173973011 0.752793544341225 -0.522229469567276
0.946514818874824 -0.153124055264751 -0.284011833115516
0.547185625871194 0.707856392327858 -0.446684697164051
-0.635616435154042 -0.0498114233104878 0.77039637166192
0.25279247208557 0.669843873932989 0.698144075826267
0.999376369859857 0.00909890279365788 -0.0341186361639088
0.194518541425616 0.922485376881137 0.333441548823954
0.40330948036347 0.660044088169647 0.633784872587889
0.33251096806187 -0.601434498793919 -0.726438572612348
-0.53899699324871 0.753798774057038 0.375858549854805
0.798527178859965 0.598909947004155 0.060508016009656
-0.505184924953891 0.834955592657506 0.218259821976663
0.124085599184943 -0.89175476361222 -0.435173764891482
-0.879909842891559 0.159071451153876 0.447721946983117
0.607410881899794 0.381300457729682 0.696894526800756
0.629016871334101 -0.739476180088169 -0.239818169993996
-0.289059076327281 -0.566599630689278 0.771627960156702
-0.359728603837703 -0.929976929131031 -0.0757511905186578
0.328158587675186 0.901661379931952 -0.281635752833753
0.219535989572109 -0.809107526621899 0.545113712583336
-0.787660342525351 -0.560598024342515 0.255579811245168
-0.80009888608406 0.460367167571758 -0.384582687479562
-0.751516201318748 0.117317033672451 -0.649199593935282
0.430744710992371 -0.199369058711274 -0.880176671118179
-0.845878680359549 0.487475622497559 -0.216464259368157
-0.745619007695364 0.593178317870639 -0.303630990795636
0.400243637951991 -0.036423145263864 -0.915684653561499
-0.499606209885432 0.484829314146516 -0.717867795062665
0.20736526548283 0.165493945877949 -0.964163575618257
0.470455693707266 0.858395749974518 -0.204519379727446
0.454159178642891 0.260252755235124 -0.852060997726654
-0.573788250434048 0.646633329642196 0.502625487475199
-0.814488088901626 -0.132428047006983 0.564864554918516
-0.0985049527794407 0.28553072176847 -0.95329375388927
0.837600998881778 0.343359036361299 -0.424887207175372
-0.15653179605007 0.802505951477087 0.575744730474535
-0.24562505000291 -0.00358851912184245 0.969358270889345
0.0232568375670464 -0.74659091441669 -0.664876775061989
0.777940098905731 0.286088172558631 -0.559430746416931
0.918014910875327 -0.379370376930281 0.115441502581793
-0.0809990762254107 0.992616982430536 -0.0902810934865452
0.65908994538574 0.338240641276137 -0.671709544729364
-0.477460099375697 0.7833407332807 -0.398006468650203
0.483394427251872 0.875147084388271 -0.0211520303645695
0.54184008643805 -0.804958320877479 0.241767289720746
-0.577602173928694 -0.713859138187881 -0.395955628193996
0.0440955722694059 0.42728854306909 -0.903039357651774
-0.498771457653343 0.0121573458961362 -0.866648274659981
-0.410520417060744 -0.305337024796338 -0.859210270227721
0.947792381565522 0.119679758503112 -0.295578004680647
-0.526366860303931 -0.384738205885836 0.758231126573903
0.221679985328701 0.960587688107483 0.167717851050474
-0.99054875439164 0.111881576956734 -0.0793453080581648
0.133748971657661 0.763290426024113 0.63205928370719
-0.288844501480729 -0.409775353433084 -0.865247371381815
-0.701745699760459 -0.649762872861198 -0.292166360005505
0.825751326404892 0.527589645971489 0.199459049441834
0.832392904848776 0.000621011053146607 0.554185588320995
-0.298007623768609 -0.226877699179794 -0.927209774425761
0.109092337327448 -0.962188144715252 0.249585328306485
0.636870539115564 -0.0674221623343093 0.768017036551154
0.796447832534277 0.164553640157019 0.581887402821652
-0.863666577465842 -0.422010792670155 0.275657276048258
0.671316344846434 -0.114874064995649 -0.732214664107049
0.844273441442355 -0.160106033457289 0.511437595534055
0.7294505431467 0.04594345041141 0.682488904281439
0.380805643142482 0.423349201947767 -0.822047757348093
-0.571123262218153 0.236271997535912 0.786125793072384
-0.34963740948073 0.936279604592451 0.0336776471239928
0.961363486348 0.21512413944855 0.171761030921858
-0.912227745999853 0.0412948494468998 -0.407596951457178
0.241040721363963 -0.192327583910342 0.951267297404652
0.883532352065939 0.466323768540366 0.043734720156198
-0.198899605421304 0.979955581845155 0.011225175890536
-0.154960883328881 0.896703760337159 -0.414619694220055
-0.95364639735794 0.234846478946794 -0.188163971398658
-0.785916024208516 0.534453305059731 0.310959270006554
0.441860843005816 0.816878239917101 -0.370768036065852
0.91644011389847 0.273817383012203 -0.291824533578157
-0.804832724971989 -0.585185343802822 0.0990070614276367
0.979215311242937 -0.0159933139144443 -0.202191958636916
-0.833134434709872 0.315040541012914 -0.454572844788328
-0.479918926017738 -0.862491126424157 -0.160582942087791
0.886164047114341 0.448216478304735 -0.11753837746895
0.766421499031191 -0.641287449950596 -0.0367218240103068
-0.453288139591605 0.625528374909929 -0.635015050757165
0.876496494157243 -0.412342359186858 -0.248450547494421
-0.316051330628735 0.729148042087764 0.607004686248292
0.208650364933053 0.961125136542152 -0.180841082501
0.552972205923397 -0.82901630310678 0.0833889000969558
-0.697914553259074 -0.688609806393472 0.196803991036595
-0.107366735662011 0.751661210324829 -0.650751726057102
0.75094180239386 -0.276449259737901 0.599718447446656
-0.989712595392826 -0.0474965075326299 -0.134955771617964
-0.671095066487759 -0.586719122413875 -0.453202033457137
0.944011325806003 0.301313431289063 -0.134360830880148
0.121059028102619 0.452906578751511 0.883300822278826
0.455749575159403 -0.352699435811069 -0.817248696983102
-0.279785008118709 0.15647177660674 0.947225914107899
0.523407103391706 -0.170820265057584 0.83478466754293
-0.502072767133481 -0.632076208541524 0.590256387596696
0.604548096765924 0.0944313125825301 0.790951531954164
0.16740637396304 -0.416327067492297 -0.893670453148033
-0.157765479444879 -0.306341406366752 -0.938757155094313
0.634759394749761 -0.385684045551802 0.669573243031494
-0.858631841477779 0.511396490544621 -0.0349998608443524
-0.0877299281128502 -0.993247892333727 -0.0759083927370545
-0.647507629921348 -0.489980274323783 -0.583655035073997
0.804724347652355 -0.41723455400755 -0.422296165312465
-0.668495067767273 0.712283331455583 -0.213931765059248
-0.590174702156187 0.523271880588796 0.614719740955113
-0.91574544469725 -0.238041329958252 -0.323645802920327
-0.946419488165866 -0.321842348198239 -0.0266017917837179
0.116473123269917 0.564980125529024 -0.81684237727542
-0.593560557455703 -0.796291245859527 0.116645258799307
0.250058710057845 -0.911144572243284 -0.327545737257882
-0.0116392337170142 0.359335891137723 0.933135705874949
0.258822929621873 -0.348575656882716 0.900836113025413
0.395175216507257 -0.26101010013066 0.880744160291867
0.458962654956689 -0.63315314361428 -0.623273918984633
-0.403843076907363 0.874715917079543 -0.267923186084536
-0.837410183571891 -0.28049545740102 -0.469112441561172
0.283669901271877 -0.833234435599062 -0.474606955747929
0.39040340171214 -0.746948088567479 0.538194887486847
-0.709518510674916 -0.176471825951165 0.682232495308682
0.884282591168136 0.173660517140475 -0.433458560583903
0.0634415737652489 -0.992904250282672 -0.100579901018016
0.233313956605111 -0.507511969229727 0.829455362718111
-0.728030395890525 0.428120470310976 -0.535429365612491
0.0214698817705769 -0.51077163530508 -0.85944830021621
0.678761456876765 0.640424743098038 -0.359359197859667
-0.0727248734402643 -0.994245311908474 0.0786597262334331
0.493921176310755 -0.867432049718647 -0.0600292488101117
-0.445661269207685 -0.53652372175352 0.716608909464532
-0.788494499575946 0.142094863208583 0.598402434811401
0.257249349949777 -0.95677705574744 0.135648212467681
-0.366547489951656 0.909634891727197 0.195466880474907
0.256823285754258 -0.92209818448888 0.289442115209065
0.912675148417902 -0.199236190029232 0.356831912870746
-0.0913948394254576 0.95626078575995 0.277871000545502
-0.697748350650713 0.264482130243214 0.665730006794212
-0.217648851397268 0.0271133185932176 -0.975650472987285
0.778521086149785 0.523372325004705 0.346390426887534
0.190185808352017 -0.690543717968022 -0.697838614492198
0.115910880112443 -0.104830289920732 -0.98771214338323
0.0206485919854148 0.207076756621606 0.978106769486898
0.96547642777544 -0.0803027554772571 0.24780382336182
0.289066724318288 0.84971050610111 -0.440944990575118
-0.699683719642432 0.530812561355068 0.478205726832086
0.979156156119522 0.145829819550286 -0.141374982451541
-0.763917527849052 -0.431663351789712 -0.479684022421703
-0.683313891863253 0.569044960592006 -0.457460334905155
-0.308979869570413 -0.295159050376027 0.904108718673464
0.23989198740916 0.775661158028366 -0.583782153121331
0.943415310160094 -0.279110912347926 -0.179066052516501
-0.466700055478835 0.498890218074522 0.730273653177772
-0.717293181248329 -0.434871067296574 0.544405774182264
0.36142307285832 0.129238360205185 -0.923401759071925
-0.124162746341202 -0.861916405153073 0.491613387682856
0.0467130848082521 0.0421452563615873 0.998018870099114
0.221907305934475 0.450486874104535 -0.864765126397005
-0.617374201580583 0.696029772919729 -0.366594667762705
-0.215779317605921 0.961361577140611 0.170947957259632
0.374455505756898 -0.101196449787247 0.921706218248962
-0.00395810190959127 -0.922285281480085 0.386489576825138
0.683511227545789 0.210090816777371 0.699052394692034
0.522937360145444 -0.331114037830235 0.785429825837975
-0.433434330201991 0.750678951743139 0.498613871459844
-0.579645472772988 -0.761838302024064 0.289160037804103
0.887373119701558 0.119696597465103 0.445243383989478
0.916618666916367 -0.394070550738865 -0.067220685066651
-0.544328867913553 0.667293010787267 -0.508356293666572
-0.323820196264334 0.846400336358649 -0.422784757415987
-0.752666028444661 -0.0080913666740957 0.65835277732435
-0.0457604467755269 0.846600063523691 -0.53025872359876
0.00649855280552929 0.84385476859796 0.53653229010556
0.858947943936035 0.38733251210635 0.334935747082097
-0.0500320929423638 0.558556147593239 -0.827956411691827
