# command_history: dirgen -cart 0021 dir0021.txt -force  (version=3.0_RC3-1000-g3151ed7a-dirty)
0.525180485861111 -0.797149722982652 -0.297888865886876
-0.416796377159993 0.0129879879767876 0.908907086645615
0.515400537899799 -0.82025889668234 0.248067789013545
0.331006514817492 0.513836776291792 -0.7914584350921
-0.777306033677325 -0.325614512095009 0.538303371271214
0.885690143081652 -0.458547178197854 0.0727148940368384
0.804980943672791 -0.291424792051707 -0.516795192413089
0.102915374938867 0.346629668729322 0.932339154148207
-0.583316868684494 -0.54787040658696 -0.59964943783377
-0.439218080418926 -0.878304609496661 -0.188861035605633
0.553179854006124 0.0537881393544793 0.83132357429977
0.628095870397909 -0.450520138613095 0.634450299308882
0.0447788876539183 -0.998390574499913 0.0348010340394037
0.108384227368285 -0.784161616745675 0.61101834512606
0.452726581087342 0.818280194485794 -0.354197919374545
-0.991425516727127 -0.040131796880307 0.124357885401397
-0.840911182468509 -0.539843423479662 -0.0379138671883097
-0.130590165959393 0.270409648706935 -0.953847383201784
0.907896260133281 0.0552048921689479 0.415543981687397
-0.378089862887177 0.535933202577052 0.754866649122519
-0.0359301792568431 -0.831268220611542 -0.554709083772648
