# command_history: dirgen -cart 0028 dir0028.txt -force  (version=3.0_RC3-1000-g3151ed7a-dirty)
0.115213917789804 0.117695345199032 -0.986343529844448
-0.0993182851476655 -0.495297725745859 -0.863027253976551
-0.885020385902723 -0.382097873955604 0.265970169859709
-0.224837179595788 0.762407500907217 -0.606780887332341
0.579485835115194 0.22251942980196 -0.784016116072531
0.419729738834939 -0.868965165042437 -0.26215737311837
-0.920618765509048 0.321619369367482 -0.221409281287529
-0.6532371413059 0.741108144680394 -0.155048234775115
-0.946043052446167 -0.153526748106062 -0.285363067922807
0.297585500499233 -0.359284625676024 0.884509710317225
-0.548685438779372 -0.833916766067665 0.0593895322656777
-0.637907428105939 0.514011700637893 -0.573468468858235
0.623193704432287 0.409993544331142 0.665984159243109
-0.982315433692781 0.0464178050333702 0.181388467397591
-0.410165541800095 -0.774758494979324 -0.481158500680604
-0.222595927650492 0.959417504049421 -0.173115874249003
-0.596196847698922 -0.614727935131888 0.516390244449247
0.517410158783059 -0.570979036728764 -0.637392867236827
0.797087381644414 0.56857556349171 0.203404853981751
-0.785158182332379 0.129650024561419 0.605572043482637
-0.330258940898316 -0.113281937011309 -0.937067892259514
-0.210465268275003 -0.894367336464556 0.394729576185046
-0.189647437150927 -0.5655579076893 0.802607066148926
0.732254495606317 -0.0604580910874 0.67834222401853
-0.338914498889083 0.260187428037463 0.904123589302929
-0.0750200233452452 0.807234996862553 0.585443127842144
-0.819403571924793 0.512765088268687 0.256222072760518
0.124180883335048 0.980738272525232 0.150769854474798
