# command_history: dirgen -cart 0286 dir0286.txt -force  (version=3.0_RC3-1000-g3151ed7a-dirty)
0.513593430749183 0.179309017834348 -0.839088829632814
-0.316782073930919 -0.580332858901149 0.750241888003892
0.750445096133195 -0.0857039889078231 0.655352564635958
-0.384005456626635 0.574857396125959 0.72255019438116
-0.545167086339848 -0.784864843872382 0.294584495221495
0.952667046343322 0.122296364853626 0.278332710896653
-0.682077290014421 -0.445943590217008 0.579573019378015
-0.897621497211044 -0.219094135487865 -0.382457066269442
0.82040893381288 0.320538115948118 0.47348125363571
-0.313126752723271 0.947746169169882 0.0610641920669868
0.673800343451923 0.539713151952133 0.504680899949627
-0.678183084269094 -0.685824927561605 0.264030060686994
0.315624658968727 0.839250735767324 -0.44276322923757
0.754851986012501 -0.559623969310779 0.342081119306272
-0.60405943794232 0.334875243427389 -0.723167177609891
0.185636626852811 0.150840705210943 0.970971742339691
0.606215044741281 0.687436520294635 -0.399917929198643
0.207471346909805 0.945521275382814 0.250888736315301
-0.873060707269069 0.238689858579863 0.425196604918194
0.835308502984993 0.166217470231635 0.524052914724044
0.967880904180331 -0.108814509761211 -0.226640591661097
-0.898877957348594 -0.0672074677943645 -0.433014519462673
0.57376027180768 -0.0590854966595312 0.816889254782847
0.455364116818271 -0.835712804875698 0.306965191644118
0.58649032058897 0.0443159432800993 -0.808742975874685
0.792631710993101 0.568418356036617 -0.220534675842098
-0.917637875076215 -0.182530312450547 0.353020417628095
0.662525671351483 -0.425637636054431 0.616354068352163
0.886557609559188 -0.105818196098239 0.450353321634483
-0.0531711809596501 0.457301696425948 0.887720667756083
0.0868512993547915 0.773988533635513 0.627214956455228
-0.149660372168858 -0.663621434109266 -0.732944994657198
0.408292645675861 0.350911600620632 0.842708825180366
0.585669477986967 -0.808812052877136 0.0530502184269552
-0.715246054873286 0.500735569225228 -0.487531507392997
-0.780655115617957 -0.319151010777472 0.537326923557002
0.766607235563946 0.641252787146012 0.0332897785885586
-0.39187801241506 0.51787639307082 -0.760418085585541
0.114708334098392 0.729158293534565 -0.674663012961385
-0.477336043058713 -0.0457868675762928 -0.877527130494893
0.416591568402382 -0.894097285195999 -0.164443028861634
0.774223949214178 -0.632667867605904 0.017568316999645
-0.205074106752998 0.464539018335455 0.861480186181546
0.0542456144661777 0.96770596135268 0.246175924236452
-0.687583796405768 0.715902872592254 -0.121291384419464
0.944993054539817 0.309332571017068 -0.106308453941711
0.579785701846303 0.120958126040169 0.805740449325613
-0.305120384370366 0.689553549246954 0.65682376156973
-0.355023428300941 -0.90135212422627 -0.248037725981829
0.670932755230362 0.193949560172675 0.715704412497102
-0.467489984526474 -0.731688848014035 -0.496069092021798
-0.534781996272155 0.480535802635278 -0.695049321162777
0.823319950550973 -0.516550745654873 -0.235201161111373
-0.969793293896087 0.116369694412146 -0.214380645900234
0.901851377831431 0.400021565418552 0.163238596856382
0.41888049745444 -0.215961594989297 -0.881986234780339
0.714886451489269 -0.34724488089363 -0.60692532833146
-0.403252850757323 -0.861143738721691 0.309545795669267
-0.77409692264198 0.606122873299789 -0.182726617708051
0.0673578933188583 -0.78990073028362 -0.609524200097952
0.372725710396509 0.744951479024054 -0.553283687369592
-0.953028358292714 -0.297918203198958 -0.054604876088121
0.333111540802882 0.925755575494517 -0.178922653190549
0.133948889400442 -0.867078717960092 -0.479825168044645
0.893510352085338 -0.344994722269624 0.287433283254463
0.145102436236991 0.298207137326468 0.943407539849901
-0.361684877317302 0.0282993853409278 -0.931870803442888
-0.767544036706001 -0.453927129426053 0.452577410934395
-0.448774689958879 -0.335869336127206 0.828126238385056
-0.268341876188733 0.201637853667682 0.941984508074205
-0.6125920408162 -0.658180877822831 -0.437640175940248
-0.573653830535299 -0.810013840408512 -0.121650569496539
-0.314392208038247 0.336188003419519 0.887769770763588
0.518616923320565 0.67330204715912 -0.526973282185018
0.270391662213368 0.696551982079594 -0.66460791845003
-0.222266801905752 0.00429478644381238 -0.974976422063627
0.965121140553086 -0.26128907637211 0.0164073954703449
0.418858805230098 -0.785861048560031 0.4549502320445
-0.583462199270781 0.579740510561161 0.568746694439966
0.463980783529766 0.776203624852175 -0.426883784280274
0.095398043367789 -0.584468143158989 -0.805789180216439
-0.762322092169138 -0.17599823499538 0.62280787492563
-0.0213570277966848 -0.863624349568576 -0.50368329354461
0.298039758228955 0.948374414325007 0.108435569664783
0.990140868868604 -0.114690989077989 -0.0804178886842951
0.210833360889142 -0.937495424686851 0.276860294421953
0.141145205590027 0.370660930774306 -0.917980667191022
0.358122705732558 -0.881650508645647 -0.307311744395922
-0.775455459899595 0.504259361205067 0.379988587129885
-0.596527203947778 -0.490260676921456 -0.635452408615124
-0.832185476976479 -0.550245040975017 0.0685399649243535
-0.51112414948496 0.819247105792423 0.259973620707977
-0.763474499946947 -0.612504219766531 -0.204805441087272
0.898220133334721 0.0439624697408031 -0.437341849502704
0.43978658782129 0.891709826117024 0.106964214477805
0.0467034621220042 -0.74560567976934 0.664748792343032
-0.654224776226184 -0.57359966200033 0.492923290101925
0.922559861360792 -0.198138590214625 0.331095758465308
-0.460275381278526 0.638482793743613 0.616835711905737
-0.463239772640383 0.35130776709766 0.813628764130757
-0.536165996462135 -0.761760265742532 -0.363658248598369
0.956833506497579 -0.257524691426444 -0.134724437832423
-0.0678687102568103 -0.246572702860258 0.966744920013684
-0.152103495820931 0.142053797564648 -0.978102880660575
-0.986094926884086 -0.023690026665101 -0.164485798201779
0.732236071335823 0.670399218232713 -0.1199800984649
0.00415758465718546 -0.994455946742936 -0.105071806291836
0.594459188534342 -0.563009240938141 0.574141853364959
0.732313268388057 0.577030117641827 -0.36159856232715
-0.810292160297987 0.184854654561001 -0.556107338242137
-0.475866672015519 -0.862949375105137 0.169909642076392
-0.535569903601895 0.235808553174473 -0.81090024331333
-0.0521555635830476 0.947253129966051 -0.316214017647627
-0.512823165533751 0.682987759331573 -0.52013471475684
0.687869620641608 0.307160676965053 -0.657637972994824
-0.264916501345529 0.815910995281275 -0.513914871446589
-0.254661337223932 -0.913214047549195 0.318100151968112
0.98400727825569 0.171390614782955 -0.0485276571055138
-0.852598274211489 0.517177782918821 -0.07485535162408
-0.497615668512227 0.48299800008895 0.720480102682374
-0.579398433848762 -0.423389909992098 0.696447010884881
-0.00498793690303414 0.114886603738637 -0.993366090002499
-0.0354144263449267 -0.17615805147418 -0.983724635915702
0.455488683006524 -0.132575284689569 0.880314633266119
-0.848651786111269 0.522433006504211 0.0827882820520228
0.206580125120366 0.538425976627223 0.816959068496259
-0.60907150643042 -0.777699903463173 0.155610925734507
-0.462756433249231 -0.500154792772355 0.731916434269167
-0.0545289582567009 -0.568651075117847 -0.820769484982694
0.104954730416078 -0.968556583073931 -0.225571828798368
0.856207800083561 -0.095251215369088 -0.50777495905842
-0.302768554920299 -0.619422832206629 -0.724324897468389
-0.497790292578832 -0.832506404764884 -0.243182874889922
0.448049499215649 -0.799547577617549 -0.399969145533147
-0.999552332385642 -0.0286437501250521 -0.008641203689065
-0.447525737867155 -0.202518696705811 -0.871037824340044
0.365928425824126 -0.721500219456355 0.587821248763864
-0.239800311944689 -0.738360911613321 -0.630332431811006
-0.239162624079559 0.53795602288878 -0.808334433685134
0.255219032229525 0.405832868688215 0.877589270832386
-0.314833742954345 0.870665852636969 -0.377916243828308
-0.0371037373240214 -0.983219656713501 0.178612483686824
-0.644079314288759 0.089568237232651 0.759696892046004
-0.50761239495153 -0.426624143641764 -0.748546255453531
-0.465121130998004 0.885111888417983 0.0154686289078649
0.231886117788962 -0.294854732220053 0.926978702702605
0.723864664106755 0.59279370589743 0.353009306259772
-0.844219682451026 -0.526426451970103 -0.100838080249769
0.815099062715312 -0.425101029804578 0.393576717324217
0.317610282160871 -0.412202252134435 0.853939700447866
0.903636498946669 0.428269228960422 -0.00515221283060017
-0.944093859126569 0.025567161315796 -0.328683898939018
-0.467843612193575 0.383213630803242 -0.796410489443895
-0.955144324680924 -0.039499259044359 0.293494680641351
0.594903010234575 -0.724584354908364 -0.347948158546458
0.660599129324198 -0.611934181854662 -0.43490843566661
-0.456299221110605 0.609305979023311 -0.648488430691172
-0.529663435108885 -0.847821378062244 0.0256038358316288
-0.762445431184097 -0.0935087953099423 -0.640260157800078
-0.0957754256395459 -0.994796655631559 0.0347373255710557
-0.382318766673432 0.752470166065009 0.536303095116375
-0.216974742256762 0.0564085409894184 0.974546067523776
-0.361127363982498 -0.490312828354288 -0.79320889892529
-0.655713610344319 -0.754901447369429 0.012785381056505
0.219605850605246 0.218336157908821 -0.950843095641737
-0.102297589445578 -0.942341209532487 0.318634976125461
-0.800970618197198 0.366671813588514 0.473284111189578
0.00305793836191695 -0.688780149876014 -0.724963829545827
0.259442970555624 0.884736465365764 0.38720889953792
-0.39093335010698 -0.919707334865872 0.0361874835826944
0.917388092017305 -0.396722731792875 -0.0317830568644283
0.297532910666611 0.265843235299446 0.916952311363997
-0.539619024226196 -0.617750547949907 -0.572010112848329
-0.676895420322578 0.678359603301939 -0.285728609968194
0.686527096574481 -0.2210707807465 -0.692681929581786
0.220677063128856 -0.972144731913386 0.0789699564510056
-0.560776344275424 0.82036136686992 0.111969279038528
0.912012516242091 -0.390754501012205 0.124675940567825
-0.707570868902773 0.484089163697101 0.5147826211822
0.938448915731942 0.26436881209485 0.222312311294494
0.333242051053149 0.120444482375203 0.935116496526107
0.154940419924747 -0.697560032234346 -0.699573775739743
-0.643526755450334 -0.713796189852477 -0.276348175987561
-0.549238954650236 -0.279586947929582 -0.787507275675684
0.0592964355033297 -0.997554544477798 0.0369981557417688
0.16386353553503 -0.983488623828242 -0.0768040918336381
-0.0118619906848132 -0.642926617090372 0.765835921208795
-0.389732729433962 -0.683933216069264 -0.616720159849755
0.480500384822824 -0.863740407441131 0.151894334122601
-0.720462720299892 -0.407769553146849 -0.56094336628977
0.990793929932954 -0.117716387314897 0.0668598576542182
-0.557004477068387 0.214566972196886 0.802313546544014
-0.651966045884122 -0.168157030339296 0.739366950953106
-0.100475194346359 -0.437344762707137 -0.893663411947529
-0.768693665487523 0.353782563433022 -0.532867663167991
0.926212711435034 -0.249660542678347 -0.282488276935017
0.14769838304071 -0.650335315030571 0.745150431571537
0.245926340726271 0.968629678466167 -0.0357320714697176
-0.305840840078065 0.638666606640514 -0.706092307069433
-0.85535204451744 0.276518607057534 -0.438075723923156
0.114446809880507 -0.977567143872882 0.176817439548226
-0.298875726669117 0.163425764931084 -0.94019429873016
0.174814730701487 0.839161344733233 0.515022375664668
0.835118928646194 0.450911767333412 -0.315047541011022
-0.200891458066644 0.916746918696208 0.345279175649019
-0.850141584155766 -0.183213938435866 0.493651637951242
0.988975133998061 0.033556267771679 -0.144229543529587
0.592812343908475 -0.341386990811095 -0.729402801896651
0.560799852429462 0.55484206579817 -0.614535440423018
0.00875658189296598 -0.400335764803734 0.916326687209622
-0.980516684216542 -0.162123490923379 -0.110918914815353
-0.341826431475537 0.912359200202992 -0.225289548247707
-0.795243238028628 0.227192287034276 0.562113740342539
0.0800017887449368 0.0218696298243115 0.996554781780188
0.651990541909751 -0.163474736169136 0.740394721682063
0.32351632297379 0.795190214129968 0.512844725157093
0.375870465722922 0.208066880270103 -0.903011387708871
0.648151840444244 -0.733755177543019 -0.203721700261785
0.862321969161386 -0.382181896761194 -0.332171370364223
-0.843613722193409 0.481372584291967 -0.237899816769696
0.058469196002094 0.82144398349493 -0.567283998627539
-0.527049140248973 0.69870434231072 0.483767966900417
0.104755630578509 -0.828865389796228 0.549552930535399
0.643020394542232 -0.629256595842123 0.436532826706005
-0.06643106299522 0.04440781960205 0.996802317125877
0.423757285643982 0.632300953683226 -0.64855629426822
-0.2915024369927 -0.338191865960592 0.894791926106516
0.675049444500959 0.0180742148198074 0.737551062800125
-0.818259182083615 -0.0415130111851077 0.573348568358027
-0.827803331347249 -0.492987047053502 -0.267778669889641
0.364405202132722 -0.0746192920699821 -0.928246093398504
0.716462463235853 -0.262880757261597 0.646200623827913
0.832997835571614 -0.00799255374660982 0.553218514709707
0.639598788038481 0.349711807464157 0.684554630442201
0.901209681421876 -0.392219548083474 -0.184350037191956
0.759144726338306 -0.635220129297363 -0.142107958285874
-0.442903864800573 -0.0564471226868339 0.894790416178612
0.584856827611985 -0.780106942273083 0.222206322621535
0.882117040011606 0.440572201333584 -0.166630318769551
-0.572662142386866 -0.296478408160254 0.764302704542936
-0.0677731187220749 -0.517457601614471 0.853020770503323
0.358707722573353 -0.929790364314406 0.0825751063839599
-0.259433217083352 0.943973230877404 0.203982708239344
-0.00219852460250365 -0.894373402287358 0.447315753993203
-0.162487389512578 0.333104400530927 0.928783778172466
0.616579003007431 -0.45882719451272 -0.639771786362879
0.715084558729493 0.0372212883855611 -0.698046309035128
-0.110786428290492 -0.916463518164442 -0.384474950003624
-0.241858235476022 0.586510615930505 0.772987639832129
0.145040064276311 0.0904756363543112 -0.98528043671891
-0.951299419708177 0.256776800138819 -0.170572826010927
-0.160170574447265 0.892929070911896 -0.420741085944375
0.00910801734270333 -0.320730708913706 -0.947126631649536
-0.683519248708633 -0.717202453806171 -0.135727951797679
-0.160039749633637 -0.879637417718126 0.447912147510412
-0.0437858476476715 0.929114586657241 0.367190528753833
0.962812732141721 0.177602361212336 -0.203590383165799
-0.0827103416905844 0.538818750092453 -0.838351569406435
0.208356883408715 -0.742502988707124 0.636613478413075
0.117290920047733 -0.192195519239177 -0.974322186167769
-0.400901686928641 -0.833003137411025 -0.381292027822717
-0.214464084293828 -0.486672803619429 0.846849891518689
0.923652730743877 -0.101093340882392 -0.369656285512118
-0.299387661902185 -0.0768986366106678 0.951027669202197
0.160188069236297 -0.420830258086008 0.892883909785371
-0.294755502583188 0.844576153001306 0.447001471449979
-0.677668264129517 0.733929269490333 0.0459733746539597
0.721067859401164 -0.627471208724434 -0.293838432408904
-0.782287524244687 -0.462056466421062 -0.417767939470706
0.186561354296843 0.965863350632913 -0.17972993347545
0.507656800147988 -0.081581521767369 -0.857688188428421
-0.354358722381053 0.460628766554534 0.813788077631343
-0.455380714413688 -0.561695977761486 -0.690743102395273
0.222470537554125 -0.787005639864836 -0.575438078980979
-0.357793004472734 -0.44926627557842 0.818623221988156
-0.87340995173771 -0.361376236308836 -0.326438772263334
0.856162553039346 0.321229448746915 -0.404718820949683
0.217143478309866 0.797167476821394 -0.563358432727961
0.14998404393548 0.982624384967098 0.109334828086901
0.750911471242776 0.261788583342698 0.606299183561576
-0.912142889788294 -0.316233399118189 0.260752345897052
0.166388162222902 0.61719418110626 -0.769016464245505
0.389779961123778 -0.276838006860533 0.878312188156258
-0.0817767985547357 0.274672976872711 -0.95805391862568
-0.55580433222559 0.741103413382497 -0.376626174013542
0.762543756618755 -0.0954488902560803 -0.639856646906665
