# command_history: dirgen -cart 0072 dir0072.txt -force  (version=3.0_RC3-1000-g3151ed7a-dirty)
0.117066097684227 -0.217450299722166 0.96902574574865
-0.683914858370506 0.0133481018522108 0.729439712846096
0.204288963570651 0.0559892577302093 -0.977308151189813
0.599989076804522 0.727096420746684 -0.333682337939272
-0.353530781572172 -0.0238405114289037 -0.935119038676776
-0.0408296054259937 -0.981552723386582 0.186781140731985
0.988763326846929 0.132433176259245 0.0693436176477698
0.987836244374661 -0.155209858440304 -0.00945802002037716
-0.730199854544755 -0.669110594497373 -0.138199800123553
-0.96471996497368 0.0024727912183787 0.263266546459616
0.215607309581702 -0.689869298930387 -0.691081643836846
-0.496378742852156 0.826755104309713 -0.264734095164089
-0.61852259907188 0.720846584590991 0.312745896729068
0.741906332705505 0.220614488702423 0.633169993655762
-0.46229360283844 -0.856326940686561 -0.230192952605091
-0.334014455317315 -0.899370025560164 0.282077827492677
0.617146396769517 -0.0299566092621721 0.786277893950933
0.0384057385070952 -0.991773939603693 -0.122104266807902
0.0945728729127441 0.866234624533582 -0.490605286323123
-0.903569307213825 0.412594935816054 -0.115446637023666
0.126460798818778 -0.734971891274241 0.666201159860054
-0.152763340010623 -0.355287700932264 0.922189791482787
0.615182991983062 0.671327071807136 0.413364063548857
0.358051790939361 -0.445267147426748 -0.820692440825163
0.438953781662526 -0.143641423208044 -0.886953617221857
0.576643599433239 0.495386978593234 0.649672148604929
0.901949114852652 0.41617361672444 0.115270616199524
-0.801120965922325 -0.439690767875433 -0.406050768506592
-0.529514991784018 0.587414400939296 0.612011597149187
0.098164832908672 -0.900320167374089 -0.424013280215968
0.578204499782831 -0.815540542698195 -0.0239411705315307
0.202260718210637 0.327576894442224 0.922921437662223
-0.0620424891329787 -0.0744945329818324 -0.995289552893028
-0.273463512842766 0.957550955355266 -0.0911804531789089
0.186784751380662 -0.906229489188868 0.379288240756483
0.937330385236524 0.294970001270777 -0.185484358539114
0.360281324030638 0.760893449197468 0.539665198547313
0.797350905408596 0.586443113689736 -0.142534234659538
0.844594833706801 -0.174827204724496 -0.50605831221708
-0.829171933176426 0.374172205941257 -0.41529395075479
0.640332571348215 -0.58895131507716 0.493062416474291
-0.454990228704474 -0.174896070810786 0.873152481642468
0.588556241539084 0.562439766235854 -0.580743540559812
-0.666758713613494 -0.290599361892394 0.686283344317937
0.0770370773432763 0.765164205391269 0.639209689775081
-0.300369277345731 -0.565435168349555 -0.768154520666456
-0.949451985041524 0.124016770344042 -0.288376089116526
0.355487727375647 0.74589390004559 -0.563267934077626
0.855856628616942 0.144077552341752 -0.496740465599141
-0.263353696630542 -0.964444619231937 -0.0221676996008553
-0.408257604708494 0.26973673107169 -0.872105397362292
-0.821446513129964 0.0806465257723238 -0.564554482709577
0.415855195300526 -0.533254858395265 0.736684269235748
0.63686359083488 -0.314358245096445 -0.703977031165639
-0.152590793100873 0.274749490103092 0.949330694515319
0.184996932340739 0.922303655939348 0.339311215944048
-0.39319260383758 0.748853440953474 -0.533496110819532
-0.736057253741944 0.645117577671072 -0.205043971366331
-0.493018566680034 -0.272518685990047 -0.82623620030535
-0.396742893843869 -0.468942153288627 0.789106034100246
-0.79878328314877 0.591382346522337 0.110508763380132
-0.0142162437323766 0.531063318898851 0.847212871558429
-0.134477410361083 0.495855211493104 -0.857929737995896
0.913932603507401 0.168083564081753 0.369425380465066
-0.55303366827673 -0.830987485367999 0.0601129013952365
0.142108591120431 0.636818472696255 -0.757804315877506
-0.913021749605036 0.333211881903179 0.235289452604025
0.375340515817187 -0.801598828056272 -0.465358803553667
-0.656136004331154 0.328099948942065 -0.679585143543149
0.758917993662678 -0.476086239079938 -0.444280735406946
-0.342666016148918 0.919117895304396 0.194428125300449
-0.799658775317733 -0.437966057306103 0.410769492179119
