# command_history: dirgen -cart 0065 dir0065.txt -force  (version=3.0_RC3-1000-g3151ed7a-dirty)
-0.0105191904802432 0.12974522362041 0.991491565057076
-0.522064704968686 0.300775464956366 0.798111874054158
-0.232925153439024 -0.507918192457393 0.829315972754789
0.350146708065761 0.885821298862924 -0.304496156480691
-0.144348452288542 0.136100190275828 -0.98012257525719
0.397728988329623 -0.771803840938704 -0.496115392781316
-0.143668833837464 -0.96558778807809 -0.216793656960357
-0.851509802828351 -0.0431726907537872 0.522558297666681
0.775709150579003 0.327218148497104 0.539632835363202
0.252354483053127 0.293999962987578 0.921890035007588
0.812009901536167 0.453815914301245 -0.367002773469287
0.638472403161449 0.140055581340486 0.75679417580781
0.777844737321497 -0.259365764644628 -0.572439485667751
0.0993087544985951 -0.727075348068572 -0.679337331162437
-0.577851255242886 0.713489119868758 -0.396259009541898
0.327576930187041 0.655247291716063 0.680694014596867
-0.498678258586322 -0.414325319588433 -0.761350460669235
0.166764094642466 0.199511056165297 -0.965600888155084
0.401710422162766 0.0216004440627049 0.915511964718161
-0.106252579157535 -0.986239236596182 0.126659218458633
0.954389168130551 0.297892149582961 0.0200395352220837
-0.634081015905939 0.186641956470598 -0.750403921466645
0.147784256466398 -0.986923419920769 -0.0643581910293196
-0.628220946612848 0.534194025160315 0.565663491591846
0.945385998338866 0.186948694567871 -0.267012171528181
0.657803847270823 0.730371716693552 0.183987102726844
-0.526267138432094 0.841198644920692 -0.124208448948075
-0.423401476775596 0.890833548838173 0.164762792306488
0.46112987507295 0.243429315359194 -0.853288583504409
0.296499192597755 0.752993798006064 -0.587442396285188
-0.598240474048423 -0.675753025356263 0.43065785019221
-0.999588525154369 0.0286365382222875 -0.00165198618577446
-0.638283829958135 0.00601446043365598 0.769777616379995
-0.942865385154672 -0.149207355927356 -0.297896006039521
0.340447744424085 -0.0720772237514762 -0.937496777131971
-0.614152748900055 -0.605584181841605 -0.506047625942203
-0.353651539578066 0.565119057018879 0.745366379673887
0.0668127769594627 -0.444462253491297 0.893302500867653
-0.838702709961237 0.0130687850244228 -0.544432705815569
0.792721485941687 -0.33737591592007 0.507710682459507
-0.92920377038653 0.369557954225953 0.00269658446652174
0.181619587076862 -0.370667649673018 -0.910834682626826
0.294789138053251 -0.815241671919091 0.498478064163697
0.83495705837915 0.480927578237306 0.267498364768155
0.641908065038288 -0.710767478980347 -0.28768668176112
0.943818437769222 -0.193110710628992 0.268169740961262
-0.57513263287255 0.515182097117288 -0.635460353928491
-0.242972767541517 0.943530479627838 -0.225198730561427
0.00134410265622577 -0.719840485597488 0.694138220157068
0.0253967181169035 0.9030648786009 -0.428752646343358
0.298597078963598 -0.613531841656065 0.731039303805564
0.146365386983289 -0.912285924247989 -0.382506948841749
0.71924942098015 0.301208197014795 -0.626062211342303
-0.836220590853774 0.459509910718875 0.299308812739113
0.397945744821493 0.916491453610545 0.0410195031332517
0.614666858528111 0.776243968103186 -0.140106941336262
-0.0820238557745893 -0.533839155817931 -0.841598385692052
0.140472762558475 0.841275172079111 0.522037822214495
-0.803985619000536 0.530662100139971 -0.268337213064756
0.945940252528294 -0.161464362099735 -0.281293971528779
0.752170154907506 -0.658950399923578 -0.00494252030598811
0.51178750168191 0.521524462351369 -0.682704759241728
-0.824376967847904 -0.561493452429358 0.0716080844657647
0.420409568935203 0.827505354225119 0.372143363606658
-0.382717318995768 0.327123947011461 -0.864012370879222
