# command_history: dirgen -cart 0074 dir0074.txt -force  (version=3.0_RC3-1000-g3151ed7a-dirty)
-0.85974740590527 0.46559446039487 0.209895680014547
-0.0552508384600796 0.763659618228829 -0.643250598395413
0.222244316351672 -0.963992553148301 -0.146033630797835
0.426593695741582 0.862850363203208 0.271121871994184
0.213116989022824 0.942752727975569 -0.256512071615486
0.774821548467963 0.233827376962879 0.587346853070967
-0.591397835612462 0.645875160710084 -0.482797966866699
-0.376333220232654 0.459504534852907 0.804505369652021
-0.798591485293197 0.0736033699355498 -0.59735599398628
0.579061588623664 -0.784686500975193 0.221257252464065
-0.346468784213073 -0.210335836110735 -0.914176250847458
0.487361407129659 0.45322134513514 -0.746370733050603
-0.0637400126445365 -0.0600557198560421 -0.996157879706147
-0.755422528149959 0.655175187290119 -0.00907071788130769
-0.274272857755205 -0.551607318153624 -0.787720614214304
0.708697747554385 0.253711847271387 -0.658314363481067
0.0943235575782335 -0.547745400823833 -0.831311038277565
-0.681001369661374 -0.532032543919195 0.503168467543628
0.458813508419709 -0.143658288726829 -0.876842323665821
0.0386784505490602 -0.525941116688756 0.849641053174403
-0.652496761053538 -0.689853296374747 -0.313608683386699
-0.648173004930358 0.710151374699669 0.274875936909219
-0.0192752434126122 0.996763116674753 -0.0780496907631162
-0.335854722121865 -0.941913106641984 -0.00114243795959097
0.0989781624945641 0.357391913182596 0.928694968082031
-0.460099098084146 -0.701088360690398 0.544778790378816
0.0959370279112532 -0.900738348200714 -0.423634883781076
0.300328133644832 -0.373767041938425 0.877554106880033
0.853655753336007 0.400859956919647 0.332540448268649
0.916372033893296 -0.224610643210946 0.331379471987372
0.963998206366636 0.243476903340395 0.106894600713421
-0.534423335379984 0.462440150634576 -0.707489085203725
0.231247972679151 -0.735249978390304 -0.637127808535179
-0.428550976024536 -0.699793520739948 -0.571518231799132
0.961154135527838 -0.181829417438953 -0.207655461550004
-0.927290226158951 0.369170527371353 -0.0620157898477356
0.308622576958655 -0.644507563307431 0.699544212920753
0.606823072537144 0.794776541466908 0.00979835549876549
-0.0778894643996797 0.922495136696963 -0.378068716116506
0.900259328312698 0.416397095807219 -0.127069273977952
0.347568089629648 -0.820577571079165 0.453705711792363
-0.66504821954719 -0.514856788388433 -0.540955962281091
-0.492144197340431 -0.825089773702985 0.2775264930685
-0.600500051147886 -0.0983732378009708 -0.793550499121474
0.857187858066802 0.329339041564756 -0.395935312499473
-0.31115783039991 0.935979050983646 -0.164693717854007
-0.626590914243942 0.33588199741109 0.703254655158483
-0.236972113981682 -0.355238885266109 0.904239764437478
-0.394125086878072 0.839956595676446 0.37301251087998
0.810965836674147 0.578041727587426 0.0905658485034296
0.502513689924842 -0.862151230032015 -0.0646161589109372
-0.335106016003559 0.0851795987061626 -0.938322116334513
0.994657975953023 -0.0642742305145528 0.0807733505854366
-0.102549452735391 -0.976138052053596 -0.19141084890017
0.883193684441203 0.0451839397269031 -0.466826870856775
-0.725483569567305 0.502197479582662 0.470607354159179
-0.226805359972357 -0.622547934441901 0.748994925223083
0.729016793887103 0.643671812071714 -0.232854273258805
0.796864638296233 -0.533881100281318 0.28280332210818
-0.0393727087357222 0.237756152857323 -0.970526558928346
-0.205826711525409 -0.86649933713208 -0.454768362545485
0.520896325954453 0.396467343080967 0.755963400884905
0.70272967054344 -0.041652071545049 -0.710236661313618
-0.189244498767953 0.253735566228255 0.948580403612099
-0.758073020522376 0.366849435441305 -0.539209409480656
0.22484318078886 0.0547102296726071 -0.972857818399954
0.92833241646526 0.0826477196187966 0.362447622397478
0.489904752168612 0.161625556151247 -0.856662426747789
0.977016468282291 0.114483886231289 -0.179811736264853
-0.0775470622088743 -0.735851920854373 -0.672687448758859
-0.499695908325802 0.637827908149051 0.586071291558166
-0.582928681606505 0.191174472730755 -0.789712905514795
-0.202739189013553 -0.830319514738156 0.519101458949134
-0.842878372597856 0.237108159217939 0.483048413556105
