# command_history: dirgen -cart 0235 dir0235.txt -force  (version=3.0_RC3-1000-g3151ed7a-dirty)
-0.226572904924438 -0.232505386327977 -0.945836119041021
0.049630916373039 -0.578725645924945 -0.814010687207931
-0.560864111968441 0.81942041225586 0.118243967644394
-0.871119652491676 0.0473313332950849 -0.488784508685873
0.842388752358477 0.296725026022018 -0.44981712821119
0.255464992073157 0.672466991007466 0.694640758831805
0.497334965145871 0.513082079375796 -0.699574665255085
-0.18156070373685 -0.561423017256499 0.807366030096132
-0.429451351502646 -0.901455106359431 0.0543160005068248
-0.889133049916463 0.433767531288157 0.145904586447533
0.927138311127871 -0.152188147483034 0.342422720923482
-0.386075814254802 -0.658100273337894 0.646412790622278
-0.564906065091505 -0.824891038972943 -0.020878492401763
0.155436824594819 -0.227663017833085 0.961253839457098
0.401760789343189 -0.660946259073141 0.633828297540871
-0.797744340654927 -0.182112243713053 0.574838323046431
0.919420064165387 0.363202912496747 -0.150832324002506
-0.640106063602384 -0.479131956436984 0.600580382347217
0.691939071995143 -0.700028300016638 0.176580576005168
0.2370572312411 -0.729821268381799 0.641221323205869
-0.0209958449040182 0.143457857316082 -0.989433685332698
0.808226868459609 0.573722772239027 0.132708363392591
-0.0117578089572419 -0.552591571803894 0.833369251112511
-0.205839764327557 0.0376202898347015 0.977862314037272
0.277092304841999 0.778744100645936 -0.562829885761676
0.307239134285095 -0.358989872717015 -0.881323088118294
-0.419458975243174 -0.685707295272185 -0.594861053775123
-0.460846519879196 -0.835125841154757 -0.30030869875978
0.410804161502624 -0.882048594190204 0.230716749238564
-0.163201516810837 0.920073280031575 0.356132593681878
-0.30859440370035 -0.859148250327754 -0.408208008206092
-0.0343996059908549 0.818285071486809 0.573782370668097
-0.726123131697098 -0.345942232941246 -0.594196237855831
-0.142222796537895 0.324628777855345 0.935087606982942
-0.960558089960866 -0.0947683259532277 0.261432821594299
-0.00779885643119807 0.867208477476821 -0.497884157641814
-0.734363182292346 -0.0479075542721783 0.677063942871806
-0.843538069836851 -0.508666049059151 0.172343770616966
0.226425377235212 0.680833626002478 -0.69656092500815
-0.880988652552021 -0.473099637385047 0.00597722182224837
-0.645144447856503 -0.239116980546093 -0.725680171297554
-0.9705393467363 -0.205055515641743 0.126513287608749
-0.475390311260697 0.772899091473668 0.420274965181886
0.164781614463302 0.92544220668383 0.341179925586239
-0.141903880164245 -0.858918647854732 -0.492058985449641
-0.686512736587759 0.263559614592371 0.677669972817674
-0.973521316603235 0.210259458059327 -0.0897062228371177
-0.765676911221894 -0.443340981018199 0.466033949591143
-0.53465136302303 -0.620515382450499 0.573679858597047
0.73749999412162 -0.600235107110278 0.309534448588399
-0.697100387714159 -0.591436389172794 -0.405282675439028
0.649676060389985 -0.600190188448722 0.466575561132423
0.537570933049016 0.826817326263833 -0.165501060210309
0.634576422297492 -0.772203541398122 0.031850508886258
-0.186012170218864 0.84517519547263 0.501077201126004
-0.17246476194909 -0.384119480228399 -0.90703259632436
-0.86226107990153 0.342413374652615 -0.373174102726938
-0.577060949054641 -0.700308350160627 0.420200994491277
0.720144367254375 -0.532020382548063 -0.445360980402648
0.203684924971539 -0.621957318269524 -0.7560962541835
-0.937361185900254 -0.0242115714877077 -0.347516628341386
-0.588748457840399 -0.725794637671644 -0.355805280058685
0.766035901593715 0.183112385168649 0.616164630490384
-0.568191010793139 -0.64779741197802 -0.50746180968468
-0.597334577780921 -0.361124223603781 0.716087073835197
-0.60683966559204 0.662550207092099 0.439059043121034
0.696812755948146 0.712432256830618 0.0830196517409087
-0.0328901364765432 0.0153212921156964 0.999341531674962
0.247836244459208 -0.935539204899599 0.251681528976961
0.0534532031872536 0.934737995985504 -0.35129422700925
0.845754025976426 -0.462954785726065 0.26527908684629
-0.77722758448838 0.160736196097403 -0.608342960158574
-0.560910054025149 0.248006420957212 0.789856142887741
-0.112631312507285 0.658458260343743 -0.74414172496103
0.787475723245231 0.61574026196978 -0.0273114461130709
-0.128288507716793 0.915543972954299 -0.381210299408156
-0.504115433601938 -0.289406349525197 -0.813702399196924
0.89205634107649 0.423323460388249 0.158217357550123
0.96886447297728 -0.088787623899995 -0.23112418922443
-0.677029165155294 -0.206848507508794 0.706289745409424
0.518410083906041 -0.0814184382879038 -0.851247333512
-0.730276903638857 -0.333918377557297 0.595981678528078
0.223194507210544 0.274333422272793 -0.935374462648591
-0.0652294032631648 0.970049232304407 -0.23398634972058
0.00139344421793745 0.997004560528737 -0.0773302308163578
-0.920407822460287 -0.194875029923817 -0.33892943670638
0.834557839447858 0.282027390109769 0.473258664837734
-0.767476937411669 0.113606077574266 0.6309301147349
-0.14909663091124 0.0397479652409977 -0.988023427814401
-0.273429868796875 -0.0700532966000871 -0.959337606103912
-0.200985422640332 0.745296721355963 0.635718221401699
-0.532378556941481 -0.548289053364788 -0.644943552622438
0.357381727219893 -0.777130538515604 0.518021647381432
-0.184805600190231 0.976864433823897 -0.107623269176538
0.975263832451851 -0.0844426877343711 0.204278950456292
0.130119494237676 0.426139380906467 -0.895250883976098
0.158924511646387 -0.525222069902916 0.835993287583611
-0.708618293513068 0.639611889244647 0.297920702932038
0.925044964110985 -0.0237704638578977 -0.379113148572938
-0.783101026015879 -0.0137370273490146 -0.621742774089486
0.451055013555412 -0.16205108514807 0.877660994091033
0.197225554939607 -0.373253961352294 0.906522785600883
-0.309914903069061 -0.107887421974945 0.944623235494075
-0.334308742216418 -0.849943223606203 0.40722743218449
-0.0108965296288362 0.901615548418608 0.432401050521226
0.0870275949320877 -0.172145624845663 -0.981219690776145
0.81577194084541 -0.381908962511314 -0.434352028754148
0.809172370275475 -0.505879673294467 -0.298874273449979
0.589215117009833 -0.406331435944447 -0.698369751672001
0.464608070574724 0.0859166560378333 -0.881338566597485
-0.680614090572345 0.103876236209173 -0.725240778821348
-0.854166018539171 0.213399201581997 -0.474195311593342
0.272987646881574 -0.959680831726848 -0.0670107891770105
0.0486099993384256 -0.710241325699485 -0.702277955821594
0.228654017583254 0.925321155035968 -0.302486529098304
-0.466294474907847 0.804070471830796 -0.368836195349937
0.635400293156472 0.722469981944058 -0.272586853399833
-0.167570662217742 -0.870736191587991 0.462318675615368
0.322251192459972 0.914617485864044 0.244190547544048
-0.419056092348554 0.225063006048199 0.87962414403773
0.755872678934002 -0.654648221649937 0.00960203789360367
-0.1859301792429 0.83498475312383 -0.517909674072071
0.433922549839499 0.748281045829859 -0.501783516262303
0.105925133730573 0.652006067226797 0.750778232465224
-0.94426749412643 0.328172709749761 0.0257210441407985
0.90806415623714 -0.401106867802765 0.120551933865809
-0.35020710656923 0.652042326028868 0.6724550450218
-0.0415416582891853 0.406297191612659 -0.912796189033593
-0.563350452788886 0.0447510012221644 -0.825005221336309
-0.0495686911129129 -0.283035111571101 0.957827787485458
-0.310743641330557 -0.948545946527695 -0.0608192132348496
-0.384370788738598 -0.57954876162861 -0.718597474013938
-0.47818030878048 0.537490185235975 0.694584691070573
0.998254391049576 -0.0185454564103635 0.0560734946010209
-0.851740645950678 -0.417684499254824 0.316350329726032
-0.118095684120549 -0.768271440442315 -0.629136235796977
-0.498019515430677 0.865242157317474 -0.0577284284455868
-0.450805313809009 -0.387983147126127 0.803892807896468
-0.327313316410828 0.859580524686245 0.392412174225349
0.57169225057736 -0.409749131535213 0.710826012351779
-0.422152694427104 0.901696933825805 0.0934330889839198
0.294682663734171 0.413571166427581 -0.861464461248555
0.512721697133639 -0.700872070549094 0.495877809558591
0.931026498687309 -0.281029695470478 0.232834638758544
-0.344044428278713 -0.54400503906986 0.765305134464008
-0.138519981026633 0.969511008000654 0.202140100479685
0.285280602537477 -0.601252365797173 0.746398399274246
-0.455938308257752 0.387065561111788 0.80143652927994
0.180610784754203 0.967732859540554 0.175706735772803
0.950702093422962 -0.253063337289591 -0.179233023968944
0.114433018912282 0.524437028832955 0.843724414113687
-0.538266060064368 -0.228121028046966 0.811314023757496
-0.895873831230813 -0.140951884674335 0.421358095593971
0.0134179939371784 0.960236134008779 0.278866499211676
0.337435170107265 -0.513119176549627 -0.789206067280095
-0.547260183874783 0.572641535275783 -0.610399838812505
0.116963642351773 0.974451922114404 -0.191736688860925
-0.795625879089358 0.268349692640998 0.54310947605687
-0.147968489617125 -0.126466141485105 0.980872897544986
0.384664884540672 0.893880030965259 -0.23024208312743
0.385652519383031 0.252357171857191 -0.887461544015154
0.682784321369668 -0.290110807158173 0.670552973344982
-0.157229888828248 -0.987540862585622 0.0064658164761042
-0.483991313064292 0.668495142113189 0.564682790466798
0.540315202634703 0.125520483251389 0.832048129669286
0.458684125165629 -0.344846481367618 0.818956517532778
-0.708524766760586 -0.660954750818497 -0.247247795252689
0.442660333874007 -0.516799702088382 0.732782298323256
0.798069739098851 -0.584552805691343 -0.146228276653563
-0.665051188417804 -0.501424183112499 -0.553426332382215
-0.993840903386519 -0.0329724509766417 0.105797335658612
0.588655203509826 -0.756498600154273 -0.284947222034943
0.754391263591222 0.567430086852332 -0.330025632265124
0.296790562437076 -0.110838008018796 0.948488427987769
0.0979261534562655 0.124977260933374 0.98731512331112
-0.391321522441012 -0.188410846793748 -0.900760133934063
-0.0432499093681853 -0.281485542834505 -0.958590285009611
-0.114905614375621 0.992561619637735 0.0402259991433212
0.864566235187513 0.118868025396365 0.488257736766208
0.484902000312187 0.809069097714733 -0.332080178897067
-0.283491512093886 -0.779993514295284 -0.557891279935451
-0.339196739871787 -0.353273609319635 -0.871861989433322
0.422220254446024 0.0116125510111108 0.906418890687164
-0.597735341208292 -0.398911243422977 -0.695400806543494
-0.588052407908873 -0.785641804861832 -0.192253270468981
0.744596882392544 0.640849824875167 -0.186780578992494
0.887367056739952 -0.356094420921234 -0.29287620251814
0.452685807297046 -0.852259246332359 -0.26216356900382
-0.947754097341065 -0.318571584763786 -0.0165624984320641
-0.987564577250723 -0.153086754037031 -0.0357861914431674
-0.44903095492597 -0.440882968259251 -0.777170129262045
0.604249742966857 -0.548331459967577 -0.578113187995493
0.1094461198344 0.788154293786063 -0.605668519934614
-0.302010186298199 0.923953600626524 0.234733021242025
0.842112041009208 0.0249595222542236 -0.538724728071904
0.347937719973586 -0.933722736778979 0.0842685815803023
-0.920031042686076 -0.260995273420207 0.292274439091556
0.0585067049192001 0.68054874102001 -0.7303631812842
-0.451117743089325 -0.882912188658954 -0.130226145560134
0.673102882923974 0.0721300432605728 0.736022938405226
0.806319640444599 0.514922611284248 0.291038385477764
-0.771226618420472 0.342871141587528 -0.5363290811677
-0.862555823668088 0.135080861484025 0.487596771848419
-0.0319680440261483 -0.993098241347604 -0.112844703878556
-0.910703297932408 0.209909038890214 0.35574948844267
-0.61081521949269 0.714418409168951 -0.341337229549608
0.576513967412515 -0.229043456908515 0.78432820950523
0.368923883773567 -0.0588823925656951 -0.927592600136055
-0.275240739204976 -0.953776332246859 0.120636824923521
-0.273089132375387 -0.511334824729936 -0.814836807463227
0.70686367215912 -0.412889014267861 -0.57433997847846
0.344186419905697 -0.768742404042141 -0.539046217480475
-0.305837807830206 0.868755683078373 -0.389521242579457
0.975911681530702 0.093846225347534 0.196949932317678
-0.325578583515684 0.450731556441663 -0.831167642526823
-0.98807386887763 0.140806175824361 0.0623189416703371
-0.807404012548925 0.571143899916858 -0.147964205494633
-0.877770640030268 -0.358377363210752 -0.317937681061813
-0.669003397002123 -0.579747389633519 0.465110114932734
-0.861577966669897 0.507625040372969 -0.00047511609971322
-0.261325024658756 0.198648777777986 0.944588743620425
-0.651886910407498 0.100455859092804 0.751632939946949
0.948102552165815 0.26219361701062 0.17987789685105
0.766216723656545 -0.47937436612749 0.427916054254684
0.182937679386046 -0.477493358913379 -0.859379949530164
0.0631427922583763 -0.773956605746197 0.630082661408518
-0.668904890351715 0.463708374933197 -0.580982607898355
-0.446394846128222 -0.770371628252667 -0.455257285206393
-0.559205290919359 0.803485818090254 -0.204205736294624
-0.328528042590708 0.273127458969534 -0.904140871981996
-0.686618654045116 0.713661381410305 0.138716461174614
0.662833311147266 0.743889005143002 -0.0853296528816695
-0.0142874583888584 0.429865681832456 0.902779798242907
-0.7806469453066 -0.439350041917537 -0.444479344233827
-0.6076246021206 -0.0651232132055441 0.791549941570062
