# command_history: dirgen -cart 0107 dir0107.txt -force  (version=3.0_RC3-1000-g3151ed7a-dirty)
-0.751747755334579 0.650326844016934 0.109317465669471
0.470041112905403 0.345402797980712 0.812255045737326
-0.917788024280021 0.19461409418501 -0.346107637639974
0.31755160770928 -0.940563505223565 -0.120421215252182
-0.636527183912808 -0.655546541640922 -0.406314995887006
0.981303425407739 0.161336079459717 0.104948829186444
-0.976735292871448 0.171346466422384 0.128951758824335
-0.28481969545535 -0.865086252838665 -0.41292071421797
-0.81035566286298 0.495405839892373 0.31288456891709
-0.514966395592326 -0.85718448055817 0.00666165901775941
-0.348004846450104 0.61561161839259 -0.707046647787327
-0.266375430551633 -0.238221833194623 0.933967070183861
-0.77942886010944 0.296588465306314 -0.551838685011974
0.668814225662986 0.0174697514156059 -0.743224286024277
-0.47076973931355 0.695265740764907 0.543121903687631
-0.357270764363432 -0.624191245506722 0.694797013496702
-0.314428147499093 -0.937835578554764 0.14696723327715
0.0813515485179397 -0.709897207344438 -0.699591223900287
-0.407757836859979 0.846129981891234 0.343216550043863
-0.437775269297839 -0.744838917317978 0.50355516166532
-0.935449569729296 -0.330958341918587 0.124099469812627
-0.821374885309155 -0.175716682331063 -0.542648086087049
-0.820144696186922 -0.144077384966956 0.553718687112458
-0.477282925634346 -0.102302721985988 -0.872774404970824
0.327304884100165 -0.604680797741579 -0.72610787468997
0.0759697550712799 -0.989182548807014 -0.125484984958639
0.766384935531629 0.406636667547388 -0.497293425651433
-0.990936819276086 0.0798733496475328 -0.108002167659153
0.939294073587378 0.0479174772294363 0.339750730241447
-0.626830207597233 0.712049214360012 0.316338121592861
0.439437519657929 0.722717642200699 0.533454661586858
-0.35392337755542 -0.585146108772277 -0.729617896030811
-0.548480238120487 0.467243093465743 0.693435880236852
-0.197450190062623 0.285285081957178 -0.937883705187866
-0.222230445790507 0.919616889537153 -0.323911107314591
-0.0196526249484615 0.878504710310467 -0.477329287070212
-0.652936402538278 -0.642050810738408 0.401801954537961
-0.104022617620407 0.735188796188896 -0.669833359113832
0.150413633902729 -0.983013603794335 0.105166503657056
-0.174351752582189 -0.778631141192856 0.602772770068648
-0.669241400291399 -0.0212361071110685 -0.742741526973398
0.677232897058289 0.72454909396927 0.128000834256447
0.542938167272264 -0.832077039811558 -0.113428154959297
0.231716313544363 -0.0494157748719981 0.971527473225132
-0.0541326203834394 -0.965320847249936 0.255392484766269
0.00538797327185859 0.0953325937599062 0.995430894794325
0.392497676147998 -0.383043164888755 0.836195855078478
0.497607381878147 0.822876006227818 0.274339154833817
0.491851014312249 0.825310943571354 -0.277388583293136
0.0249633832246737 0.146247865289198 -0.988932955966344
-0.213300904191167 0.240431893358038 0.946939928890687
0.250388513560651 -0.000232478779403426 -0.968145411717943
-0.395574738394531 0.362368104478244 0.843925342196182
0.824114154436214 -0.0641322067398523 0.562781414508832
-0.159227387840335 0.528452637456642 -0.833897145292309
-0.0325281444193372 -0.389110284544454 0.920616698893936
-0.795685841054939 -0.546503241864918 -0.261186234277056
0.902622437098444 -0.416897197212863 -0.107095578818757
-0.0807573342124899 -0.623389528035847 0.777729869110179
-0.0839565220252774 -0.580656120573695 -0.809808478623018
0.755103841491481 0.430121479929171 0.494786520701957
0.575172931280809 0.516328425093806 0.63449275532664
0.815871552031142 -0.102697211724986 -0.569040326594002
0.912005330464674 0.395715365821231 0.107961226637109
0.581968172672681 0.530475327041876 -0.616367563549409
0.631370134256439 -0.769048253075655 0.0996821850196425
0.633453904536634 -0.221756483466612 0.74132328498963
-0.459477333370087 0.115719402651245 0.880618873275581
0.904762082068981 0.247116648702468 -0.346899029667514
-0.323601049670347 -0.936340845621793 -0.136191708530714
0.250436371092429 0.885633273596479 -0.391069467911826
-0.819391762849278 -0.504942026377925 0.271349753956233
0.6773188312785 0.719077432775167 -0.155456895855417
0.81801585974681 0.574640998419154 -0.0252542301115213
0.158819256247179 -0.490898117064272 -0.856618633061321
-0.2481623987438 -0.414703592249775 -0.875463508334217
-0.987819804675426 -0.080060611077665 0.133425380062697
-0.484939449172606 -0.134141650549804 0.864198905474859
0.254789539307238 0.466394644478941 -0.847088145508464
0.0224210910256231 0.863079966418999 0.504569386946335
-0.253613002760166 -0.185491154759792 -0.949354241754284
0.288588721437945 -0.801013164460967 0.524494480637346
0.663333579404942 0.269493946283363 0.698112867200174
-0.820433805143229 0.562050158626738 -0.104823616450978
-0.630751479696496 0.231204497113313 0.740740880048659
0.448997773541652 -0.141496662800142 0.882258291982038
-0.844225447396208 0.432254156732178 -0.316922290090848
0.666983646174809 -0.5525048057385 -0.499871238791771
0.941324317040415 -0.318725603058071 0.111006847102623
0.763877755920908 -0.336683769474363 -0.550576800620742
0.474704139409029 0.3805082847792 -0.793643134691106
0.665218274381334 0.272877768131871 -0.694998108694182
0.683379556004196 -0.663178298901322 0.305265337537457
0.472500959876751 -0.819127250996472 0.325228211553843
0.696846192249841 -0.516333569697791 0.497800189985937
0.402022731857805 -0.908726566712436 0.112221878529168
-0.189115148918134 -0.7479742384989 -0.636215371546195
0.900218594562758 -0.260183500456044 -0.349157597789153
-0.563001685537447 0.456501152538153 -0.688938168352815
-0.123434274178892 -0.99228605534192 0.0115049698784019
0.161491045377636 -0.923779911814062 -0.347205006864305
0.243515401883757 -0.799875639029798 -0.548542807018801
-0.0210522962550844 -0.339199277043659 -0.940478947810873
-0.895168671817223 -0.296338785162878 -0.332951007514887
-0.933343425230444 0.0109782406529172 0.358816845774093
-0.111462999585876 -0.954850072285657 -0.275385800613241
-0.511356121305608 0.678202162616798 -0.527784751414042
