# command_history: dirgen -cart 0011 dir0011.txt -force  (version=3.0_RC3-1000-g3151ed7a-dirty)
0.880173925315395 -0.43622294601564 -0.187091962853366
0.200144120940632 -0.518695390348413 -0.831202395860484
0.357799991426603 0.929659025461988 -0.0878251815380399
0.248595357573555 -0.0843130370495282 0.964930909431531
-0.517571853547836 -0.618804428700057 -0.590931853462185
-0.907905947661167 -0.401312230077154 0.121059011196939
0.238124129350675 0.628125098218511 -0.740780507308993
-0.472695690883178 0.736355685580429 -0.48408582723919
-0.296360077187231 0.925933766916041 0.234131082802455
0.664657673650224 0.0368256729206266 -0.746239939075774
0.865987910221035 -0.0677397332295584 0.495455616471337
