# command_history: dirgen -cart 0252 dir0252.txt -force  (version=3.0_RC3-1000-g3151ed7a-dirty)
0.613176759916901 -0.62696930485109 0.480545265164846
0.366391987153925 0.0831601139497298 0.926736913690863
-0.256619864743912 -0.93677017409291 -0.237924118047657
-0.175987041888301 -0.980829264681484 -0.0836810291032857
0.799212098395071 -0.252758681268822 0.545319237531736
0.578944100543596 0.669814910739001 -0.46494269947755
-0.834401952056649 -0.00783589694411599 0.551100699621344
-0.372894718917818 -0.59039966793871 0.715805672442642
-0.246434314415187 -0.530531441080391 0.811052722518013
0.178925209350459 -0.476713198099673 0.860656898082201
0.720933786457799 0.152677346035724 0.675976407540314
0.790702917800541 0.535635488216175 -0.296451546707266
-0.179839209347824 0.977038639043209 0.114251287072591
0.488444331108878 0.167813821812247 0.856306403465704
-0.370385374188556 0.704733961530013 0.605115458448566
-0.309287042403827 -0.869082686105425 -0.386052859221213
-0.949254936116689 0.0917806729472895 -0.300817842441973
0.580916376171403 -0.782522678740104 -0.224041114872464
0.224179680345056 0.00315955660548678 0.974542707182423
-0.250544908378657 0.502561156447276 0.827441558610581
0.860516011754623 0.315114696637156 0.400268561689762
-0.868985812102297 -0.484025367220157 -0.102874205961964
0.422773279026683 -0.906106229684851 -0.0153053934065939
0.0725674649226911 0.718766174576439 -0.691454372550674
-0.615255882799819 0.0922656396672954 -0.782909477792292
0.154341218250825 0.9670707653384 -0.202368285995242
0.967516397805679 -0.192623646073603 0.163731948471992
-0.0796402757352675 0.0161178359334888 0.996693353968828
-0.46951286094964 0.842690788552403 -0.26349555649349
0.0686893581062116 -0.0687762965925962 0.995264584474884
-0.0801181036323745 -0.994750612096458 0.0636577505420536
-0.674800360266528 -0.665952287459352 0.318044060802619
0.120714521612983 0.882117796420128 -0.455297921706926
0.648448984087424 0.583946975064491 0.488384935628669
0.687974713520374 -0.716909349497251 -0.112835181392987
0.930894598277925 0.240744887817259 0.274731042816128
0.0487169052254385 -0.332992333050137 -0.941670201968334
-0.865144056938071 -0.474319332067039 0.162932292600986
0.227583743498359 0.913641253238792 -0.336846107407407
0.0640835091361679 -0.175986013733062 -0.982304548919092
-0.0615373609033654 0.973866944292257 0.21862371332477
-0.46375552979719 0.32336523760938 0.824842852723085
0.765486057101237 0.389721499995663 0.51200414922609
0.0249487237022684 -0.520992482587369 0.853196574227228
-0.301297174088503 0.872818260628115 0.383937881434476
-0.0316518545935027 0.98236790177039 -0.184259234970824
-0.362209219070176 -0.772509516540734 -0.521568335383365
-0.847658823165349 0.37570056880308 -0.374597920590835
-0.213381073954462 0.162265644820172 -0.96339938643801
-0.216151601541454 -0.35196794016377 -0.910712388324622
0.256319929278568 -0.804820506239182 -0.535316772193377
-0.702580284958489 -0.710148178785871 0.0455028279863957
-0.853075712774682 -0.282316148861377 0.438815929936516
-0.680314446287382 0.376573229318053 0.628780452251552
-0.555512732129212 0.738182146321509 0.382743678320764
0.59804560862375 0.244840407038072 0.763147839600742
0.236168127641397 0.0464059845645937 -0.970603472115646
0.859651183084113 -0.457027905971902 -0.228309738261477
0.994669596454426 -0.101919862046073 0.0156440279243845
0.0161589071719646 0.82478235177207 -0.565219392735547
0.936814080422817 0.32529016982014 0.128707747008235
0.00709874745630553 0.996974934328846 0.0773988895562753
-0.288549872749326 -0.83332985594468 0.471487350973033
0.504930677211636 0.496538962052247 -0.706041125129887
0.971718229516468 -0.199678448882001 -0.126064267250714
-0.21145767061465 0.964186137821318 -0.16009604983083
-0.523059332514719 0.666049320321408 0.531777432361178
-0.901007894867749 0.382474234603396 -0.20469057929112
0.311682612752719 -0.370426226665437 -0.875007633970153
-0.327235229034588 0.41650037346695 -0.848200768556933
0.510769531768152 0.690479022745338 0.512204260589451
-0.0996745585742395 -0.9679383403647 -0.230565287120723
-0.682381418411733 -0.697440614714562 -0.218934211015467
-0.686986980864355 0.648533993824233 -0.327799553046169
0.550727009599106 -0.744614416624815 0.377159291881445
-0.78771501178692 -0.477688693806322 -0.388996879184323
-0.331562838045211 -0.435529048265208 -0.836887407328254
0.374542447460038 -0.916311839953018 0.141741197301839
-0.654309499021658 0.493483993978663 -0.573020616711906
-0.977702085596149 -0.153900438299548 -0.142875074495685
-0.2488327450075 -0.723827822284954 -0.64354918125832
-0.69436265944293 -0.312016107487421 -0.648464683571696
-0.629726993684036 -0.772081626494436 -0.0856380491100263
0.496777066263485 -0.00542812019857168 0.867861211223174
-0.483410001717842 -0.852109219714638 0.200560833455754
-0.664919954911729 0.74416270554814 -0.0640571715848966
-0.139570850501378 0.881219493538432 0.451632795419234
0.95309226561949 0.0745935441212671 0.293344398943863
0.822931123770743 0.071584092529285 0.56361341647106
0.592471621677524 0.714103841408083 0.372871400342027
-0.536570749059541 -0.568062882136803 -0.624016340484856
-0.0813078042777955 -0.0934251888056074 -0.992300748291646
0.184945907868463 0.517361867580187 0.835542763200455
0.111446118315838 -0.461467759215968 -0.880129121161506
-0.109084664954722 0.623763713210013 -0.773963413834383
-0.194114195258657 0.935566251158939 0.295017743350283
-0.625420661152419 0.109515695326127 0.772564113249448
0.963742828920448 -0.2651627146128 0.029807624588065
0.137987089454594 -0.942317693035774 0.304953977733669
-0.6548519510672 0.611708357584659 0.443826325767818
0.39307200804006 0.275599725698312 -0.877233827260651
-0.068403645266315 -0.431613133264162 -0.899461530310315
0.572792349591271 -0.818119459326843 -0.0508868796495308
0.45677727816526 0.801990825189446 0.384922374595045
0.791518694578021 -0.312792065969897 -0.52503264622287
0.259660188477127 0.370527156318697 -0.891788210816
-0.892351853615514 -0.151753974853489 -0.425063407581885
0.615900255934739 0.0771890360287187 0.784033626483253
-0.682675046449639 0.671702160198954 0.287699476779227
0.351207681402109 -0.214133105468109 -0.911482406668795
-0.488542970894517 -0.867844806526631 -0.0903944543338502
0.460055679692175 -0.873206416517326 -0.160808350952122
0.639965903340608 0.230127801789826 -0.733133574053747
0.931070709266429 0.212366141927453 -0.296661349199653
0.0930656731642176 0.143969616828462 -0.985196188537469
-0.838403325899404 0.389039005645911 0.381744044101357
0.741704755572166 -0.646609334633296 0.17824259851876
0.80199863597251 0.42754706807663 -0.417135100989249
0.658794963284863 0.46758042820489 0.58937063000308
-0.812128737541638 0.51324988834795 -0.277527414447369
0.911806032120157 -0.407206197053603 0.05284763826735
0.800698653158909 0.554348864268502 0.227110113191226
-0.151478171852828 -0.912454212721493 -0.380107449465182
0.875698227484276 0.40674363043839 0.260215744102266
-0.903359251945258 -0.10562947583738 0.415673520637561
0.278315401395379 -0.96048512378767 0.00297730225415359
0.229006498095702 0.667077370679504 -0.708917347338364
0.407751398241887 0.880908041502487 0.240291114375955
-0.721384566538881 -0.424490028866992 0.547186003614869
0.107227202034251 0.301059579430255 -0.947557627153718
0.348186821169327 -0.254603997511541 0.902187753195056
0.015290605869708 -0.93109676019223 -0.364451671050732
-0.820090672620903 0.0911584910032352 -0.564926028961499
0.940061742278933 0.304636797151038 -0.1532329681402
0.441760562980082 0.761610149717185 -0.474128236707421
0.251944478440292 0.965811346123245 -0.0610935633520884
0.027702083807011 -0.700997504377777 -0.712625493094991
0.159379765462771 -0.815836334480688 0.55588592867795
0.1337415421171 0.653222340564594 0.745260876270486
-0.686289724897579 0.339216889363396 -0.643380381633312
0.919383542950369 -0.258319105423984 0.296656604047474
0.415176896847127 -0.780624624431377 -0.467175919815824
0.3914131328345 0.854652702378897 -0.341122438079248
0.632972060382777 0.0576075088681957 -0.772028332185278
-0.75726208167398 -0.62998862166032 0.172245395402377
-0.472935698539462 0.579328610126435 0.663860065477631
0.899293758309455 -0.0158782659590582 0.437056766262449
-0.205903966352734 -0.83040539418137 -0.517716561406621
0.823765030824366 -0.152694437188058 -0.545981302649416
0.0383220588764612 0.864113091371704 0.501836611979941
0.0405309258980628 -0.378154162202595 0.924854947359152
0.997772749448644 0.0666544381888523 0.00259351642042154
0.526545632853589 -0.577244745908556 0.624129954291396
-0.32163875349439 0.772190492894088 -0.547969301087717
0.526672951842025 -0.843352141625318 0.106643176124859
0.119948432298337 0.452989597162366 -0.883409756824006
0.487049985372579 -0.175493767101213 0.855560780691352
0.916008843359125 0.40043355226844 -0.0240991515526274
-0.276024412503512 0.573195730229687 -0.771529117110007
0.426651938868475 -0.507212117864989 0.748801703090133
-0.625483956565498 -0.388900807820029 0.676406668917523
0.607033607068227 0.540753395495768 -0.582319470007259
0.906573471057213 -0.0622649987692562 -0.417429768348571
0.0897441631984646 0.77274557188014 0.628339292350433
-0.061485723620549 0.895930782269232 -0.439917650445284
0.959241699480713 0.0374815993630741 -0.280090149213675
0.309434414153396 -0.90576916723976 0.289538527687313
-0.884394850449163 0.22727555764123 0.407666002259045
0.386229339478497 -0.647569522077953 0.656871837881435
0.720697730943292 -0.216850836879884 -0.658460701300908
-0.824911923447536 -0.564076604687268 0.0365773508960161
0.182265293468445 0.788319873586804 -0.587648823452363
-0.437147707586556 0.84347650595502 0.312168649376792
-0.612760446358206 0.529020364913892 0.587079286711143
-0.369880032860455 0.0523368656850124 0.92760423337834
0.509472606134705 0.00263588774440338 -0.860482838698199
-0.013641329916842 -0.56801989431875 -0.822901764353569
0.838144243998615 -0.532455349624182 0.118344948808899
0.479560396513393 0.641539198945129 -0.598706340631832
-0.978900488276545 -0.140234645200669 0.14862058517374
-0.336782032188049 -0.937352767514324 -0.0891496047581047
0.77240254548937 -0.635126036521797 0.00303734319006752
0.600113973814178 -0.272940178064452 -0.751908822684707
0.338111776091401 0.725333291725523 -0.599643262934668
0.918201682826069 -0.297155405739252 -0.261924291533482
-0.738912001924892 0.0528906092891484 0.671722886955902
-0.743669668668835 -0.283457271511579 0.605481130283345
-0.562757545300083 -0.824736421796237 0.0558012524103534
-0.473632888984886 0.708500309851874 -0.523162687327403
0.72812501508584 -0.010669264339288 0.685361312888832
0.236874918838478 -0.87222002515339 0.427928148813191
-0.628307203174372 -0.754574282990958 0.189334914603411
0.466525853630723 0.340713671636803 0.816252302816901
-0.738926892406092 0.527825677094916 -0.418792433406298
-0.550257780346495 -0.801169691472432 -0.235251993900406
0.738065870360482 0.113644548606509 -0.665089232795906
0.78139041123775 -0.598375441190097 -0.177132313839842
0.438010638025797 0.50889797174244 0.741059738032411
-0.361198974677167 0.0873978505821487 -0.928384034980021
-0.717088049066237 0.175860295880765 -0.674431528191786
0.326233229504484 0.923407940247261 -0.202211908292727
-0.196957058415004 0.288540142207485 0.936991197117344
0.0910204219704595 0.603802203644392 -0.791920565245338
0.141007142366146 -0.609885219492215 -0.779844218319701
-0.318016940039963 0.929284794110985 0.187869628417483
-0.734486237617734 0.468030429931127 0.491403585058788
-0.568098010652466 -0.410464436080679 -0.713290681984337
0.990242214566514 -0.0320922167000744 -0.135611379012534
-0.409813066790992 0.476714750546017 0.777686502968395
0.763295810320121 0.639782526383587 0.0897653879955141
-0.385739692835405 -0.112525674778357 0.915719859939121
0.516193926828101 0.337214295112734 -0.78729305158715
-0.9877308755781 0.016714000215129 -0.155268669172274
-0.881960073804397 -0.372191504795917 0.289171077344699
0.972078775154153 0.234596127516801 -0.00524517386962623
-0.699929798362646 -0.561004623144667 0.44200915168618
0.0931964694908379 0.258506336284023 0.961503454063195
-0.0449318546605277 -0.945228233656725 0.323302822033697
0.201222844406404 -0.717922909242412 -0.666405329565953
0.881961937138231 -0.189204752288636 0.43167661872144
-0.495565172078815 0.162384542699774 0.853256362715614
-0.552444237157963 0.430598632947709 0.713715757241299
-0.467320048159463 0.343722370071943 -0.814534778201866
0.353955736670142 0.260722887337588 0.898186457533539
0.769542881230037 -0.539390750000034 -0.341849927252549
0.767116021194236 -0.396854942289192 0.504022980436177
-0.596706069218315 0.260210429648174 -0.759099729456111
-0.413347229293817 -0.908752303713934 0.0575614326588757
-0.824649885626538 -0.168347368409237 0.540010860710989
0.541101319819417 0.771208893007453 -0.335329994238368
0.613627244888702 -0.757580043862219 0.22256253384615
-0.084863567734316 0.802947857489798 0.589977044488976
-0.386810057563259 -0.440658318286231 0.810060630998112
-0.85724040813353 0.511107067306225 0.0625175848277081
-0.926034085064012 0.361064387186863 0.109969912271643
-0.522017735214652 -0.171638612437259 0.835486487528061
0.235594038079914 -0.701303954916436 0.672806221760594
-0.314623106690253 0.612433826182526 0.725215215838723
-0.0782208414815852 0.736012042785997 -0.672434214501238
0.295663464517209 0.593688770694927 0.748409486377897
-0.219723782824285 0.120563187108164 0.968083662281163
-0.0555756564604067 0.226893723283458 -0.972332548433695
0.563522400438405 -0.428478830416746 0.706292004831455
0.400101547426775 -0.819181224838684 0.410926845823551
0.400705843191884 0.656579842348034 0.639013096778236
0.805490452167032 0.232104162776554 0.545263962764407
0.198808898208451 -0.322800885612484 0.925351074047541
0.106395291483653 -0.993587649348925 0.0382573523833739
0.952228179964657 -0.132037809267779 -0.275367954208477
0.230748224816833 0.17263601823274 0.957576138984585
0.71242460851187 0.608316953357831 0.349859488143677
-0.249241474272569 -0.209968852606545 0.945405610538423
