# command_history: dirgen -cart 0196 dir0196.txt -force  (version=3.0_RC3-1000-g3151ed7a-dirty)
0.628843302323022 -0.128331318022302 0.766868420224836
-0.866776640136049 0.210973236296997 0.451872271422837
0.106943628996145 -0.682528391490008 0.722992430822894
-0.259181125518521 0.0437000622008376 0.964839597414304
-0.395102633663319 -0.657732586010478 0.641312524571506
-0.94498164330789 0.326357488404449 -0.0223714901930911
0.840634739002282 0.310957339979665 -0.443439700856087
0.525125515824864 -0.460766315005459 -0.71549814506116
-0.922063403188193 -0.176391249931356 0.344507195060802
0.194237691932621 -0.901923881956536 0.385752550463559
-0.57113411394171 -0.555336818905335 0.604488909294556
-0.99751723434991 -0.0608129801687372 0.0355126543348169
-0.280760264638657 0.69486590534608 -0.66206876333777
-0.260373479119277 -0.897410147082723 -0.356175068308114
0.259296145252961 0.596026226028141 -0.759946213191175
0.333902180929783 -0.942587140863074 -0.00623020464425743
-0.700915357973093 0.562757301657364 0.438203012756385
0.14528511244275 -0.988279140274551 0.0468676540984573
-0.203862233134915 0.969803482201766 0.133870817621225
-0.0826545363956345 0.715522768528946 0.693682488844784
-0.106062538140052 0.0423142125120837 -0.993458728595593
-0.594660602207895 -0.346959430118393 -0.725257142008036
0.946035847530047 0.206967778347152 0.249360209163672
0.460465369659119 0.665636098350055 0.587282068445825
0.562904665219314 -0.43043862316945 0.70559260877529
-0.617057207050769 0.781499120457632 -0.0921928844903581
0.183046098306332 0.151818114376569 -0.971311168494408
-0.259027642687453 -0.434186283509853 -0.862778622553714
0.761003623679278 -0.262900872940518 -0.593090731468737
0.0884173549018698 -0.963752447178933 0.251721258356888
-0.743621360561379 -0.0723987332543956 0.664669613823291
0.214117978338378 -0.404896145772346 0.888939031931316
-0.157234693140842 0.188286247667001 0.969445996542554
0.391884164780783 0.0709031686305895 0.91727833402529
-0.890520931275619 0.403374784087215 -0.210383589004935
-0.0723927616312576 -0.648234914739121 0.757991281860527
-0.362103068180304 0.191980211535917 0.912154025586159
-0.521296369184953 0.278354041647849 -0.806702623630848
0.0589720765608468 -0.965649142360486 -0.253069215916435
0.514489306454302 -0.856204730708888 -0.0470554211105576
0.670931413226837 -0.737007555005922 -0.0816755937207275
-0.366639933628429 -0.909065928217621 0.197924978774222
-0.442153150801175 0.825718358727629 0.350271014068741
0.966624538776637 0.207220234523312 -0.150654490271476
-0.542344002146425 -0.731381944298521 -0.413453062499136
-0.772304914686296 0.125460437048139 -0.622739751009267
-0.609022310815873 -0.714698695238588 0.343944181449191
0.873038053399908 0.363120383528945 0.325496765546897
-0.20866440604115 -0.733374503625322 0.64700927588699
0.72356570372488 0.434014311865742 -0.53673480368691
0.252572377929091 -0.559253263331614 0.789584055918168
0.918032338577736 0.369847773977254 0.142930925308566
0.453262011594351 -0.785100264885821 0.422103213588402
-0.482598127110968 -0.342821529056028 0.805960574051034
0.888456317450895 -0.340763463124656 -0.307450214150007
0.216185232812276 0.108735605889493 0.970278575011191
0.486026445906994 0.220663141285747 0.845627620147854
-0.358826254051008 0.882155772272 -0.30503264227114
0.675145426909906 -0.440102306257732 -0.592020787261111
0.0339876602135364 0.782701196143402 -0.621468966649903
-0.183280961385386 -0.590689381101003 -0.785807956340583
-0.700194167852543 0.663348977152316 0.264000495863665
-0.991243467898874 0.117490376380542 -0.0602693853110557
0.953481095288729 -0.241955579062233 0.179809061750697
-0.346384804229726 0.26019447117636 -0.901285972690127
-0.986492906214322 -0.051554212895516 -0.155479609986469
-0.00892652335196673 0.996854972587614 0.0787431318160139
-0.971184358165558 -0.0367409073895833 0.23548046241407
-0.0716329934091487 0.536841876620959 -0.840636374279232
-0.298514496819902 0.808492143748078 -0.507178024648148
0.80788127987022 -0.511990391392323 -0.291879558649098
0.451742393604632 -0.330264238864926 -0.828766759919417
-0.460055679680864 0.114201965796414 -0.880515009867301
0.0240360049482493 -0.893294660135705 0.448828386623622
-0.507103129222037 -0.860345404138602 0.0514995331124778
-0.20333589644348 -0.825184718605682 -0.526995914023237
0.657118154215305 0.740435752927506 -0.141246689119955
0.850870307494834 0.500506373323843 -0.159728175616765
0.0731281951273969 0.457953823115853 0.885963070884438
0.432635821550591 0.398967228822642 0.808487103321275
0.743456821586679 0.654094755757162 0.139398726418898
0.201671045183163 0.966176938729148 -0.160719981964607
0.620297900140409 0.594612754018013 0.511533173743907
0.846923892709955 0.127062982226615 -0.516308937076142
0.151115556707059 0.332217075791421 -0.931018744748844
-0.135606402666822 0.807284352257835 -0.574371724717897
-0.720469776317388 0.556170447871891 -0.414243568842236
0.625778089913185 -0.304916044842403 -0.717933136010779
0.39537120310529 -0.900552780542428 -0.180793531998182
0.677585235896349 -0.284595533781395 0.67814720396605
-0.557060328653386 -0.0329301198536927 -0.829818894366116
-0.503885099755475 -0.162748439498835 0.848299918475246
-0.0257006731386972 -0.832020566753738 -0.554149124242749
-0.676364911144403 -0.435130591858258 -0.594299482585764
-0.97426433024186 -0.218901666160742 -0.0537687211158172
-0.5889052103151 0.565029874530192 -0.577868405566633
0.12923200444226 0.967313964011355 0.218180622550386
-0.769419550582572 -0.636724649952801 0.0507471705989108
-0.951107164524113 0.272820496518967 0.14478997986755
-0.259821334547959 0.949317807223189 -0.176885768231011
0.16983615616399 0.98498819812262 0.0308857510609012
-0.80587687489655 0.275231291607514 -0.524223424340262
-0.475220105196989 -0.870757539071596 -0.126282064310577
-0.522173960281009 -0.822014729252035 0.227213864227408
-0.169986951876999 0.231389175703843 -0.957895341652032
-0.447486800956802 0.68472180927225 -0.57524916938348
-0.796064126984959 0.397229668299174 0.456607595590134
0.744019974968084 0.617247112814404 -0.255812975767013
-0.820506166557929 0.069241149339349 0.567428668537798
0.637780451266403 0.768907712790251 0.0449113036337998
-0.36095368316652 -0.563349993278292 -0.743202007318247
-0.0764670326897417 -0.000397277851866795 0.997072031039852
-0.393372770459073 0.419926264375745 -0.817875171373227
-0.459694647017603 0.035404938680811 0.887371017004933
0.304081210604661 -0.832128829226437 -0.463784679487629
0.288174571734451 -0.716112224527347 -0.635719040212074
-0.321153057333061 -0.259624317183417 -0.91074471049393
0.134541822313078 -0.475108178111805 -0.869580770912028
-0.751130822804905 -0.262790891482755 0.605593456360061
0.637333143617802 0.215152604984869 -0.739943119850759
0.353462311706604 0.103972454437075 -0.929652689406831
-0.339418752241108 0.475288057159876 0.811724197833402
-0.259982802350464 -0.899314200446697 0.351628939874006
0.91063977268334 -0.0117741870159167 -0.413033379919044
-0.433519129875264 -0.847414489506452 -0.306512392908858
0.755425236986065 -0.65108243720722 0.0736503311931006
0.830470869153019 0.0610682644658934 0.553704616707639
0.0795892424924577 0.916181520329409 0.39278107679262
-0.258956707730103 0.917164277550235 0.302904459371832
0.716608768147798 0.0277479879030785 0.696923182697366
-0.792893347032865 0.599480958037184 0.109282757934825
-0.943256968908317 0.151042446984481 0.295723637565268
0.613454846241906 0.39389624158986 -0.68448440631157
0.756998096962647 0.505985126639593 0.413440361859417
0.864579678845729 -0.500128261644936 0.0487206407083319
-0.857580871927841 -0.512489574099437 -0.0436976491686006
-0.109066754352452 0.903846043432466 0.413723063010147
-0.822225628660846 -0.518925759661771 -0.233797073404973
-0.0862462627870501 -0.946822204493636 0.309982733766057
0.794127226468273 0.3493738765508 0.497292512074809
0.987834891083055 -0.104822227360247 -0.114867439294893
0.285944771067231 -0.0797578133613636 0.954921085277272
-0.44477592187534 0.723297879940831 0.528218284606886
-0.565496317130459 0.794273016388043 0.222135748473154
-0.106830605001518 -0.723105408110539 -0.68242639939872
0.886049245429416 -0.444228723214521 -0.132580451595093
0.638187759232467 0.178202911224271 0.748972700702127
0.879394243371 -0.0966291381825799 0.466185128870536
-0.11406204938219 -0.498018167974402 0.859632336093841
0.596760519359891 -0.680161752706729 0.425742730634622
0.0077192062568335 -0.597076161990616 -0.80214741203679
-0.510230988689162 -0.698227734894331 0.502137798224364
-0.253563502117335 0.339256574167895 0.905875558384183
-0.958294670134485 0.0883455392230255 -0.271783720798783
-0.928850232245257 -0.365913719024647 0.0578307555500055
0.929371520843267 0.0560409684632367 0.364867080043097
0.325295356955824 0.78967137534418 -0.520194242283606
-0.0320538148000921 0.374001002130302 -0.926874211186335
0.613886942493058 0.0196943655108599 -0.789148245771129
0.682110880067395 -0.685879904842456 0.253561636347036
0.804655920013565 0.474050422653822 -0.357498317714721
-0.596081833058918 -0.769764270534871 -0.228362466497975
-0.525812080325841 -0.517808512541524 -0.674830349438247
-0.445605697439956 -0.508240763591777 0.736971429997594
0.676090549088156 0.584823271152607 -0.448200079152203
0.700867831712859 -0.121257860235072 -0.702908823249024
-0.822991798029248 0.413696430465502 -0.389281085845032
0.00752082629732663 0.194642471460295 -0.980845423843958
-0.41222659261396 0.598233760014768 0.687157627273741
-0.288478681634475 -0.705840970717336 -0.646968758364146
0.751770503923168 0.225679535170361 0.619604597171774
-0.901900511508982 -0.346784035384603 0.257519514099819
0.551615591351634 -0.171320752304695 -0.816314546732778
-0.150085306032438 -0.857099270031565 0.492803451920243
-0.300572161118889 -0.443898042475841 0.844162842019499
-0.582566726234835 0.705688156707531 0.403261992960846
0.0301897481887737 0.993151852673725 -0.11286264499402
0.341543461924851 0.939793840969004 -0.0116447453005335
-0.539321199141883 0.800733437582278 -0.260688714933787
0.15443845646541 -0.812582163657127 -0.562013336559626
-0.873981525550482 -0.202636210107102 -0.441695437320653
0.898835379624367 -0.249495245687853 0.360343007028968
-0.799424800375428 0.552701865762908 -0.235458353274859
-0.143305684974351 -0.292238399766186 -0.945547565358893
0.444969201977751 -0.88643547920842 0.127414875473086
0.0472677679112893 -0.327677710831984 -0.943606420039942
0.429027346719423 0.819519063335681 -0.379900040268885
-0.332479473602213 -0.279339565374501 0.900792321708828
-0.709133820679155 0.42911917066336 -0.559451482917128
-0.426857854313127 0.562321818563549 -0.708227749088227
-0.306221839845448 -0.935705333017233 -0.175167675570516
-0.690348656233701 -0.646736723454452 -0.324268936797411
-0.216175666641318 0.604323037935591 0.766851841604675
-0.568243132435759 0.592164890592615 0.571349704462191
-0.0316224181961972 -0.14824920718798 -0.988444330873297
0.375993104695116 0.792251375145674 0.480590203605438
