# command_history: dirgen -cart 0046 dir0046.txt -force  (version=3.0_RC3-1000-g3151ed7a-dirty)
0.0329991625474203 -0.972336731298438 0.23124086195791
-0.727840663804564 -0.27097455443086 -0.629937107149221
-0.750293686632324 0.219318510393468 0.623665595330115
0.839522067985253 0.406108653918304 -0.360941073554156
0.613733211799611 0.749610541485142 -0.247821671426221
0.387521365336383 0.314858318961283 -0.866424509342101
0.831899865478545 0.554442777610376 -0.0231477897966463
-0.735514093201402 -0.206217921130943 0.645362834153433
-0.0263281214826009 0.822375665916712 -0.568335371173783
0.312813343122594 0.882097102787954 0.352210893666797
0.835377081777871 0.441090887558543 0.327999939257776
-0.230728841161725 0.592323209609345 -0.771956875229602
-0.935738283915814 -0.0145315948469534 0.352395653726732
0.593536478958648 -0.526811925749746 0.608427187947099
0.371857914293178 -0.817981823032905 0.438893413900565
-0.611171424913288 -0.77123093038171 -0.177967248088022
-0.976505496183274 -0.215432996965136 0.00506357013153212
-0.665004364251233 0.726632629485855 0.172552071251797
0.0326470469071976 -0.87569763866608 -0.48175493351173
-0.324218282783556 -0.944861899508852 0.0460271220630336
0.195351966409609 0.607213615228298 -0.770148839316972
0.317555798643825 0.842075069708851 -0.435967764545174
-0.560448380235669 -0.567140667776394 0.603530509622638
0.553509998860184 0.625697103825045 0.549663365549088
-0.868348524093028 0.495024239757957 -0.0303618635382738
0.86688025350413 -0.381602441115366 -0.320777497682441
0.742619285214275 -0.154561423036281 0.651634378878861
-0.989084047453514 0.146741649499297 -0.0134028122123999
0.862734238682099 -0.346619722236574 0.368163552734731
0.187229276403312 -0.0435346547429983 -0.981351074740279
-0.376600957562006 0.858004356255724 0.349285332371087
0.186463744436754 0.682219608713712 0.706970775560868
0.52029352899258 0.0614997198580221 0.851770173313102
0.411434928146613 -0.373673858161062 -0.831317717619454
0.239618025851962 -0.667329437044193 -0.705162835195595
0.530517765015719 -0.0247770438785979 -0.847311630452081
-0.00675488213427232 0.308770457732118 -0.951112599011942
0.175409284455618 0.0562077784739111 0.982889754024222
-0.388984094466164 0.919937551294932 -0.0490538068840936
0.600476528880961 -0.585369147956954 -0.544766829830179
0.017983260666481 -0.403519525204595 -0.914794291146627
-0.401197971440016 0.287294784214626 -0.869771173743696
0.931449800591334 0.0507208930461364 0.360317443356502
-0.377285435882811 -0.401237132642909 -0.834664281767954
0.662442046534392 -0.705011767256254 0.253236930587818
-0.0351798343585678 0.990738284944625 0.131148884857959
