# command_history: dirgen -cart 0036 dir0036.txt -force  (version=3.0_RC3-1000-g3151ed7a-dirty)
0.651426501348177 -0.708208837696594 0.272183312401242
-0.267364116066893 -0.910709790081563 -0.314839812745091
-0.402978699091156 -0.626069858439245 -0.667566251717883
-0.465142837765108 0.274817081084966 -0.841497303869574
0.064736363059063 -0.884407898590237 0.462203280179929
0.621126422738627 0.177505680080846 -0.763343763002589
-0.492867269140991 0.693008007295056 0.526138533880991
-0.323833192844861 0.936519811399446 -0.134397567196168
0.265576104158881 0.339595467048532 -0.902299424614624
-0.0986837800900588 -0.383606925971849 -0.918208711510387
-0.210095379773533 0.932757636380983 0.292955838260268
0.764280647591114 -0.384102163155075 0.518016042200721
0.625035236779109 -0.289568231222148 -0.724900815457784
0.093518796608455 0.99494526198291 -0.0365808739461547
-0.108668353932741 0.521074816789177 -0.84656495566594
0.746225384115778 0.413030609730462 0.522066462748703
-0.703517741822977 -0.699164764122593 0.127402588473304
0.287410341565251 -0.090101118689096 -0.953560215179052
-0.907494603032622 0.411623629649453 -0.0837826532217339
-0.610940573021403 -0.556776714703243 0.562806633045972
-0.619098950778962 -0.740148995238397 -0.26248038782351
0.112296030428665 -0.0727489066559071 0.991008172585037
0.45508775022897 0.210784707850328 0.865138686297166
-0.244188396087787 -0.707294178793061 0.663405586245341
0.632607852767422 -0.761259414372714 -0.142447915554789
0.271609342461717 -0.506510548390366 -0.818336990155526
-0.833721225302698 0.432676250448505 0.343074599435153
0.866593110021513 -0.0278594479986323 -0.498237125092514
-0.994613467139982 0.0277698765071935 0.099864332684693
0.00143827045397447 0.774183913605775 0.632959081846644
0.950308336069691 -0.00678003340654797 0.311236401379179
0.881826546216896 0.351908451948147 -0.31391461233055
-0.386050682173215 -0.880569264244473 0.274886597820887
-0.410813577962543 0.677887872038643 -0.609672237439539
0.744967650597678 0.0135682139526879 0.666962595002981
0.912960257395337 0.388193880227069 0.125734163101732
