# command_history: dirgen -cart 0294 dir0294.txt -force  (version=3.0_RC3-1000-g3151ed7a-dirty)
0.157246730342037 -0.670417740742408 -0.725130001237423
-0.195825522372291 -0.357084491052516 0.913314311197074
0.798656357311473 -0.242000250358872 0.55098448413019
-0.745361401110971 0.141329468460996 -0.651507761333986
0.640457868714207 -0.518021323010661 -0.566981152515972
0.547794691448821 -0.368752687682897 -0.750961005210744
0.857866591694168 0.123643894171374 -0.498775599131683
-0.491802390903011 -0.614286398181635 -0.617075869979629
0.807846007508006 0.55877551119816 0.18749601659398
0.948222510837818 -0.153732583882555 0.277921504373479
0.373717151586563 0.807878203370642 0.455706373807356
-0.436999028513368 -0.688339579663599 0.578982272739772
-0.844710589109984 -0.365132353545378 -0.391334109221106
0.891185308502471 -0.441611647206319 -0.103768487321904
-0.675371942518724 0.593285551867463 -0.438046793395187
-0.121451935372087 -0.927167208519948 -0.354415567998502
0.119904292277348 0.857630194241425 0.50009340189497
0.0441596461343647 -0.996749253173358 -0.0673858438519642
0.199624114659724 -0.239501290955828 0.950152274362806
-0.0308436106365117 -0.39332696704448 0.918881150464245
-0.561215573713284 0.200727811944667 0.802960413304153
0.601374788071022 -0.769074985503464 0.216499494099596
-0.188317941127554 -0.685747998053063 0.703054788914559
-0.490884476485037 -0.720734234203782 -0.489463578208531
0.866950904191993 -0.49698047780035 0.0375037918885785
-0.626187945610862 0.17899593221426 -0.758847226404891
-0.703114846602954 -0.387842243561669 -0.595993210192495
-0.465906486343238 -0.0636927574925038 -0.882538598944148
0.220296040314962 0.96990470383665 0.103704002319526
-0.602445833889123 -0.376502249223379 -0.703779136916814
-0.291131160208312 0.600920573231721 0.744403863653744
-0.227443550468003 -0.940278866465141 -0.253268799163139
0.490719982442867 0.798152486473233 0.349494645406577
0.920418094550194 -0.0485054072043351 0.387914625525426
0.108699952426649 -0.974797061608266 -0.194820453295681
-0.564797667859919 0.648178667395763 -0.510752395503975
0.304337445890612 0.875763663063343 -0.374722197750086
0.647293159367785 -0.278404028466473 -0.709579285752699
-0.59842357983961 -0.615902913605148 -0.512399082849135
0.0715881527471631 0.0832110868401497 0.993957268403994
0.226727472041036 0.940370473338073 -0.253570554867495
-0.17815151881864 0.500442029938128 -0.847242474746172
-0.0561894325455786 0.0184700006293643 0.998249270847195
0.651233396863155 -0.512336252752545 0.559827318845336
-0.977656594960135 0.209880097641508 -0.0117442302832666
-0.759540095013719 -0.226195743938457 0.609864189382095
-0.418573904377432 0.811723300189289 0.407309673963242
0.688753268404613 0.0246964462077834 -0.724575062230732
0.749735555110117 0.456411909990345 0.479150045207856
-0.0242865232051763 0.513287224703271 -0.857873178125426
-0.37580478896026 -0.473206854484311 -0.796772259471676
0.331840815030813 0.03692475295789 0.942612452760245
0.42186911219946 -0.514435902271331 -0.746580306883541
-0.189687750033959 -0.00056027951147441 -0.981844307196372
-0.421952553344041 0.389488295435737 0.818690973716584
0.988786137839099 0.00258207604896134 -0.149316129405082
-0.674852234179596 -0.177403479828688 0.716311711036111
0.248979734738789 0.877375651252993 0.410147605476112
0.492398060439346 0.566869656163152 -0.660456617043875
0.797057074932954 0.602386393932747 0.0427861157856712
0.571331997408769 0.819095480111934 -0.0515978991540054
-0.285380542493932 -0.747406572607976 0.599951132333515
0.395853929032864 -0.878889310912883 -0.266182730529841
-0.289885787660377 0.473343995972574 0.831812293482874
0.255698481125834 -0.937958108384783 -0.234206903538691
-0.422739361551345 0.729293813770992 0.53797952134865
0.484882311627164 0.213019557240262 0.848240421168586
-0.157022005619758 0.547909433192518 0.8216686331909
-0.733651898699107 -0.380280254822733 0.563153459837683
0.46711426383517 0.882373960346579 0.0567490847857523
0.0292796246432558 -0.806669677311306 0.590276829366716
-0.300485820023522 -0.438567520962191 0.84697508907988
-0.525410830743766 -0.825270143048187 0.20705711755545
-0.737155852494159 0.644122353207733 0.204224492242586
0.387115045486293 0.888261388713575 -0.247252192869499
-0.245123142105028 0.869211768521905 -0.429401381771857
-0.17501611848427 -0.980466337793529 0.0897503132275619
-0.269551282870142 0.36691474909871 -0.890345816408934
0.933601588173591 0.271638787301795 -0.233667378538295
-0.619520603335587 -0.505941174906211 -0.600181430550157
0.896598291522828 -0.367990940261038 -0.246361871084272
0.388644771273986 -0.909762607947962 0.145901469975852
0.501787489420799 0.494181257651463 0.709925489080925
-0.689012947587463 -0.724738355026147 0.00393380360850493
-0.241411763623159 -0.441496433672904 -0.864176636711768
-0.749145246973506 0.568101276811006 0.340649876299273
0.0377795224130719 -0.330442119388395 -0.943069834858663
-0.909463426729796 0.131073266939127 0.39458341847422
-0.776200443475424 0.628224834345458 -0.0533519358615723
-0.495389493822292 0.855489857149331 0.150752624272714
0.590772323065086 0.0876257960398052 0.802065946271672
-0.527371357310274 0.797150868735229 0.2939897004376
-0.827157799003421 0.427864461946453 0.364337724853038
-0.681566488179974 0.389245433089809 0.61964111791322
-0.933710162605612 0.357042153421419 -0.0265750433150852
0.979175404504393 -0.152237296347597 -0.134310583404406
0.522654813041322 0.721801310240772 -0.453690219135751
0.440192063352777 -0.254055460137284 -0.861212384104907
-0.712178349961246 -0.687953799055354 -0.139719605681461
-0.127785921397214 -0.78681920343848 0.603809820550395
0.650570913981594 0.742853585861215 -0.157879814587829
0.2712181211681 -0.115409337979667 0.955573867085711
0.38145559823453 -0.582536635789201 0.717734417830813
0.478524560428274 -0.462444717833667 0.746430926485946
0.459182582193973 -0.743926129679522 0.485515468126116
0.446716987422096 -0.894664780495771 -0.00434323485208476
-0.558275322447518 0.321199461011885 -0.764957234485559
0.155759528003217 -0.860004085067496 -0.485934093374229
-0.862135256193007 0.0269924749313597 0.505958700217813
-0.178221573586067 0.256911378543616 0.949859786643968
0.708038505879234 -0.703255823876083 -0.0641304949043241
0.465637739235734 0.0452413110428058 -0.883818261620885
0.345430949332107 0.636422990556733 -0.689668932412026
0.281334248807271 -0.702652102377261 0.653552647820253
-0.0525218462846543 0.176883663205284 0.98282939788853
-0.584375383349108 0.81070220343816 0.0355998409560394
-0.811138235123878 0.578385153976413 0.0867489318654865
0.998403709583437 -0.0559819575779177 -0.00748686287951352
0.46918463398714 -0.844973801549563 0.256680840588528
0.179209679042964 -0.806704412345603 0.56312687916619
0.877242124044551 0.315105699681389 -0.362152804531604
-0.250582155744192 -0.79564923812572 -0.551498751669081
-0.200961883416557 -0.0494516382587202 0.978350068680531
0.984994399965019 -0.107453021523717 0.135055100618142
0.527676752644246 -0.559710035422202 0.638969420994855
0.110467771077558 0.531319103642353 0.839938617791707
0.965869330229753 0.1205182885692 -0.229285365956659
-0.838856062341996 0.185209410940975 0.511876919552912
-0.824288477158511 0.537997815240126 -0.176371361679141
-0.0580083091927974 0.245764814275048 -0.967592213759983
0.0269745925150623 0.714320188801294 -0.699298962697308
0.363140923087882 0.333663799747864 0.869940882311378
0.0112568948183302 0.995964490177461 -0.089039410513547
0.674915105310048 -0.0344857904633665 0.73708909290563
0.654151137558422 -0.681320037291625 0.328465060571077
0.965431667084259 0.160330171631339 0.205513824974318
0.646122295704514 -0.694964437223657 -0.315516100996344
-0.0819431633605869 -0.979467304848818 -0.184198579556557
0.145150282438015 0.916263838604259 -0.37335234507681
-0.965727694859278 -0.24035223251297 0.097983793087511
-0.562314881667762 -0.273778184217616 0.780286793237894
0.796264162181151 0.423163144920212 -0.43231508972876
-0.687325831995173 0.284254835539894 -0.66841782527423
0.102083243293555 0.392161009108767 0.914214829442983
-0.0833751964366239 -0.971162561539175 0.223364848809796
-0.209136282680118 0.974378886598435 0.0827514387665643
-0.0602501518777069 -0.123943904199294 0.990458392771019
-0.0272228478086322 0.476020127617766 0.879012943397282
-0.246222221391171 -0.569647263643058 0.784140684263464
-0.0839583477381818 -0.608323026326891 0.789236397719699
0.914853883178887 0.172732223306297 -0.364973905182514
0.576421533817302 0.611209745714187 -0.542365985378608
-0.232596924819218 0.608052601955343 -0.759059091125309
0.158813645059365 -0.774144215419299 -0.612763380005525
0.873982352817786 -0.286354246792371 -0.392627167051722
-0.354424325429255 -0.18757626431545 -0.916077803796969
-0.115845335437497 -0.658095181590804 -0.743969482051745
-0.76230380789186 -0.639241341313377 0.101308499295201
0.190934953147912 -0.10250185191125 -0.976236249081732
-0.932141630903527 -0.104543576615616 -0.346673651327768
0.364019326752576 0.878504089115734 0.309387289909485
0.248992537126878 0.693420311800366 0.676144206244351
-0.783991990159785 -0.00520753514936792 -0.620749096610673
0.541484249459102 -0.721265458698518 -0.431938590167781
0.332198047570137 0.284864710260606 -0.89916436430651
-0.886711046072267 0.196828951610877 -0.418332265766328
-0.00486466704374749 0.938214387121798 -0.346020373406281
0.285839362203357 -0.879260562148576 -0.38104687751686
0.623777816664196 -0.761200996454574 -0.17740991639199
-0.662551014021868 0.74510422179896 -0.0764581746836911
-0.494838140468457 0.208346077678562 -0.843639215929226
0.11953687881292 -0.380231678816158 0.917134016939897
0.580104408867606 -0.0441675041974115 -0.813343781180711
-0.488768211497867 -0.35776306309274 -0.795682867803296
0.862407583449863 0.503675385849019 -0.050638579146817
-0.60987755988434 -0.755023820451272 -0.240807791611253
0.654272125048994 0.332728217383819 -0.679131739606138
0.140579713750754 0.489224828382986 -0.860753397539268
-0.292685248666368 0.804758950810836 0.516428481304961
-0.90609680302991 0.300098155499855 -0.298210798940214
0.876428251392904 0.415424879847285 0.243507062247166
-0.679018334136673 0.127439450178134 0.72297530279018
0.318863527261185 -0.179512368462309 -0.930645668636355
0.0186290868780025 -0.821558544455895 -0.569819721625711
0.818815061158018 0.540971020285319 -0.192073555785932
-0.245361498142783 -0.573241029314365 -0.781787987589817
0.373520173010817 0.599907575634967 0.707526381875437
-0.750981050565827 0.23485048587734 0.617148856414905
-0.0208661614356972 0.609116488105949 0.792806222998038
0.782038349434857 0.0752777947991514 -0.618667336800143
0.164292040332559 -0.407652479393593 -0.898235816212881
-0.874950876229657 -0.204962600974165 -0.438692712940233
-0.953083723067508 0.259355737117886 -0.156096183322383
-0.723968357194468 0.662670075866224 -0.191672085428726
-0.306906020051576 -0.94257958777211 0.131728567787937
-0.420873901467783 0.353915844337015 -0.835229749344757
-0.534391305493959 -0.426960725523338 0.729472735249952
0.374865170717306 0.791283338579044 -0.483059811897333
0.741607315049068 -0.476177919804345 -0.472517913900117
0.834277980737973 -0.337920141425555 0.435649203918364
0.71521951611942 0.650531535918217 -0.255479479680439
-0.763267091255317 0.566062162471927 -0.311443374667455
0.23027527403761 -0.957747317014491 0.172317657012994
0.960490409976908 -0.0652247117131752 -0.270562209712156
0.529484147856693 -0.841471327761231 0.107575748773704
0.594960769382674 0.74119477183742 -0.310889036629555
-0.390880986558209 0.83472275250712 -0.387878822306939
0.0150993932218645 -0.898924812854219 -0.437842653426249
0.789244178797038 -0.340580984346922 -0.510977709236197
-0.228015793535022 -0.29889036443222 -0.926646290635304
0.455041560730935 -0.105326072703562 -0.884219201565086
-0.652817956875176 -0.639975510655208 0.405290094799919
-0.444079949314493 -0.891101307288279 0.0934422750469881
0.969811494849175 0.000482061024918974 0.243855350721645
-0.733878645352914 0.380856905778522 -0.56246791127653
-0.301430359234842 0.952931337293542 -0.0325822794705412
0.355672717696531 -0.927011781218312 -0.118937274934384
-0.908318920685023 -0.393394879917761 0.142116877182429
-0.37492122665479 -0.714070932857811 -0.591216353504572
0.08889711414332 -0.0992420382256187 0.991084416659759
0.0877743057140847 0.241547809588504 0.966411054851612
0.946943420518918 -0.298740004604522 -0.118543527806551
0.45977982556859 0.204377917731065 -0.864194525985921
0.329100461510756 -0.481353017710467 0.81239901438544
0.216654943877496 0.197151597882764 -0.956133820521851
0.426019257878953 -0.625565001650312 -0.653587041354487
-0.857929384015458 -0.431983140256931 0.278114614101124
0.595042216086311 0.797719035378424 0.0978217852526129
0.0601380539128654 0.871702030867242 -0.486332174396779
-0.915710044832151 -0.265789898218756 -0.301381558490834
-0.829261977375055 0.510930817305155 0.226438231771711
0.3314055621978 -0.027679191559433 -0.943082295295048
-0.611382446596245 0.421728433396858 -0.66959437905244
0.779296520591076 -0.0779219866744591 -0.621791843776797
-0.0792433299328157 0.6228118189948 -0.778348207925956
-0.0918203051928966 0.883551395782993 -0.459244991877112
-0.354442010494906 0.235855928135011 -0.904844098372699
0.551988245280547 -0.0612957792300122 0.831595938254083
-0.827766651486432 -0.270902165213075 0.491339381252722
-0.934264866202488 -0.356574661513512 -0.00191586695071086
-0.488124463604847 -0.848055103787234 -0.206245118659579
0.70426284082134 0.110421671682051 0.701299440653704
-0.844414337221347 0.437808864791583 -0.308687260840059
0.65166084281626 -0.613445115794871 -0.446120203361626
0.43750133103922 0.362149941511817 -0.823067436606441
-0.936321476132033 -0.31588799717251 -0.15335210000607
-0.764594122953816 -0.543605448764059 0.34624982775232
-0.976050981426267 -0.209694444935847 -0.0579026892282868
-0.426327204287091 0.669536952809996 -0.608247797946412
0.797239792177253 0.504440237536811 0.331585223619775
-0.54831356598171 0.495134563328154 0.673939164582575
0.699538222914252 0.57711192183992 0.421412036316245
0.00706266177044918 -0.955682022082796 -0.294316142058935
-0.214830101375648 -0.151448181035488 -0.964837538658178
0.162647465193953 -0.932809055152385 0.321579024023174
-0.417300124836176 0.0882807030967587 -0.904470631514619
0.621671095546677 0.47948470068104 -0.619370221091237
-0.218593415847885 -0.841330827125065 0.494347406058743
-0.80218184289315 -0.153310888847382 -0.577061575824778
-0.300420990021205 0.329080689099413 0.895239146159581
0.0866769988903483 0.265204596774778 -0.960288300310324
0.712106430560585 0.251847101857271 0.65534530504182
0.399915709150563 0.509000470720861 -0.762224341241176
-0.881043062160219 -0.463343772793964 -0.0952663153081975
-0.604551053782966 -0.234252566629675 -0.761343390591469
-0.0993822170592467 -0.994504074565317 -0.0329366149652854
-0.458959885954832 -0.814375547048928 0.355173607483844
-0.295369132578551 0.710671699480553 0.638516100875473
0.0193741529912801 -0.724798655696305 -0.68868828282228
-0.577918633952942 -0.113149944337239 0.808212312840163
0.357257336019348 0.919682048412381 0.162948230086633
-0.899397428381026 0.403066945307845 -0.169178318415217
0.147699485726644 -0.926315124242835 -0.34659075653437
0.314267430304998 -0.906131471406977 0.283128484570735
0.118205754650065 0.767627114508053 0.629901589646867
0.937819883248723 -0.222782905867195 -0.266198503821341
0.323141534282805 -0.78277686999062 0.531826964932244
-0.993232459940017 -0.104917634495708 0.0498153640288601
-0.539863286465093 0.757421657489215 -0.367232984212204
-0.715653968191734 -0.639083232147876 -0.281801384309674
0.140443569081426 -0.988540223052142 0.0553518862523487
0.798718935066876 0.299857415810568 0.521664253087217
-0.0771388431828612 0.975163764108595 -0.207617995467558
-0.763947993130413 0.470213513742685 -0.441908039399344
0.696019061497602 0.522233289460967 -0.492777695731833
0.325968304281711 0.945321729923423 0.0105589553599435
-0.343991899932808 -0.12453021894252 0.930678138429578
-0.993586905310714 -0.0532694125352305 -0.0997368100714569
-0.131876282124945 0.720910419263632 -0.680365206054834
0.539918595948601 -0.627656646140104 -0.560834239597626
-0.605187129947927 -0.699766828622081 -0.379572026505626
0.926601136926947 0.0300561018678326 -0.374842585342435
0.844927552038123 -0.0966085502138548 0.526083852472629
0.870945036911369 0.0529006360437183 0.488524580124301
