# command_history: dirgen -cart 0038 dir0038.txt -force  (version=3.0_RC3-1000-g3151ed7a-dirty)
0.727232950848609 0.351485224761103 -0.589567953653064
-0.271131609785427 -0.626819306600602 -0.730469169128926
0.756366309523471 0.631790258382198 0.169561420232316
-0.0279178184427222 -0.876337964854551 -0.480887062383657
-0.0468349956012488 -0.740288687038885 0.670655755980127
-0.375191095319023 -0.492844375301323 0.785070738040313
0.360375653566035 -0.521092363294738 0.773687364012595
-0.863629497137911 0.493508441008503 -0.10292477994475
0.839146011382908 0.175574982726699 0.51478869162082
0.504689923567196 0.243647548784433 0.828205260198868
0.647786771559182 0.522122929958852 0.554761159963562
-0.295299402523971 0.836457034184842 -0.461668596323905
0.387748669522592 -0.301327701858652 -0.871121452712561
0.430908713495813 0.828614216915199 0.357373978010984
0.950034484788181 0.287574721715774 0.121388867460532
0.478519519059485 0.738251298384043 -0.475398874960126
-0.500457222081901 -0.110110305971597 0.858730626788697
0.804205745466913 0.546180655220884 -0.234392429102334
-0.354472886474114 0.857651051483884 0.372536772202824
0.111805903133838 0.941842417560245 -0.316910556007053
-0.292651407997565 0.0874769590993884 -0.952209501645393
-0.89042388984644 0.326142013374695 0.317453435172208
-0.187709170505158 0.639308881128165 0.745687214466575
-0.243589885717439 0.969653893382116 -0.0208637155144734
0.594813261936154 -0.533928177185941 -0.600930848793578
-0.659404735698876 0.559484895258677 -0.502157392174289
0.0799596091038274 0.33567494169071 0.938578070505007
-0.758933311608495 0.118520379123708 0.640291455716329
0.000442378357896311 0.39583648684626 -0.918320902507723
0.886287449695901 -0.206570049142971 0.414515827573093
-0.577000357448687 0.801312391314184 -0.15801594549422
-0.640773956994952 0.172130071279827 -0.748184452256416
0.502155383068456 0.8601711588926 -0.0891378071568654
-0.994861832563908 0.0969052557333187 -0.0293139134003389
-0.940286721479407 -0.130399417795872 0.314415128847207
-0.68557348793364 0.691646912853867 0.2271861364217
0.125708652745019 0.0131027034738348 -0.991980672083236
-0.136490165916488 -0.986009399994394 -0.0956864553151816
