# command_history: dirgen -cart 0290 dir0290.txt -force  (version=3.0_RC3-1000-g3151ed7a-dirty)
0.876313453150156 0.44709049675796 -0.179401280755656
-0.355950942298039 0.66024250957312 0.661346168983934
0.0696331851347202 0.772892087656166 0.630705192912257
-0.559782332439017 -0.280030660256997 0.779888818746085
0.705815274328839 0.586326817283371 0.397549571573732
0.93805982228416 -0.213136520673327 -0.273160380310685
0.474027984576193 0.491743848054363 0.730400888375227
-0.019650975325304 -0.865319752798035 0.500834867582432
-0.80159891279571 -0.573568152750271 0.168697235174074
-0.693578366821274 0.638271033790881 -0.334004695327855
0.600755454567075 0.41982774213771 -0.680321652411166
0.634051857220979 0.761656861117455 0.133630341866408
-0.799819464095877 -0.461952394824136 -0.383260759496234
0.606184199176235 -0.43562364353482 0.665411720562926
0.834941297274309 0.0792983248501029 0.544596002355748
-0.0657817967542885 -0.925178478436452 -0.373788092712687
0.00366460381406789 -0.99999326473104 -0.00020290747150671
-0.622574841195779 -0.547532499953022 0.559114235738319
-0.196371996598464 0.219224357815182 -0.955708491064328
-0.688149078584122 0.475157077773838 -0.548339855459414
0.128648349446159 -0.360364439556751 0.923897761057861
0.58526344979665 0.000650708264929151 -0.810842938497264
-0.241617293278196 -0.516862019911502 0.821264108531427
0.951747961856953 0.0362535192483781 -0.304731848422911
0.507662071230147 -0.692973928191835 0.511924170440012
0.842586275919515 -0.389700410975796 0.371728338060712
0.289253331858412 -0.846474704384905 0.44700456915483
-0.851640434677375 -0.275688897590154 0.445762494797461
0.628457405524157 0.653397767237485 -0.422033940828122
0.0701721347940346 0.553618471813893 0.829808688292005
0.0673300478811877 0.96893228738646 0.237985056489602
0.556627491235534 0.830757206259396 0.00288101525851702
0.311756923987225 0.947403047119786 -0.0723538986798059
-0.1568478050787 -0.986633685156269 0.0441897879261072
-0.0295831508628249 0.927915693931796 -0.371614453621089
-0.510970330675128 -0.142143677149639 0.847764410798265
0.0406267026517096 0.988600206705462 -0.144979661792845
-0.0588630094200006 0.798678249388321 -0.598872440571469
-0.487659700846369 0.829105803241642 -0.273443930635627
-0.395372866714145 -0.228804393496038 -0.8895666617984
0.308574315701536 0.00907312556222817 -0.951156963955929
-0.0786703284454271 0.952102682265874 0.295485129650237
-0.666508551326201 -0.245219587342369 -0.704012574456371
-0.646537502593249 0.758298447891421 -0.0835028242992238
-0.428009616320989 -0.278735761777838 0.859717478851563
-0.223787822500051 0.52978419771788 0.818075616522769
0.709506814513402 0.48241238082843 0.513690933327124
0.0740030751467229 0.671006703880248 0.737748973714361
-0.910625409812627 -0.399801000453417 -0.10450130640347
-0.697055771604157 -0.367267523638616 -0.615814758960592
0.238910688532933 -0.123632443977735 -0.963138983584826
0.364039646432602 -0.753594471695404 0.547330346368033
-0.884601343914752 -0.340899626027778 0.318226188925954
-0.717555826229469 0.175991509214406 -0.673899565906211
-0.975161011118942 0.075466268482205 0.208244675117647
0.355191034723305 -0.761399125138799 -0.542319740642049
0.923159610223687 -0.10135824724343 -0.370813753476582
0.0344117257960602 0.727925762992875 -0.684791878382752
-0.080642296308092 0.820837666692239 0.565439957011704
0.0523496041504525 -0.988285830082088 -0.143354933658559
0.423020537940119 -0.644912867458438 0.636506887525491
0.123205601383324 0.258735655646328 -0.958058578733596
0.552834063972513 -0.832739784991789 -0.0303141584653866
0.710491234246494 -0.40194931329381 -0.577614885197334
-0.908991260278817 -0.15987030733789 0.384936843609983
-0.678892360829882 -0.73416724613096 0.0101792492508979
0.707516744563305 0.689391189781341 -0.155434370762746
0.140017563348321 0.812951578039453 -0.56524756851946
0.483495254704361 0.60571194827606 0.631937793136306
-0.413309484071925 -0.652594179099817 0.635055987910699
0.214291332108652 -0.786714765855478 0.578929272163759
0.352624215151338 -0.843365962162966 -0.405450387536919
0.774085160424885 -0.582873845550307 -0.247083476953391
0.622232259689382 0.730596782411507 -0.281167844057245
-0.442634886030809 -0.853972574382283 -0.273505392764729
0.459943230036142 0.881544908354505 -0.106446229140201
-0.298671313443648 -0.748107857565283 0.592562300500908
-0.783976916993731 0.360077931239105 -0.505691681813703
0.0839154565023412 0.504295388833182 -0.85944421399041
0.222389797890105 -0.470231764023928 0.85406373643736
-0.932277484497056 -0.312541493791441 0.182144191668185
0.571495889735143 0.773477398923277 0.274089695849223
0.27651032881326 -0.686101698557939 0.672908981434706
-0.965435145185036 -0.250868210673039 -0.0707115359418536
-0.422584053227561 0.0476920327399797 -0.90506805709344
-0.68821714504671 0.27571512561836 0.671072522734323
0.815000170801887 0.487462962515904 -0.313296316237702
0.0814607610374311 -0.373916795038856 -0.923877900373785
0.289048794357207 0.63002553777801 -0.720776398218043
0.37126748647604 0.144072073444995 -0.917280595640736
-0.488156799944804 0.546131479649656 0.680766733619766
-0.571968969790358 0.728578339882497 -0.376862176731788
0.386789664322944 -0.132845252495213 -0.912549118931374
0.13234937950486 0.618829943808839 -0.774295255306545
0.599607394085974 0.491298566602587 0.631741000261714
-0.389515269298362 0.906164180197223 -0.164755374755788
0.804535047579794 -0.378520989342427 -0.457651852222854
0.769725188552075 -0.62864344941171 -0.11104299896986
0.447274564321607 -0.277544187589812 -0.850243899152489
0.841618091334813 -0.539574692496991 -0.0231978351301153
0.777564354235756 0.232479712891345 0.58424896928954
0.464628628282069 0.788500462649441 0.402973024137275
0.480248110560405 0.108325064400253 0.870417964385985
0.875223407472848 -0.246134479573875 -0.416415423557432
0.876497310434721 0.320971491168432 0.358789306777407
-0.315894359365302 0.943709011301455 0.0981022716842806
-0.74360607180795 -0.144514120841412 0.652813663190182
-0.519622833015401 -0.758454484457176 0.393368664760996
0.635686697648935 0.142058910653436 -0.758763262379084
0.436076642997159 -0.798808241473597 0.414418333072014
0.201675935447928 -0.958437813178811 -0.201801326383704
-0.950739878967006 -0.185661799322971 0.248240566414838
0.569121164722141 -0.800778430561317 -0.186694951761068
0.992385363111507 -0.0131477673857176 0.122468066428817
0.100435913958227 0.157340870881085 0.982423776960715
-0.708783066163094 0.518492609744196 0.478322045029388
-0.215698196975923 -0.704588519222353 -0.676039426661928
0.0707421870988376 -0.135420632932902 -0.988259477637592
0.617614155815252 -0.138212968345742 0.774241519112526
-0.0210265845568171 -0.0187548766760654 -0.999602989862846
0.638150632492982 -0.609500434014776 0.4703966317743
0.114952477005516 0.98793325189686 0.103797002975963
0.339852465044244 0.485840199272417 0.80526989436728
0.691036009335853 -0.62250035181875 -0.367372489153328
0.253363357304544 0.194843925575393 0.947545700133635
0.303122008663625 0.348055239053933 0.887115887824606
0.34522332956359 0.920490863914168 0.183077639747669
0.785577890500733 0.562030891629799 0.258821666037122
0.218907805145598 -0.909272677352214 -0.353981032072445
-0.828029139078558 0.544723512291646 -0.132830869881493
-0.201349056499288 -0.460922555672189 -0.864296798049989
-0.78596202942295 0.0475980271671865 -0.616439872262615
0.191836009627429 -0.920430169708758 0.340598367729695
-0.704798208103126 0.324522128664458 -0.63082871990875
-0.467310387713582 0.831075225959204 0.301554257691447
0.468933114629823 -0.52343873177285 0.711416634668887
0.221075752199251 -0.753107399698345 -0.619640828471731
-0.209869217952557 -0.944334104182471 -0.253353529744253
0.754826780244447 -0.134370440487866 -0.642013330507162
0.782495717936645 0.622320527538115 -0.0204355674131107
0.83722209345836 0.534570705352348 0.115296692078713
0.137102397684154 -0.869797969289132 0.473977241193876
-0.252267922364063 -0.911367124328145 0.325224322645104
0.604807747268629 -0.538358575396974 -0.586836973222025
0.602739302871253 -0.281698259966251 0.746559725076475
0.865387755550948 0.202777495120137 0.4582415520392
0.5927907494229 0.793091363529484 -0.140018629094778
0.704623693541358 0.422055921644102 -0.570415856639068
-0.448710417357528 0.881902340525552 0.144593302508749
0.19736290242356 0.88426660085645 0.423226255514385
-0.720201278014788 -0.536885928980686 0.439390052696249
0.453630098549509 0.00409631460574414 -0.891180651661947
0.882295828609087 -0.410434735023274 0.230428728906316
-0.555136315426139 0.0135766286272808 -0.831648571483296
0.513564426296983 0.542601289639686 -0.664707018560509
0.797656240594725 0.35061358314838 0.490728679773401
0.270979995680288 -0.0736906435669986 0.959760142427155
-0.917501038214401 0.26548935663126 -0.296154092308407
-0.878478199818956 0.363152880761929 0.31047711290393
0.739984105889824 0.110470410865405 0.663490626424871
0.257069889970246 0.963276514246666 0.0775463008239477
-0.214251691684909 -0.590541389957805 -0.77804696475011
-0.967016987966464 0.136748520912756 -0.214890639657574
-0.0787486934104506 0.504718263311136 0.859684894578437
-0.169442925497381 0.984361140793406 0.0481896201976399
-0.508992003523131 0.389430360114791 -0.767639977444097
-0.310525830139032 0.266941273436346 0.912313578410761
-0.93254969169855 -0.287930636388481 -0.217823371431682
0.424604461799923 -0.905294390658875 0.0123740559710167
0.498819145660319 -0.173277163493206 0.849208151476691
-0.616588785875429 0.751852740237505 -0.233528855026567
-0.239817896068134 0.949839483427908 -0.200729500689008
0.974949308979001 0.20729559953091 -0.0806373321513647
-0.70273730516766 -0.00212515983679126 0.71144624787918
0.161174704650323 0.310860135003675 0.936690285551408
-0.905509441276316 0.418871994594038 0.0678152188248784
0.583444042219783 -0.736911174278704 -0.341401480403091
-0.645319901051763 0.140080360991477 0.750959198472886
0.125235240300299 -0.705182692598446 0.697877857971244
0.280526999340157 0.272213261497328 -0.920437147721774
0.84987918645759 -0.123140626130856 -0.512388285016633
0.350601865591184 -0.190171551761344 0.917013147530974
0.903465397068883 -0.420326853170804 0.0841166618613376
0.178402116381009 0.719317098101066 -0.671383345973251
-0.0542069196097968 -0.120294013635094 0.991257262344129
0.998123982413142 -0.0419972983162136 -0.0445504507930929
-0.869056181912794 0.239500456466575 -0.432875136767473
-0.443482625365493 -0.365805624038958 -0.818235544583831
-0.52572432555173 -0.661480452011124 0.534843477225195
-0.986535246246029 -0.0696722979070638 0.147966140784423
0.17545454314649 -0.594683959588016 0.784580583176754
0.0614141656548419 0.420421574875338 0.905248032108471
-0.752653363130806 0.50774261301171 -0.419178188721609
0.0798274512656464 -0.968096356364107 0.237522678536116
-0.804596100413647 -0.00467830767647772 0.593804032182703
0.35006908006021 0.716822977526821 0.603006184110396
-0.0802921808581421 0.896291845641896 0.436135406873698
0.147120363809941 -0.00069037536076928 -0.989118355877744
-0.345034321519005 0.886168343584465 -0.309284632341612
-0.481131374651853 0.660009865142437 0.576974503977672
-0.484913285534374 0.417409759007466 0.768523388451899
-0.34087004255105 -0.074779729317483 -0.937131584236947
0.769381737726213 0.285445655079714 -0.571465239231141
-0.187712557194083 -0.0432113427272447 -0.981273038318779
-0.36066627589798 0.542875373459927 0.758423474267923
-0.413230452521146 -0.761332900755166 0.499612657302529
-0.753350294557368 0.6563383512017 -0.0410280688329379
-0.986297064014237 0.154176888941014 -0.0587161684152308
-0.79918127020627 0.531880323551004 -0.280022532612595
-0.93131970692738 -0.170524982453362 -0.321814906192954
-0.351919140400509 -0.608817144974093 -0.710981436188991
0.481336978839656 0.410047981024644 -0.774709859275798
-0.994895648338804 -0.0987352914142553 -0.0208324541486088
-0.594005753104647 -0.69498834991443 -0.405152266144222
-0.61855315299092 -0.118493316588323 -0.776756931638779
0.0378029769960611 -0.240550963815186 0.969900081832052
-0.686177004930377 -0.675928961068061 -0.268851552895328
-0.976975481561444 0.184382602509665 0.107340413263357
-0.88915774752578 -0.0197595166699024 0.457173994793944
0.744547481072588 0.655685065477244 0.125403920746388
0.867614218435478 0.431962115173742 0.246280935159872
-0.216810723467017 -0.136135002198823 0.966674904694456
-0.686310237346584 0.0132794714811674 -0.727187674366429
0.431889534289939 -0.300800234044671 0.850288568292842
-0.137577930356226 -0.897503375909696 0.41899881063029
0.672556591456969 0.285212711849226 -0.682877251259254
-0.479444024752048 -0.705086165474802 -0.522481508175741
-0.409568517834478 -0.911472085921026 -0.038370115788752
0.956580857976289 -0.291445548696275 -0.00354320454871861
0.908885080225404 0.0472047040019876 0.414366536853237
0.577444432391147 0.371317196638759 0.727104852810652
-0.317766880127182 -0.883007156074947 -0.345430994866806
0.18619519389866 0.392329637763612 -0.900782329478833
0.495503930286524 0.830499695380186 -0.25445257130559
-0.0909241166365663 -0.954654259046772 0.283492593726397
-0.798155725931511 0.486456267659542 0.355397997767984
-0.676489564647171 0.701575626727707 0.223949791036086
0.0739972118387867 -0.623285715650366 -0.778485278798705
-0.593448541229896 0.647514955174612 0.478061932951504
-0.390399817138576 -0.526739186517307 0.755072057597983
0.0754988876045613 -0.729301641585352 -0.680013995114354
0.926625460373715 -0.110834653779526 0.35927835407769
0.790199474867077 -0.260507942381103 -0.554725519402307
-0.219481780669911 0.648788601258586 0.728629603317689
-0.124602044074717 0.987541416775924 -0.0961055709342767
0.324600749494969 -0.571009292864601 0.754044256585496
-0.795379327031586 -0.410384467951626 0.44604519344439
0.961682378647378 0.0160723596236485 0.273694504612807
0.974825477782904 0.137136075474996 0.175809512452114
-0.339925164005104 -0.403565626377351 0.849461987426606
-0.866138411298059 0.0801159659790344 -0.493341346806976
-0.207038807534783 -0.960547949058348 0.185694829584395
-0.603070542984963 0.41511057297172 0.681167477490604
0.94762168512004 -0.281900714825252 0.150150354216259
0.835098136043647 0.144034706857688 -0.530909697026572
-0.668018568451434 0.740763085640156 0.0708607307115257
0.282763512220119 -0.957587160219139 0.0554222585283922
-0.573564400239445 0.280848043835906 0.769511699099832
-0.56335121003797 0.571205058672464 -0.5969591234714
-0.270600150316961 -0.839038636551115 0.472006064603925
0.476797467899125 -0.755848650958631 -0.448728193285201
-0.603810157358307 -0.600351606302037 -0.52439607424303
0.504731478117367 0.851815316970889 0.140202713137947
-0.0198769019706526 0.61805355447584 -0.785884668744612
0.727733654122159 0.616360980646952 -0.300836949515742
0.283218572541422 -0.333781919892112 0.899097808984504
-0.337928140621422 -0.808591800792222 -0.481647040339438
0.0629001836925912 0.858283993293794 0.509305560294699
0.368725511764122 -0.442453909481815 0.817481519643437
-0.0106848542786794 -0.267577284472354 -0.963477156305973
0.0695071043130349 -0.494916919966119 0.866155877877225
0.730646840807088 -0.65568579683504 0.190345291109133
0.932081565650876 0.360176805850306 -0.0386862184929427
-0.222900061846383 0.396476758860115 0.890573827435242
0.802241960309606 -0.208711219665867 0.559327689198547
-0.931438700538342 0.320313323194038 0.172688511846725
0.339743437907227 -0.905282828005947 -0.255024308089511
-0.857883188318127 0.475471671420212 0.194841281247057
0.16275453581187 -0.251629731465081 -0.954040585780015
0.357630622217277 -0.410767797836634 -0.838671660611544
0.522189647855404 -0.139653323971803 -0.841317372206396
0.866976694385845 0.497374825357741 -0.031139917985606
-0.525068588313842 0.841884596352925 -0.124632676252187
-0.222050860390217 0.840954729159713 0.493445598727841
0.110563517134214 -0.0995480442338749 0.988871020693863
-0.387877636917636 -0.845660230687739 0.366619302563777
0.536638226842088 0.243814128302916 0.807820576818683
0.207702610432071 0.802912849079163 0.558740174323706
-0.360057400856202 -0.907107774463665 0.217977415335288
-0.027222739375337 -0.37705348200355 0.925791334032621
