# command_history: dirgen -cart 0296 dir0296.txt -force  (version=3.0_RC3-1000-g3151ed7a-dirty)
0.735143315831448 0.0567529703199303 -0.675531942655719
0.824962393427544 -0.544454560657069 -0.151678214684958
0.740068199365865 -0.0963010820253082 0.665601353580445
0.529426782729311 -0.585768046187801 -0.613663652006713
0.389402455968936 -0.786582120108445 0.479222595054808
0.520621658406959 0.221078057157691 -0.824668164440079
-0.405305983452492 0.156231447616112 0.900732365663288
0.905369564783731 -0.263969015019289 0.332605337108506
-0.977477087885759 0.209620686086095 -0.0244481210560395
0.353349830271945 -0.448684597109694 -0.820869069805471
0.891395602354878 0.0530560695096353 -0.450109912788613
-0.929489600313676 -0.138361138477637 -0.341914138736461
0.891103027647257 -0.45177179740314 -0.0428676706741577
0.126533300785608 0.331686501903481 -0.934865438577837
0.87987587273543 0.393691785648262 -0.266130093170893
0.329794120494357 -0.938911104928982 0.0983960117504406
0.136199864517273 -0.11234093877419 -0.984291171544686
-0.899598612729821 0.0932066934921361 0.426655420993153
-0.394469339643402 -0.294806662060548 0.870334976940498
-0.0430800960683222 -0.898383307224503 -0.437094427581853
0.541282315763976 -0.812950148597975 0.214768504524562
-0.389217743231673 0.920188424497073 0.0419858520842288
0.974094003612684 0.11768053929687 -0.193111788341911
0.317872657074091 -0.766766165835117 -0.557697606965612
-0.133700996789432 -0.0364135513692065 0.990352511348456
-0.129190416612346 -0.18458524127522 0.974288522440297
0.869245938163753 0.493508682272735 -0.0293373398120328
0.147999192863744 -0.215795037906595 0.965157365680111
-0.840515725731657 -0.509846816351194 0.183274489917005
-0.238974253300357 -0.92813813609147 -0.285396052166441
-0.716789812345552 -0.679944006917187 -0.154559090237454
0.740102138742274 -0.663930721420404 -0.106980471971729
0.413858318682176 0.0969251777031616 0.905166726070271
-0.860726458856408 -0.430829627036768 -0.27117484302912
-0.130145485442453 0.368816673780847 -0.920345812051199
0.58851927108056 0.64655853211253 -0.485393790771264
-0.403913393936758 -0.146194055710921 0.903040014768604
0.0356829753889897 -0.993442209294261 0.10862459233492
-0.234963520323964 0.706284778280415 0.667797840732025
-0.228744562438276 0.567863491643746 -0.79070030986025
0.108057652674373 -0.88964473040995 -0.443684344272267
-0.193677075611502 -0.946446806907649 0.25831692177806
0.66356799101582 0.592675018874545 0.456523650319768
0.801223904827019 0.485508620212302 -0.349745098655137
0.770890673241436 0.519997916979787 0.367871901952362
-0.142267055659836 -0.24699556283107 -0.958516184952369
-0.243585361736031 0.969138254415339 0.0379106235337451
0.950424520674666 0.00850993814239766 -0.310838883431825
-0.0595643947701011 -0.997822934964836 -0.0283103043754718
-0.503745858940827 0.81293470735961 0.292193893108863
-0.986010748842054 0.0308182974709071 0.163807923217793
0.0151079535041374 0.652984977209577 0.757220159055162
-0.146462610974619 0.631023658607143 0.761812211679856
0.614217187271969 0.300728544386555 -0.72958864399801
0.0164458460859702 0.312266530516848 0.949852171690673
-0.0888171411162282 0.860650233439248 -0.501390756920098
0.128557133107991 0.912353457777143 -0.388695551311235
0.0135603879359441 -0.77526954417558 0.631484956077985
-0.272931187899791 -0.0835513734056514 0.958398526018085
-0.360142129340602 -0.44326133908437 0.820863589122546
0.783853049093702 0.613345322447172 -0.0968602749256951
0.726537087047453 -0.61701990299334 0.302374437502067
-0.705572179520026 0.383784324508191 0.595715948879289
-0.275897528730762 0.0646753731480506 0.959008680747166
0.805869266803724 -0.508893413048298 -0.302658584839887
0.801845486879128 0.594265864300284 0.0623850759317599
-0.307590361478363 -0.756050729356656 0.577733038837903
0.875140944375209 0.0925151204194805 0.474941343717133
0.326920694057867 -0.872793753286344 0.362427819049615
-0.128766485600346 0.260733363003991 0.956784879480631
-0.413372395075108 -0.503892731523641 -0.75842954722737
0.739788200212609 -0.385287629512428 0.551603898980857
0.0811768175550279 0.747816351116414 0.658924145326736
-0.515087887849292 -0.857133462360954 -0.00258756489356267
-0.919899421199231 0.0170048511348609 -0.391785515193201
-0.741027753145957 0.0966857681387055 0.664477035951494
0.93439565838604 -0.34959707204081 0.0684590447626254
-0.771917281154065 -0.316399087924025 -0.551393986380484
-0.306423654139795 0.935339333776498 0.17676219865727
-0.816358742474209 0.577537476385265 -0.00297774351968141
-0.710531533488706 -0.703622199077722 0.00779364377029455
0.760220506251541 0.432521732037451 -0.484757396219979
-0.00582669928230432 -0.165730433748253 -0.986153878918037
0.281297050498131 0.949156522777351 0.1413289236153
0.220186596032242 0.843315860271223 -0.49024098435641
0.660952846093194 -0.515161136177773 -0.545665042872761
0.477208394674135 0.35603134588765 0.803438752362595
-0.211474103012902 0.92588218535101 0.313082868589973
-0.447729530386992 -0.764152973900971 -0.464336623687757
-0.603397118741188 0.727000460630774 -0.327692305886903
0.527621919772363 0.191243933429786 0.82767195657581
0.53637750569613 0.0360878538048186 0.843206284482605
0.386718582172604 0.889363515762341 0.243887832893033
-0.203820469335438 0.681564207125367 -0.702799721005531
-0.583860010827292 0.456345041843668 0.671458629061728
-0.472103465928333 0.877468459323305 -0.084660618656144
0.0197957925587437 0.564678131746008 -0.825073774958827
0.00766498181206373 0.0170855400509583 0.999824650813825
0.645697376757395 -0.761160292972492 -0.06090899810905
-0.382377995775685 0.650308819040759 0.656418698868629
0.353225609402561 0.909482230354751 -0.21925724966609
-0.995085069100729 -0.0872644350165459 0.0468040984748139
0.643828800015303 0.687441893318213 -0.336018034608154
0.241495569512589 0.735477385343718 0.633050476307978
0.90505904284775 0.288084668023841 0.312850368401746
0.679605031546559 -0.51025429414233 0.527046066682897
-0.347981105535012 0.623029463700259 -0.700530825554449
0.0103903336656793 -0.28132633916256 0.959555903457275
-0.731269968838083 0.636080773896373 0.246263033675255
-0.642986741647938 0.185679101605632 -0.74302847946219
0.112791283087636 -0.510787809364658 0.852275741919186
-0.395591755208083 0.355652295300977 -0.846769512948202
-0.933908371724859 -0.264584104897375 0.240437943465413
-0.451763203853836 0.874455735516121 0.17674041492165
0.303111382024911 -0.741242396347486 0.598901661330127
-0.889117258367739 0.14991545518241 -0.432430176063241
0.934571204170338 0.354904580408544 0.0248878110857462
-0.493201829334267 0.386817671991185 0.77918165030797
0.968936518291967 0.0217831091711182 0.246348370554951
-0.358471307332644 0.881252662748822 0.308045558671661
-0.458811859289314 0.703160819887498 0.543191070573352
0.810824208637201 0.130113666224016 -0.570643966540962
0.752199854869821 0.602835463760083 -0.266054095941006
0.446141662120633 -0.524208687878309 -0.725370849202766
-0.899556556134562 0.374551546031117 -0.224742389595348
0.640410047707906 -0.016772838378566 -0.767850013145461
0.8325894291074 -0.0180221225508388 0.553597367802066
-0.298854393634971 -0.803724282189352 -0.514502992823448
0.205932178122774 -0.501320296399643 -0.840398654467857
0.576124699652871 0.454380273154298 -0.679425417406587
-0.601997593296618 0.794516972840536 -0.0796346503313144
0.642091647474896 0.127267202271815 0.755990327629183
-0.285123870281277 -0.00725519007453596 -0.958463218288948
0.515263464221816 0.839979635740528 0.170111063659434
0.610240166672583 -0.767238727574163 -0.197361784268886
-0.0146517344306046 -0.431095119822797 0.90218752171771
-0.0110152259488676 0.132037174169206 -0.991183559909418
0.547980134572313 0.449780291472411 0.705276868695623
0.149527596632919 -0.0629525078908974 0.98675147813187
-0.177782184436821 -0.651381335184322 -0.737628531898247
-0.638489797091577 0.169673518550728 0.750694129531178
0.703324177472114 0.572780371953505 -0.421019888945854
0.722312829724375 -0.689642836969661 0.0515454501581234
-0.494494642271261 -0.376161975189803 0.783566983216064
0.525035348083896 -0.714626409643846 0.462219620853515
-0.273107858807231 0.291872881929295 -0.916636415517089
-0.650577511398178 -0.517080691789483 0.556216198830511
0.986256593924669 -0.0944921063146679 0.13553292140409
-0.876158267794315 -0.46628192352519 -0.122179611921607
0.217320404274939 0.975962172555954 0.0164219251502326
-0.330519092287381 -0.625042424656638 -0.70716270900895
0.136724821773347 0.977453894049229 0.160904344624519
0.859362840999938 0.241496128873939 0.450749517190442
0.536428161448929 -0.120527479866251 0.835295129999937
-0.341353224892478 -0.408108469563515 -0.846714504969669
0.760441358207853 -0.503614744602396 0.410001377736782
-0.439619622981848 0.678123368118843 -0.588967982746477
-0.888067188035666 0.236755055715268 0.394060545002524
0.700350628812875 0.642830793669037 0.310286266908878
0.688015715559828 0.70353822007816 -0.177956028366429
0.257630278799418 -0.936410132642183 0.238249245393941
-0.285432046845903 0.142524141877378 -0.947742272780673
-0.520783022567066 -0.752855152365375 0.402484984766909
-0.799458023350656 -0.160452365553962 -0.578897147417742
-0.97569483353875 0.176829580708605 0.129425233985529
0.372705510424549 -0.496001827524471 0.784265764643313
0.107810024601254 -0.405850884991178 -0.907558294407227
0.183449294000109 -0.97750955626704 0.104026073354116
-0.111063007173557 -0.55202920243167 -0.826395043608213
0.710565615898051 -0.580653703498961 -0.397413867544107
0.993375199093096 0.0562134714224688 0.100228536143093
0.0112479543838069 -0.985084265720242 -0.171704609584577
0.620749158339298 -0.316823429659065 -0.717142521985777
0.824400402608375 -0.499785389338361 0.26566622062854
0.378523951515551 0.807953583976083 -0.451586784870036
-0.0619209692995761 0.948146302184989 0.311744098923993
0.520806817023435 -0.240570159704153 -0.819076466272739
0.181859840825322 0.414024090764012 0.891914261889573
-0.111053005726556 -0.987211398097942 0.114371698354988
-0.145771868384225 -0.77867109601461 0.610263784456507
-0.107108771936197 0.96350735519303 -0.245318746660853
0.584166144734094 0.709470092044061 0.394210735319952
0.142512405100683 0.825620735695296 0.545930961919524
0.295811756830506 0.560906794662677 -0.773226339581167
0.393789134146154 0.702863631084279 0.592378961415279
0.195522244260392 0.886020335918113 0.42040339715437
-0.259762106342101 -0.529808674506261 -0.807357675709245
-0.162661666987309 -0.47785821874366 0.863245448798918
-0.254589529834478 -0.95924672455558 0.122596462950815
-0.52968299515592 0.0890908101068254 0.843503854287082
0.732829164507995 -0.259024679725934 0.629180125988887
-0.855640993905607 -0.334329783119791 0.395097564744834
-0.824115998319292 -0.385106784542401 -0.415361993703816
0.417244803083337 -0.0565269272510663 0.907034443003958
0.233511377482993 0.68559116516188 -0.689519536226474
0.481322515854844 0.863599160668959 -0.15008372804216
-0.826081047490707 0.0246080094290286 0.56301380875481
0.402800739516538 0.248905502497013 0.880793741503446
-0.242281279514296 0.837030589178915 -0.49059104595958
-0.720339314725513 -0.218930013329681 0.658164812888264
0.469576478363159 -0.810654725496385 0.349766846625627
0.732547591794992 -0.24352352918914 -0.635665255056955
0.446906533767036 0.522525084755138 -0.726114375204051
-0.0224411358440815 0.924081082366152 -0.381537086840884
0.869681489748415 -0.480474974488979 0.113127827163755
0.408423824187081 -0.00471880443691118 -0.912780210522274
-0.453889622784633 -0.708123823758117 0.54087416332693
-0.297659511506911 0.582948225565244 0.756022606487267
-0.815568119721022 0.162587768352921 -0.555350213538029
0.396250669894075 -0.810228357949411 -0.431874304147745
-0.0937771762511605 0.994989387385734 0.0346692977159855
0.270142554807467 -0.213048911872811 -0.938953226328078
-0.967298505850295 -0.237219466840985 0.0897804273294881
0.608992447934979 -0.462182779940522 0.644604744230612
0.950554255363276 -0.126530651717853 0.28361347250549
0.726480945083094 0.460856311410981 0.509741990289048
0.255358650344094 -0.859832402893595 -0.442131426872903
-0.667697465800847 -0.386481180166538 -0.636248686867177
-0.347205129998925 -0.855531289906721 -0.384076567487489
-0.806269319419905 0.315615919071759 0.500316276160043
-0.0424378620157917 -0.440941297426931 -0.896532096520244
0.838995756243422 -0.390957644239057 0.378468283237281
0.25595539223933 -0.434071903618963 0.863752522237834
-0.4058516579339 -0.90969364368451 -0.0879881036976306
0.649868362996205 -0.625699812669559 0.431475208096492
0.787427045234394 0.294006136240023 -0.541773975276263
-0.600780887928386 0.635362671689513 0.485156263613636
0.797604282153666 0.562545492581359 0.217646451536735
0.707356065714374 0.230477343331482 0.668227199766624
-0.917575109844515 -0.378838995555517 0.120569205190683
-0.634052547398878 0.700090258732176 0.32840675505432
-0.529213226344537 -0.0662458706273613 0.845898838920369
0.565268249450309 -0.600774881177573 0.565279884932637
-0.375031184912443 -0.925618646608573 0.0508107409283053
-0.783170775744019 0.601274032297092 -0.158471051317607
0.0141008449160409 -0.828106819872462 -0.560392952358764
-0.867131209265765 -0.204957377694504 0.453955878082754
-0.525621253417187 0.741871895035286 0.416351281147182
0.15958473608049 -0.971309375999219 -0.176325857735412
-0.949613829409683 0.138193963542026 0.281311221664587
-0.634753149074282 -0.14162565312216 0.759625311662272
0.570304125512881 0.783910403089966 -0.245433665886151
-0.963309319728658 -0.176441100638071 -0.202246613147256
0.944018221539624 -0.317830779741958 -0.0883922669116765
0.744103024986843 0.0561636923247591 0.665699878225826
-0.479428917906022 -0.587042580293338 -0.652325778731763
0.527237639329608 -0.272282872152206 0.804911491535988
0.442894971870776 0.84064552716089 -0.311703611714677
0.411356482177908 -0.209057042213559 0.88717585498656
-0.38027798373955 -0.644427313061508 0.663401909300318
0.608623053819074 0.788566166571286 -0.0879851083934719
-0.528837446671495 0.846637059754657 0.0594696901620006
-0.145244623540315 -0.0906749284940245 -0.9852319811472
0.0539591948495686 -0.542117030996437 -0.838568738980171
-0.928790722237661 -0.159130282586457 0.334701878466791
0.599305223874214 0.296106139278609 0.743743506135412
0.279235633331444 0.155179499691315 0.9476005402877
0.390386319730414 -0.304747187661708 -0.868750639124728
-0.611196574512602 -0.528898272313388 -0.588816919634596
0.614038676052879 0.75054232254218 0.244218603681656
0.404415620867641 -0.88614389324683 0.226267554146837
0.631510350573644 -0.33348877800984 0.699985651324266
-0.976224913277063 -0.208915104677719 -0.0577875223096576
0.524398402742805 0.590548951234968 -0.613398933318338
-0.0665135863638464 -0.69293929165655 0.717921361228051
0.537247906228473 0.655834402633075 0.530326242586616
0.152063784172112 -0.777884713168752 0.609731070687418
-0.621351516854529 -0.779192007824565 -0.0823535515014301
-0.930300135239211 -0.324949822868083 -0.170144852969193
-0.825777688667792 0.172531682831624 0.53695812436145
0.289933033286639 0.886784938840124 -0.359932366501718
0.0888091778352937 0.948778602977748 0.303203054839183
-0.482129517526923 0.54904544568669 -0.6827153337226
0.0594007846439764 0.856142282953399 -0.513314658005227
0.954230398604192 -0.240242392077524 0.178123382599125
0.490800656954746 0.808651784624686 0.324340879871933
0.0439848979465075 0.966734734756111 -0.251970794674039
0.26845085475399 0.300503534306399 0.915222248664888
-0.857005306560755 0.375839730866113 0.352542765106865
0.928326221103648 -0.280360023925291 -0.244148897593315
0.997928871905776 -0.062774469726001 -0.0140475110779547
0.689595418149373 0.377033576412187 -0.618307238777962
0.767824412490939 -0.452228847488084 -0.453800331734723
-0.886955574841323 0.416229670627541 0.200156612549239
0.251058375529277 -0.358954907983584 -0.898955541787856
-0.259136401674432 -0.374189463351511 0.890410338464203
0.6457105224659 -0.0282074259915904 0.76306111308056
-0.672247478178526 0.714341130083561 -0.194422421427038
-0.826815224194044 0.292109777451446 -0.480675007628043
0.0786800724212315 -0.738672063949018 -0.669457263867596
0.267030225763345 0.230049471688606 -0.935826960022295
0.0750130232992951 -0.655497343015142 0.751462759979221
0.156656578775951 0.598786654179205 -0.785438259255995
0.168393053774061 -0.80844689619328 -0.563965775092867
-0.506018145744314 0.415577831324331 -0.75580467204778
0.175801870191484 -0.910971230380001 0.373128824747061
