# command_history: dirgen -cart 0188 dir0188.txt -force  (version=3.0_RC3-1000-g3151ed7a-dirty)
0.860527574545126 -0.281897372702742 0.424294902998814
-0.909503314310612 0.024777313221745 0.414957595432983
0.230017261097815 0.648355181605644 -0.725760027889503
0.826267425329216 -0.338780273995182 -0.450011186296049
0.119097499825218 0.715676947464558 0.68820221766803
0.561032498577854 -0.814157572431068 0.149632826587757
0.379029541171283 -0.612596103511967 -0.693586779632832
0.865701590297401 0.384581213000894 0.320402944997876
-0.809812907916042 -0.161960391349082 -0.563889958951758
0.911379432874953 -0.405035030966147 -0.0730352861484277
0.49869018136482 -0.479607374508689 0.722000602026899
0.522051872598384 -0.763567242258805 -0.380035404753035
-0.146957181316277 -0.193413822619452 0.970048802936897
-0.246101490947116 -0.342887311452922 0.906566240160196
0.646910406693415 -0.163550552615602 0.744820879440749
-0.0478634345151906 -0.8425877321908 -0.536428005605575
-0.509479439376343 -0.42650831464815 0.747342865349474
-0.945543878150643 -0.130508935038606 0.298184829203182
-0.273506244283412 0.730432471421661 -0.625829640581866
-0.51667312734828 0.28375807163209 -0.807793436628316
-0.993262481154708 -0.0837214757156144 -0.0801271366915912
-0.896073647087807 -0.437777599732523 0.0735036881196326
-0.705668883422651 0.114847866867499 0.699171934823627
0.570056328003233 -0.684223893647788 0.454833426943238
0.536628875240461 0.40943488359403 0.737829605230436
-0.33513512448243 0.225689307862006 -0.914739736020533
0.940852972563652 0.287967850030857 -0.178522271346589
0.00105935985482046 0.610833107629189 0.791758670543472
0.949545817447026 0.240269847308729 0.201576638138203
0.304751891944278 0.754685803845341 -0.581012583194801
0.285796192660798 0.191543306460739 0.938952447150908
0.725634210619659 0.617852850900631 -0.302841290137832
-0.734003674320566 0.282230935829122 0.617725104674341
-0.405833082989025 0.897350289827117 -0.17338386920014
-0.462242743426882 0.647000952799371 -0.606400373701976
-0.0209676427979635 0.986308706661236 -0.163571064432977
0.365758674239377 0.492931196950211 0.789455145839133
0.791808893020799 -0.572689971097983 0.212284888621326
0.3405600703627 0.844178020155894 0.413983464356039
0.209798289385694 -0.958919427103164 0.190940331242448
0.0497614826957206 0.9983889223503 0.0272645294866985
0.841048586512466 -0.433886529182456 0.323078558433371
-0.103633592602326 0.933504025010494 -0.343264204037565
0.538753504660586 -0.55493464183035 -0.633870810585688
0.598661857281997 0.256100858610715 -0.758957397259243
-0.690201274916202 -0.306996854922221 -0.655267221194464
-0.618971477609819 0.535231501313135 -0.574805662730983
0.714602210077831 -0.693361591253677 0.0927005130840642
0.154799551992713 0.517010733912832 -0.841865190943164
0.174228125838069 -0.338939796584672 0.92453467996506
-0.501650342182888 -0.11637644907606 0.857206775689646
0.0583066696841029 0.442229734250786 0.895004577873671
0.672944289383989 0.390810270640283 -0.628023340129606
0.983511842264653 -0.0995380970623584 0.150985507113739
-0.98812230867467 -0.106530895539953 0.11074958868951
-0.14664682373199 0.853035981354005 0.500823645213291
0.455197776021567 0.107925170196474 0.883825289490565
-0.0400029620489326 0.513085460556457 -0.857404847894435
-0.19548193758717 -0.00784287315780431 0.980675941082372
0.800329165013155 0.014674869073797 -0.59938124415685
-0.372506985521462 0.393962977970807 -0.840256935541794
-0.665696277356842 -0.670436216863766 -0.327664074061597
-0.216278798488417 0.918730097296102 0.330391418845437
-0.724136745628294 0.680778443421683 0.110302695357877
-0.0754295978474288 0.774886274249505 -0.627583968683312
0.822410208137072 0.56683513347615 0.0483671480347357
-0.337143446019313 -0.480646283036595 0.809514328106259
-0.0959540894882459 -0.971872334845182 -0.215074353359617
0.277012856683825 -0.343423355477855 -0.897398616081058
0.0884416234389433 -0.978508867305237 -0.186275269020089
-0.478314657622163 -0.698995457322367 0.531620577993825
0.522207643435052 0.762407749047438 0.382143430311747
-0.895582596411511 0.426805545756232 -0.125574038385896
-0.274629950153793 0.949489026014829 0.151818905133505
0.895607440327248 0.216156482696354 0.388797746674046
0.68605704752589 -0.664421823187714 -0.296427678215062
-0.275512031042104 -0.931398959200474 -0.237884634962681
0.425125487900899 0.296874733205754 -0.855063572093347
0.0537957400732037 0.374294773366508 -0.92574804400576
0.960162260441972 -0.233137527198825 -0.154062737333142
0.739543263137085 0.191752201787479 -0.645218455298829
0.0258780168739888 -0.929347269512788 -0.368298765802704
0.786792142456767 0.603345521352772 -0.13012419618135
-0.266689547345458 0.749641735163973 0.605734227394343
0.971890852896331 -0.0518245865438813 -0.22965709718186
0.698523402612909 0.124363905856931 0.70469757692367
0.755231832057987 -0.244099794606894 0.608309271768242
0.303169925415163 -0.501719723979137 -0.810163758072443
-0.795734592120123 -0.313659357257592 0.518096773304153
-0.934497975275527 0.117330110912962 -0.336076151012077
-0.446419472063633 -0.858381945455743 -0.252764892099439
-0.193946209116949 0.848252528075371 -0.492800686467569
0.280972992064162 0.91738140868206 -0.281896308480676
-0.931641828715609 0.277704468683324 -0.23435812565548
-0.643468814594641 -0.605921577334837 0.46776802665876
-0.475961679597898 0.109045987399278 -0.87267946703613
-0.412874404751326 -0.907509505924913 -0.0772089538665002
-0.238657171623667 -0.383548209859559 -0.89215106632572
-0.088838680965453 0.313616124553695 0.945384903192472
0.890454814440568 0.0418549794998581 0.453142785588252
-0.703873623186223 0.464991936227963 0.536977114806273
0.0684278460170262 -0.753171039336427 -0.654256077842886
-0.0397937434694461 0.227894732467319 -0.972872267512204
-0.233132970453726 -0.794331841431933 -0.560968754722379
0.18599913272485 0.56080483669016 0.806785137301455
-0.239800675567864 0.171815468911423 0.955497294941197
0.882405617742757 0.30945994336996 -0.35439366420054
-0.380804470735072 0.0375183965801 0.923894109184727
-0.161339633459706 -0.90406425521997 -0.395774361358398
0.184643695524758 -0.639780817944675 -0.746047726819808
-0.827665611052309 0.561139108129119 -0.00961964705506692
0.82088005526041 -0.53956537665075 -0.187150044604326
0.124015354299679 -0.484326602731895 -0.866053077925427
0.040675045897991 0.658996824080408 -0.751045089520684
-0.312144821808873 0.949544846847185 -0.0304990826724848
-0.00471894449393481 -0.0464209917573581 0.998910818385268
0.760541156558567 -0.0350263481458309 0.648344279003157
-0.232776379983614 -0.971031850760755 -0.0539657458937393
0.546778294122029 -0.0694756650487751 -0.834389974198536
0.327724566115787 -0.00898217705726086 0.9447306120051
-0.635370474521939 -0.747802543353291 0.192602482486895
-0.657944076855026 -0.0619916350103199 0.750510911926093
-0.422789737748111 0.225373427468561 0.877756034354624
0.455610984360326 -0.407199876854248 -0.791585049896788
0.146439268375214 0.0712134521246068 0.98665302154011
-0.580707708325461 -0.800425416927562 -0.148652983245309
-0.960970973713642 -0.0621347115671945 -0.269581277722167
-0.388686164008855 0.782426374533548 -0.486551163129191
-0.451744821889737 0.707439621263545 0.543558458826925
-0.775032682985803 0.512617000650434 0.36952422241036
0.00866700864470855 0.874579060814955 -0.484805475778879
0.866243150937673 0.14519950572983 -0.478058476537531
0.560643188259805 0.744347507976552 -0.362802980730557
-0.573561257902341 -0.54078202285014 0.615290408827892
0.10178140822625 0.260517312516561 0.960089201490481
0.353851936737289 0.92976942437931 -0.101575707512362
0.6547313517562 -0.701971037692872 0.280291846595459
0.341106802317637 -0.830017592765332 -0.441267430378315
0.63732386178451 -0.365146536784809 0.678591410109308
-0.489674482828397 0.807211028903968 -0.329589526051027
-0.407458926033024 0.875120773245325 0.261038035218085
-0.567352352407632 -0.225587853756317 -0.791973123568688
0.188684155698777 -0.123033551884087 0.974300279430846
-0.41105503092173 -0.311046260422023 -0.856903720047597
0.58353901944376 -0.241343675350497 -0.775393734276289
-0.835558732725703 0.156593991850841 0.52661174111677
0.118203363505553 0.778005311630348 -0.617037843191923
0.483770035768253 0.576439404978391 0.658547010380385
0.7419382061486 0.517704008234938 0.426040207157114
-0.650707376665887 -0.476190503156504 -0.591457956795033
0.96515776444867 -0.258442769332204 0.040961258578657
0.45399794349048 -0.88891275803822 -0.0609916051871096
-0.903494407282726 -0.409968715505815 -0.124994033118981
0.792948769629547 0.348405504050626 0.499845829721743
-0.597991414285745 -0.00797492301943808 -0.801462830731013
0.996214040467839 -0.0775426579500506 -0.0393029486525337
0.602958868570051 -0.797456248286069 -0.022452948185738
-0.0909545205230782 -0.94430304222562 0.316257868897924
0.342357966291542 -0.584128103859771 0.735924847520389
0.715565999343092 0.680852458876308 0.156221732886971
0.687438904730781 0.726022146200811 -0.0178772338048221
-0.719146073141938 0.566540520322137 -0.402319231851589
-0.916636653775284 0.20307588661891 0.344292650559945
-0.219224692715139 0.493050364047402 -0.841927474677408
0.306159804943903 -0.888070078763876 0.342925223687372
-0.805254940826985 -0.539803874988581 -0.245308493169399
-0.407211617868898 -0.604393711815102 0.684753195969875
-0.536381649135842 -0.842654675792733 0.0471998287598454
0.846176293176297 0.465798505859137 -0.258877254323003
-0.467441215113736 -0.853116595458827 0.231712720768054
0.327881196638538 0.149996537975634 -0.932735203305957
0.590080225985917 0.630024627505177 0.504850765709404
-0.606473015329851 0.399228893215624 0.687609462193872
-0.305819695525985 -0.656494593980863 -0.689557221630153
-0.419177263281637 -0.724133319633669 -0.547650762205294
0.572909460000465 -0.793704583460827 -0.204469520553187
0.623354029580932 -0.623945140815311 -0.471298435238413
-0.386835784271728 -0.825210255892946 0.411565437781133
-0.752424199604717 0.41332941095518 -0.512851461817791
0.132790274334455 -0.991142875837878 0.00159459022994402
0.0477524524402473 -0.13565071585278 -0.989605268061246
-0.149754637508998 0.646843203930511 -0.747774978234402
-0.763279123224013 -0.472478152423176 0.44064654263158
-0.886449731518204 0.377813047155742 0.267327841591927
-0.96431162829812 -0.264603942151921 -0.0093721569924671
0.200981872849044 0.866188026768258 -0.457520042259792
-0.167484731715779 -0.97684291839717 0.133141944628259
-0.849448015679985 0.1186706525436 -0.514154981384224
