# command_history: dirgen -cart 0227 dir0227.txt -force  (version=3.0_RC3-1000-g3151ed7a-dirty)
0.238568931848548 -0.920201564912231 -0.310344880237654
0.877825732434052 0.331934391146834 -0.345313688478462
-0.556854527549215 0.185712512847306 -0.809582545340424
-0.136379945130309 0.140848030428853 -0.980592852763351
-0.929561484615422 -0.149173137845696 0.337139171952536
-0.460657904443144 -0.84211844673378 -0.280411869835672
-0.174014788450236 -0.761842234648811 0.623951330558663
-0.248171862205388 -0.90748983842313 0.338929078080165
-0.764174786844113 -0.353340511130507 -0.539617807661854
0.549256445396529 0.118491360804094 -0.827210465725117
0.852379315461538 0.217108231953796 0.475724203915689
0.418298635463739 0.22505745459412 -0.879986019037115
0.960848928963429 0.258907445784435 0.0986725403909894
-0.203288257709945 -0.879683909751562 -0.429918716970383
-0.848777051932507 -0.526682276794691 0.0467257468974397
0.531738986177442 -0.243511100919463 -0.811144866412885
0.551880588180269 -0.0644032618417244 -0.831432520565528
-0.739398029727384 -0.672463781546958 0.0329092106077926
-0.363390956002808 -0.912554158783797 0.187595096902244
-0.987169553863727 0.0935421346354968 -0.129406881472062
0.0267408980759035 0.893198276866641 0.44886719926116
0.661061354330469 0.195749139471536 -0.724348093258289
0.0332242079555903 -0.266069277517502 0.963381176672577
-0.0114301663855852 0.0386140755942668 -0.999188823227321
-0.386851144709725 0.719854306277687 0.576329740313863
0.149776405130981 -0.877459359041824 -0.455666656335475
-0.0838276617773808 0.281769735836962 0.955813129794368
0.535161328647244 0.28907508812301 0.793749296533351
0.0671417329781613 -0.423462729922658 0.903421996665534
0.887039889422767 -0.346079330341999 0.305596681400305
0.755125469638749 -0.654400579020029 -0.0393116685108718
0.25927089503924 0.310496496636177 -0.914532956520546
-0.832144926558306 -0.0499654858780593 -0.552302699091939
0.0325348607194693 0.986753442298393 -0.158931201940454
0.496657103685898 -0.348367307819928 0.794966628356581
-0.724491504587336 -0.629681623815814 -0.280380299610117
0.0173337187044123 -0.586158134516276 -0.81001122432734
0.912279720667606 0.0872224267536311 0.400172412254821
0.783947101352627 -0.0639334987970903 -0.617526882015978
0.2593944872702 0.363944434369506 0.894571935992456
0.591936026320362 -0.698477702391852 0.402169914346485
0.559262519770362 -0.788009587554943 -0.257422461921245
-0.11688939116561 -0.209965719404659 0.970696279434416
0.223683811899594 0.20139933211082 0.953626688657245
0.647894240156836 0.373949740318144 -0.663622366476288
-0.9880087011674 -0.0919159834330016 -0.124057480254323
-0.0863023520341583 -0.310606546246685 -0.946612633267736
-0.138288191398876 -0.866600924717368 0.479457207056721
-0.764937526658061 0.23159740299082 0.601026807420564
-0.589570388701274 0.494484803050455 0.638663868023533
-0.81198456127805 0.556019679733048 0.177547706252861
0.89666927684984 -0.0789755402815757 0.435599669410824
0.635617658563245 -0.326114499523765 -0.699742470715435
0.795831150916749 0.594460875193797 0.115191349911125
-0.296062550947349 0.103473136520159 -0.949547405844084
-0.755920834977669 -0.192474840106398 -0.62572927626305
0.204976811566773 0.631355962728347 -0.747913200209277
-0.286708510970248 0.645998281614135 0.707449256052198
0.754333922116931 0.270691842685895 -0.59808549576712
0.874383970318916 -0.385558489774478 -0.294613854752543
-0.319322514891154 0.834331082740328 0.449360407531572
0.790134608447504 -0.44570711425684 -0.420752265394199
0.214053332946907 0.966930199686337 0.138662033696542
0.656696968449636 0.33028828907512 0.677981369750591
-0.43349435717283 0.616297712651903 -0.657464654319414
0.8076621104509 -0.508835406859961 0.297940336422675
-0.675447305402681 -0.0202539296528921 0.73713005362546
-0.758391026732628 0.290022560165821 -0.583720793844363
-0.447585984960495 0.873240702343106 -0.192658926183716
-0.208818657154513 0.28987230632088 -0.934006859960032
0.721356020118577 -0.39518297787158 -0.568749423067169
-0.657968417752814 -0.730923676965262 0.181185373834203
-0.118189426988385 0.692146818292926 0.712014073790074
0.146454267924625 -0.975215954006786 -0.165846285630086
-0.691698764520171 0.156191194990463 -0.705093702828723
0.859300987790848 -0.246484209858061 0.448159956569438
0.300857770993737 -0.722315014203384 0.622692236894797
-0.296644160457285 -0.954672523127229 0.024548231147756
-0.296092329368627 -0.818281636985443 0.492691074672034
-0.383968221164208 -0.914402310310486 -0.128206162234271
0.547088462477735 0.601923299231883 0.581706589326227
-0.548030877235025 0.834395991275285 -0.0586982737458543
-0.412802798116744 -0.576829033169535 -0.704884470221671
-0.374482160378213 -0.823406719680713 -0.426338463598013
0.360966080972612 0.56069553941781 -0.745200644433595
0.605128282570853 -0.0161474207910809 0.79596420926738
-0.855645009283973 0.517556898046493 -0.00254467520962514
0.938922333879724 -0.173372629625166 0.297265507986896
-0.326278202694477 0.932390505218633 0.155532891134335
-0.417617956341808 -0.40954409292563 -0.811091165338777
-0.678121241614674 -0.723769243334564 -0.12770929517418
-0.460907868688167 0.811340981590567 -0.359568836487517
-0.47870297255609 0.768158771162727 0.425177099985092
-0.292310562118447 0.943849534151624 -0.153956461883743
-0.0608251587050493 -0.71404788963835 -0.697449576221482
-0.217404477267406 0.473995218365391 -0.853266562236463
0.114352226992158 -0.116740652067523 -0.986557240273864
0.28343848906397 -0.053393938204096 -0.957502851317003
0.347017162870105 0.0746751224458439 0.934881123331347
-0.667276769619818 0.154662063487018 0.728574882111426
0.795005218258574 -0.410258884060669 0.446826981046279
-0.407247564781344 0.864641346369766 0.294184913154199
0.77771207238321 0.392833224246475 -0.49076062433485
0.459484928821695 -0.04933728867288 0.886814203839864
0.518733879276754 0.733968425224658 0.438412492139225
-0.126051222123883 -0.991976977336543 0.00963150223652084
-0.226175416824456 0.774421142493911 0.590860876080579
-0.0496176111217427 0.998696411410137 0.0119820909313116
-0.619920641151273 -0.515158137535029 0.591870333777623
-0.805401096399722 0.12254049091586 -0.579924910660186
-0.126389081229179 0.707893592268871 -0.69491903281657
0.261523936878338 0.677038667740666 0.687912692733314
-0.582458494166124 0.595097529084925 -0.553715661193313
0.288451781485632 0.138996764033485 -0.947351819202341
-0.262126593838399 0.609333915004856 -0.748332699290586
0.874987772013596 0.0466108817849658 -0.481896072328787
-0.297983728080358 -0.911513876233094 -0.283457494580496
0.853882085894515 0.351887327127619 0.383484931119089
-0.0520293508611193 0.439274157154029 0.896845115672482
0.388800206968129 0.396950724433471 -0.831423190338881
-0.148629858627311 -0.0497887703787649 0.987638721126605
-0.503746540961322 -0.120651557583135 -0.855384489058731
-0.827743119948191 -0.496967535345253 -0.260508341884286
-0.807346970709161 -0.490413953722133 0.328153962160091
0.45866799553037 0.888110421884817 -0.0297245423131075
-0.232160164988813 0.97254760342821 0.0159002156719169
-0.329533873931246 0.815004325568836 -0.476629180008896
0.236299373630079 0.479862350516472 -0.844922913986146
0.870059967190094 -0.123670542695519 -0.47718052177616
-0.883082093397688 -0.429295332860919 0.189397818108316
0.0579069429253445 -0.806225027895262 -0.588768197473612
-0.607689726618561 -0.793692655575067 0.0276616096504821
0.34358714615949 -0.492377439039122 -0.799695148490506
0.97914864276736 -0.0967362541899994 -0.178633794373085
-0.791172861045124 0.595508392012921 -0.139338648579131
-0.540402692626838 -0.831678057601026 -0.127579537178376
0.120363163986689 0.947372263296645 0.296645417108215
-0.272886202428702 -0.782070707780401 -0.560266479950304
-0.506206671294653 -0.469746288576353 0.723251844315332
-0.517034903295587 -0.835378680551618 0.186594128669583
-0.331289642207794 -0.701274673510878 0.631237677311837
-0.548109715564619 0.47968431289202 -0.685185157215904
0.392275593701543 -0.497917958373749 0.773432327560091
-0.978839143076266 -0.0758696806126097 0.190046635185847
0.584360049274392 0.655707000434051 -0.478091688270995
0.00923991902666914 0.799039398101028 -0.601207671423717
0.0242835158188335 -0.891279702501677 0.452803271595952
-0.0727909691570211 -0.538698890708295 0.839347949278983
0.842229904069908 -0.28933644486696 -0.454899121083062
-0.75207204701257 0.571969025483349 0.327473769926617
-0.895742091915009 0.423023501201483 0.136737786302697
0.941122016299209 -0.030589836055805 -0.336680282117901
0.951616093049326 -0.265246475422898 0.15514869875467
0.33928141563061 -0.363774812454213 0.867499859845286
0.670757095259686 -0.553849947488149 -0.493290132504354
0.885445293851444 -0.437514483063559 0.156740896724362
-0.629013103326706 0.77355557296345 0.0771640549770198
-0.412585702035424 0.152027672818705 0.898142875701447
0.398701700664918 -0.916939383494936 0.0160972321480976
0.200639460292549 0.963422500078522 -0.177653858151081
0.252933066854984 -0.227271373695994 -0.940410860416695
-0.937230831985254 0.348572297294717 -0.00978371784712237
-0.381556922882206 0.326571772467472 0.864734174199283
-0.709424561076192 -0.536346247273851 0.457219307528793
0.682800675019981 -0.450002927946525 0.575569807262171
0.58533530336141 -0.775694904450582 0.235966094700508
-0.289370873068513 -0.51680669491362 -0.80571417879545
0.486542243489043 -0.865090330534422 -0.122046570277468
0.182032252211435 0.0316936798821164 0.982781649101347
0.538084961204327 0.304546705751412 -0.785949030498608
-0.945306282667601 -0.258239237348906 0.199269988313887
0.220516532199237 -0.39366059843615 -0.892414585417403
-0.62332638316149 0.682363576222459 0.381895496045334
-0.423237148745161 -0.0342758922482152 0.905370354679595
-0.891240233708369 -0.443819520871556 -0.0933545859226801
0.118399935860878 0.464186456674755 0.877788350701851
-0.780885748118455 -0.104126781774069 0.615934299826577
0.556064916000581 0.759396170208534 -0.337800630351512
0.136404067890214 -0.981492438144707 0.134411770793188
0.983270381982432 -0.181405965333507 -0.0164691122268641
0.0784161681866106 0.944029647119317 -0.320404322578064
0.935176406694541 0.351009704715447 -0.047299847330216
0.0514751293509611 0.143375878616069 0.988328724913615
-0.387048776884896 -0.245677472687287 -0.888727080562921
0.495119077810582 -0.416190101375391 -0.762655163429148
0.641664193405427 0.157093751295667 0.750725393339814
-0.543096460529913 -0.460322033141335 -0.702246296084578
-0.647380147669361 -0.624439195136526 -0.43700644844309
-0.445604301518526 -0.747590997913044 0.492488077325295
0.663282482221963 0.484499553765726 0.570365261195214
0.149558860501294 0.603133593016742 0.783493469162488
0.30979563196537 -0.899338862834236 0.308571347035333
0.444548494823811 -0.579310072890979 -0.683210417951112
0.949653578504308 -0.26577332668874 -0.165899426324394
-0.11478346972093 -0.808873307854083 -0.576670379783822
0.0434770727281211 0.681735682931007 -0.730305554385004
-0.462554815363766 0.718444552532817 -0.519500209547323
-0.182941861199444 0.549753218463562 0.815048264957259
-0.694104000864122 0.68860388582445 0.209867397210448
0.729882665919149 0.0161940562414346 0.683380601519538
-0.415939581762501 -0.701973491886712 -0.578124105198539
-0.48035457256734 -0.618882260322328 0.621485504635445
0.853488008642411 0.21944575259092 -0.472653975730043
-0.941882974371545 -0.190998599091016 -0.276362077236153
-0.704760086277885 0.562757193202056 -0.431992548881265
0.69059053952762 0.645481068984998 -0.326249745282559
0.908983423609467 0.346895597270828 0.231111618481909
-0.60145121736212 -0.745739476550432 -0.286581692101766
0.102010704965588 0.383664419436559 -0.917821022493401
0.0598002046077071 -0.94853732783128 -0.310967640180731
-0.40792981448403 -0.845424450566782 0.344747392794898
-0.963333839936421 0.000755001574695554 -0.268304570974802
-0.102714144413408 0.951600448523717 -0.289665998879542
0.999659804588182 -0.00279798979522456 -0.0259315704079766
-0.636810525974716 0.322221707307663 -0.70046093777422
-0.923307077970697 0.206804819627151 0.323629118510981
-0.704499095466402 0.654178259314162 -0.275194166958013
-0.75915968950017 -0.496837453247565 -0.42051053600175
-0.160400785337087 0.810419868326275 -0.563463596947726
0.782234645363171 0.593927559908751 -0.188039924416041
0.536311834776254 -0.645654577910125 -0.543598916392064
-0.400807174188138 0.214563035528386 -0.890683059737954
0.680536822143491 -0.725891789338985 0.0997534153655124
0.983930892319437 0.172236837972686 -0.0470581638469551
-0.0883669461341727 0.581274270779852 -0.808895237320799
0.0362234247382904 0.987077275960175 0.156097132527381
0.187950984252972 -0.889943083401828 0.415542700361331
