# command_history: dirgen -cart 0153 dir0153.txt -force  (version=3.0_RC3-1000-g3151ed7a-dirty)
0.50686313726601 -0.0269440274809057 -0.861605350182998
-0.311251745980895 -0.949531305099612 -0.0388928175846288
-0.782145434942793 -0.19959991523907 0.59026129166218
0.114637852324671 0.990672180812533 0.0736667698390957
0.997513158518926 0.0305530270942671 -0.0635138655489754
0.0267550685804547 -0.875192255375872 0.483034866687023
-0.412582383979675 -0.204172381271571 -0.88774400316507
-0.698171452993138 -0.65155176591107 -0.296710159185049
-0.844583952334285 -0.481275919960144 -0.234630424979191
0.879166862048255 -0.111085814000278 -0.463384905455627
-0.0189138157436132 0.8136028054036 0.581113364683182
0.454350178726663 0.390832875985977 -0.800509574046169
-0.729398902538666 0.636425777293316 -0.250877402274474
0.417183862634967 -0.864682865938995 0.27978771615011
-0.575414719970152 0.503316995377372 -0.644647114478895
-0.478116167437169 0.729927161205156 0.488478525393057
-0.593832101024702 -0.469776297762429 0.653202622356352
0.277861235033031 -0.525615989730044 0.804065274344083
0.34409892584246 0.923523620354373 -0.169410896584659
-0.821003385828118 0.454680505660974 -0.345281158232892
0.907142551027575 0.385154000146259 -0.169554676392362
0.166504708408805 0.506969668141339 0.845729234248385
-0.770903618463622 0.243886717789941 0.588410468912088
-0.536021682621567 -0.334675315949856 -0.775031088830253
-0.65501649732731 -0.0802968426337604 0.751336013573229
-0.892278355886652 -0.101715356192953 0.439878758217255
0.374945881614213 -0.793212863483175 0.47982177844004
0.838165832553773 -0.539934212680217 -0.0771302996029093
0.229636758203936 0.940677736909222 0.249784616349629
0.868858006631035 0.304643724150317 -0.390228094387079
0.215976737764756 0.685047776303879 -0.695746787937684
-0.434584955595342 0.019005232367674 -0.900430295754672
-0.361862636827571 0.854488098015947 0.372700311801971
0.263656437084741 -0.135158239012668 0.955100797618123
0.861951725639977 -0.264005983353865 0.432827983637409
-0.229034049258528 0.941527546414574 0.247122001494797
-0.397770213030918 -0.578906223074344 0.711791010417479
0.810426803935058 0.575484629185458 -0.109662377481442
-0.449811437891011 0.431319473823019 -0.782069806247151
-0.418191554460165 -0.71580171036802 -0.559234955284814
-0.339407445781736 0.333890660328426 0.879385929324188
0.0152740703903468 0.959458018247995 0.281437406883557
0.268861925598355 -0.547078567536163 -0.792728393528404
0.358565538034685 0.753511496790251 -0.551045532727389
-0.904633063819611 0.382762151341167 0.187435736573968
0.43007934465042 0.877902901412 0.210519008636884
0.944471141351573 0.278737321560387 0.174010829327946
-0.934973991129409 -0.105959746594916 -0.338520557740716
0.0802930574927719 -0.2642958918004 0.961093495189669
0.153586229765939 -0.41404765448589 -0.897204441496484
-0.718170654932651 0.46318858330755 0.519314208054384
-0.0398308928211495 -0.360806760242854 -0.931789666040639
0.851404267891333 -0.506325097688183 0.136914820481475
-0.979350879921254 0.177820155167616 0.0961865188767645
0.164624592777734 0.927528456564857 -0.335543895362708
0.336608281762128 -0.126630078279477 -0.933091468144512
-0.271070244072451 0.962351642272871 0.0200059839350899
0.487999083825118 0.186963649704703 -0.852585179248937
-0.561655967177828 0.565766589039371 0.603697557772345
-0.119515164752576 -0.889817643196356 -0.440386974433449
0.196473135114031 -0.783181905453826 0.589935937325552
-0.12182770691868 -0.185233571593363 0.975113600449559
-0.691235534200245 -0.676043283585219 0.255262443336692
-0.087713921901619 0.990205121608656 0.108628196360908
0.73535656497033 -0.676657053634508 0.0372284047698039
-0.125549334611991 0.89692193768393 0.423991040329616
0.334941535401507 0.848079898348672 0.410578438157422
0.525365380350547 0.638726452845016 -0.562156326625565
-0.597459741914058 0.786718192326714 -0.155294374187139
-0.359785477902313 0.649972418410121 -0.669395447547041
-0.358904234784621 -0.858438895258767 0.366429274704645
-0.923333724234425 0.308818831844429 -0.228223054903813
0.842780344180301 -0.343860153860558 -0.41410323115176
0.662926068406428 -0.136290603136278 -0.736175182496629
-0.579757668335424 -0.103524754245151 -0.808185418864231
0.682561250399289 0.576901979558027 -0.448658272447292
0.971497324871269 0.23582147140149 -0.0241077040384135
0.0632817123948031 0.589233924902539 -0.805480481836978
0.537410146782505 0.748296645138127 -0.388899042182197
0.552184185054163 -0.783305074653105 -0.285527206757541
0.758757047771333 -0.191040560023694 0.622728871085294
0.963019269377397 -0.00875231988536157 -0.26929033347755
-0.753001095623454 -0.502364680238732 -0.424993032929382
-0.748357959025768 -0.395909945815909 0.532180119853072
-0.374012208529221 0.655602828409728 0.655972407386362
-0.147811919377243 0.220605996625324 0.964097832557964
-0.629213341356862 0.360729558737484 0.688450983376154
-0.274764923744411 0.336748486200398 -0.900613509626337
-0.788060426062966 0.0106149329055888 0.615506367207412
0.528166945786966 0.766778527281387 0.364815525270314
0.288404399353505 0.627438143956508 0.72328713381475
0.610747653555716 -0.106189754402238 0.784672568487123
-0.776431195784907 -0.331855432316 -0.535748607328457
0.249759281471357 0.0773374237701337 0.965214600077885
0.218100279188733 -0.894092635817022 0.391191291819701
0.896498670797728 0.441589100394507 0.0359054267580431
-0.569447172633156 0.740279043144761 -0.357374951361706
0.984770453868091 -0.14008644701964 0.10297058099209
0.0982141990045337 0.387890580713966 -0.916457783265154
0.670444990541167 0.740101509888768 -0.0524716086909992
0.612915959678035 0.774971816473349 0.154119142367038
-0.637355759376854 -0.449344527416328 -0.625992916629374
0.0215619373885551 0.756695178896598 -0.653412189273124
-0.591598836283966 0.803564199150907 0.065539261137263
0.711461719649428 -0.676909695355619 -0.188720655485938
0.692046507073442 0.222816465242347 0.686603564558439
-0.175348851329253 -0.834910168994083 0.521706612999858
0.635460308836624 0.282718773411609 -0.718512554555519
0.0367953889785878 -0.564441271404523 -0.824652745393575
0.840065167480802 0.137960018405597 0.524649928721028
0.133673277680165 -0.654893549291358 0.743805010692191
-0.616637304052364 0.307512177792411 -0.724703177694427
0.529534788037519 0.824389638445529 -0.199936570646066
0.146945196078907 0.979954837803058 -0.134519980730427
0.810354745508304 0.493759551161187 -0.315478512848775
-0.515856870695815 0.662055621320576 -0.543667217361638
0.684597776428584 -0.571703027991136 0.452196342637582
0.77409444588767 0.625788920157071 0.0957393140486639
-0.0364735890687756 0.956347318892836 -0.28994737961728
-0.987457506364904 -0.0696920003418883 -0.141671091659349
-0.947688518464067 0.10259818422268 -0.30225830768664
-0.442324340646313 0.894218761205766 -0.0687166994218298
-0.216785309972019 -0.780935543060022 -0.585784778707918
-0.878998989141689 -0.310812381422318 -0.361602600436551
-0.736881298755892 0.391396478304134 -0.5511939298604
-0.359941916259298 -0.429444612175177 -0.828262725222677
0.421528693175806 -0.89297568108631 -0.157822665729409
-0.149169525886641 0.698776451237162 0.69961412488825
-0.29840263959273 -0.293325431608329 0.908248895323236
-0.795804881019086 0.522586398733181 0.305937979344316
0.0660201766663066 -0.0560661708130218 0.996241898719038
0.137433356588776 -0.0193779106410518 -0.990321447347239
0.741813881543463 0.0143771088997387 0.670451686468985
0.230630369066712 0.292259979106759 0.928112998226331
-0.453268053689235 0.228810292965824 -0.861506773819955
-0.510669922841394 0.241310069821135 0.825218565052971
-0.254321236013068 -0.494833636059157 0.830939457203267
-0.0607036001371989 0.993877835397866 -0.092314252611588
-0.0538944644766453 -0.153871828128839 -0.986619910202032
0.32267042186397 0.0840383807050624 -0.942773222690695
-0.497714680583553 -0.867340713547391 -0.000428199385847197
-0.953611533327548 -0.190578214124155 0.233034306070867
-0.257947174362243 0.795886390958693 0.547748215812047
-0.460003467967496 0.46179401965388 0.758381891180024
0.473902134518704 0.548512928299478 0.688876138639559
-0.0921111661052612 0.466624773595891 -0.879645868372786
-0.653174461656521 0.638111241267001 0.407648336692792
-0.24683093681923 0.950374103611607 -0.18937674570384
0.867874710372838 -0.0616476004804184 0.492943262911939
-0.935844177772273 0.351749416132062 -0.0216338434054704
-0.933289637659845 0.209059081599153 0.292001288760298
0.0831377494760533 0.689620362369649 0.719382978959894
0.597568769952513 0.622888539282312 0.504897447813106
