0.990851612016963 0.0684326262211147 -0.116318780219992
0.689421754116419 0.584421891130515 0.427958757497113
0.287565410363205 0.344239422401611 0.893759114542194
-0.0826260144262147 -0.930741387588553 0.356221014497705
0.948629912378806 -0.186245634217986 0.255761320521536
0.275626315768037 -0.197812320131382 -0.940691458481674
-0.140816240447995 0.785968841977969 -0.602016416608304
0.372526052394396 0.652878834681781 0.659525259191797
-0.0835965880016587 -0.978948316173642 -0.1862036646666
0.311768120738121 0.130559603243349 0.941145487633214
-0.497333572984916 0.182176599824718 -0.848216366063731
0.439649800754616 0.454901683314405 0.774449811940159
0.45555320465132 -0.642470677517932 -0.616200216051214
-0.263497197670267 -0.758548959958536 0.595963675206584
0.708092847133524 0.268805027677063 -0.652953579463252
0.648423956628374 0.126680888368854 0.75066525495222
-0.618103652299376 0.774951388376215 -0.131902314869564
0.246206582856428 0.0116520864835329 -0.969147330099372
0.086596325899786 0.425430390446654 0.90083853116142
0.440826799533878 -0.892724236414911 0.0933550776880013
-0.885572256001286 -0.141680747191806 -0.442366754261625
0.476592656351003 -0.388967750202483 0.788393004290825
-0.168524588707541 -0.725716595241668 -0.667034396708142
-0.675022072101144 -0.734140938166806 -0.0733640585289492
0.622621300502739 0.611853249196606 -0.487830213914466
0.994817159199012 -0.053330873967862 0.0865715752717481
-0.620172764905704 0.113074216399744 0.776273124135312
-0.598427718238578 -0.471332351480102 0.647865788950155
0.12056831042485 -0.899572656802458 0.419800330698612
-0.865566715937897 0.196203633406861 0.460758499106017
0.201020194751469 0.447274910937827 -0.871513646105235
-0.482081997638983 0.830624734458374 0.278674537872341
-0.286317805392402 0.584131423539649 0.75948179329647
0.869392049472688 0.369567699674096 -0.327989602992652
0.245653045700426 -0.968248188041637 0.0463683889324486
-0.952095939139659 0.035968402421289 0.303676796448182
0.823929370549833 0.564806542558553 0.0461948246929228
0.252831290604275 0.544006348682154 0.800083390081864
-0.709301880896944 -0.432097975047023 -0.556940016264157
-0.302803974029027 0.915137324974018 -0.266145504849559
-0.984483130353496 0.146056004469666 0.0972656651020229
0.729938887045181 -0.682923211495176 -0.0283744318067874
0.767037250862754 0.229120690023473 0.599297559808212
0.142677563689081 -0.212916394214395 0.966596980077265
-0.724513293528286 0.401885747019326 -0.559971725932224
0.951145006568158 0.280340977499971 -0.12935266837147
-0.157762350877455 0.972922237364043 0.168918207094924
0.622642843995387 -0.518691432348357 -0.585896822682753
-0.0262652368901131 -0.548205886456099 0.835930884335534
0.633918522707569 -0.323947540053943 -0.702285766523324
-0.0409639626454805 -0.104425029828284 0.993688767627843
-0.925157438397237 -0.374774896521739 -0.0602286569282621
0.445419870524272 0.6431055673133 -0.622909598764363
-0.405836744241118 -0.846791943432699 -0.343860351830859
-0.78251651799602 0.503813404662283 -0.365841430603456
-0.793582503251086 -0.0198208845683954 -0.608139739754496
0.0257254694296783 0.337998105631603 -0.940795132221713
0.744054420358449 0.6243477491144 0.237850599580568
-0.580054762676608 -0.809018492071716 0.0950029040724111
-0.763555529491814 -0.558575145249186 0.324001173597144
-0.152516391223866 0.440323472581507 -0.884790364946303
-0.48213794548176 0.82139398939551 -0.304721045731266
0.95689991032028 -0.283462722544157 0.0631778961100705
0.563306803116659 -0.822840121776759 -0.0749638550029171
0.550403522636906 0.302832221018495 -0.778041520859839
-0.312934280773811 0.826933276068704 -0.467176083342093
0.414962018843247 0.496812085432351 -0.762223244650735
-0.446276235679755 0.0709572589306917 0.892077680963127
-0.0380042839530871 0.93625352146167 0.349263536533427
0.72078502367052 -0.566749402900885 -0.399079019698828
-0.505167041832866 -0.710671179258926 -0.489645519551194
0.0842555540777253 0.983961753856717 -0.157226806093202
-0.834039283949753 -0.357476745282041 -0.420224760587882
0.739896441595114 0.660150057465623 -0.129441714076344
-0.644953732707029 0.68913024730777 -0.33035463507086
-0.837631362856264 -0.224441432780327 0.497995726097194
-0.622596073142344 -0.722149654110533 0.301453158510193
0.47320930333719 0.241944370950561 0.847074894327809
0.598333173509768 0.0966333895133881 -0.795398894586159
-0.206173685525885 -0.224129647908112 0.952501082584823
-0.858883608439577 0.301406727138252 -0.414092902607154
0.869657289658841 0.0157957477312899 -0.49340317479405
-0.368020777080556 -0.327780736160565 0.870126712978669
-0.297777392048057 0.396265998605609 0.868505545828095
-0.933034798905805 -0.254598307743883 -0.254215982433747
0.861439523545892 -0.50707115479342 0.0282982552376153
0.916266522939212 -0.38137892059335 -0.122498072915199
-0.983828241605903 -0.164725341536782 -0.0703388432818434
-0.402813175569268 -0.914437618980444 0.0393114052302606
0.112152156263209 -0.969778347686702 0.216683756206049
-0.866974977866992 -0.47760301521246 0.142301607905521
-0.0970180856737421 0.322493329738496 0.94158671577629
0.0698621981451053 -0.113313007907419 -0.991100113767175
0.760551644431321 -0.368019929749306 -0.53490422269798
0.322552034700511 -0.526203215109468 0.786810244797956
-0.455548507190451 -0.85068587712112 0.262314879606977
0.933960879581895 0.168754064678583 -0.315022445335361
0.205379272543447 0.978631678477727 0.00996956816473404
-0.760416467442711 0.154479040437663 0.630795546993958
0.590244273490935 0.75004986133858 0.298390521158323
-0.517136605655327 0.542306294908916 -0.662173401454219
-0.0534651488646451 -0.607843830078923 -0.792254603073953
-0.471900912511201 0.272970486882929 0.838329673852711
0.0679654660820664 0.83932307613818 -0.539367656874409
0.473912905130396 -0.468528872383179 -0.745578469441155
0.276590213015352 0.936810865261198 -0.214203773992636
-0.806736262046409 0.560472554025521 0.187208759633454
0.505442647134342 0.852734354879254 0.131802315861644
-0.853024934919557 -0.458546450803314 -0.249165834056699
-0.41664659586733 -0.131260259961149 0.899542304901274
-0.75023108253237 -0.0588896310203497 0.658547898152135
-0.565942804104893 0.698191272609034 0.438449186718903
-0.036564987827689 0.999297986068353 0.00815700342614399
-0.460646607821924 -0.761841307467019 0.455414673609774
0.378869669625134 -0.798421196496872 -0.467954449089487
0.135829272361594 0.0120572407103217 0.99065888766829
-0.112392263875057 -0.225492227693478 -0.96774027211379
-0.784733919430833 0.192261364401 -0.589260760150707
-0.185882780018427 -0.911503545893827 -0.366890825608383
-0.497008148517881 -0.0288452907809209 -0.867266308296703
-0.272111195719663 0.905843647804929 0.324657947531667
0.0622943429082119 0.844713917484433 0.531580485392133
-0.608944741313369 -0.338997295085193 -0.71712421235914
-0.148272440695508 0.638888444443547 -0.754875379706281
0.0535463196334604 0.712378336663918 -0.699749881818969
-0.931701239944893 0.240509569171867 0.272191011280521
0.239111776252043 0.618036675796654 -0.748903348789291
-0.308783190912296 -0.933405767001733 -0.182774766141082
-0.843548989866128 0.412513754431055 0.343885888196987
0.750996951309539 0.429049789641616 -0.501916185365907
-0.554891024397403 -0.552964881827015 -0.621551116569857
0.369989420754479 -0.921206816682535 -0.120357091304984
-0.276521260039323 -0.865315849606832 0.418048410074086
-0.296202088226908 -0.8028377641568 -0.517412647094878
-0.337882371820151 0.686173732332722 -0.644205799313986
0.640126589778834 -0.575948149321489 0.508450271266789
0.895225858534898 -0.0803498726588778 0.438308749826143
0.962315093947447 0.0404131318142534 0.268917159619612
-0.117541098857378 0.520759810553171 0.845572770252227
0.636998045572477 -0.302851224543707 0.708882660056812
-0.150116728030293 0.852282942489652 0.501077592700631
0.0663417017951568 -0.727633490496343 -0.682750526994327
-0.88818255910361 0.404680410338816 -0.217636180797611
0.323496724306284 -0.0886531668147674 0.942067134219646
-0.316682680240391 0.307529725760854 -0.897294571369523
0.769965129123035 -0.612574999930893 0.178621301625016
-0.259807015715947 0.732369131511463 0.629393175839967
-0.660826424666807 0.711811850763019 0.237975472634072
-0.660552568335386 0.0871928411150385 -0.745699478961742
0.48744373248695 -0.716471018712878 0.499067016545595
