# command_history: dirgen -cart 0025 dir0025.txt -force  (version=3.0_RC3-1000-g3151ed7a-dirty)
-0.76937421572268 0.622679975896666 -0.142593701818973
-0.614241761635736 0.721078350783893 0.320551197616557
0.915065225625004 -0.19002769074106 0.355731794479326
-0.17095044750823 0.652192801788954 -0.738525892431275
0.0484066422592123 0.851909019679312 0.521447810594908
-0.774090813053782 -0.616176158935281 -0.145294027081291
0.459248195467081 -0.00368380685220844 0.888300357158155
0.212787824794401 -0.970421235305624 -0.114034940641782
0.193180508702296 0.42243156841626 0.885569229966184
-0.238189641398463 0.184598186342316 0.953514134310341
-0.609413680283506 0.428869498882635 -0.666847748149059
0.125913324779589 0.931620136831212 -0.340924852854031
0.326389300033894 -0.619126623328167 -0.714249430598056
-0.641716307508223 -0.692842211631373 0.328891852224649
0.980163925713332 0.194702966295222 0.0370058596180558
0.33110489850517 0.61972952577293 -0.711551024924524
-0.862446066518182 -0.241387790943839 0.444880564568255
-0.537179004091581 -0.198256320794989 0.819837269723701
-0.712202030163444 0.267502698973617 0.64900737613135
-0.354113858448345 -0.929789649678077 -0.100471800055264
-0.0227864953108266 0.238308218819613 -0.970922225759856
-0.779807672886444 -0.231870295119189 -0.581494763130993
0.505930006340264 0.646763267129819 0.570729449893821
0.394579265866302 -0.855462384426787 0.335397244740095
0.940402971486753 -0.269333186933027 -0.207609936263619
