# command_history: dirgen -cart 0133 dir0133.txt -force  (version=3.0_RC3-1000-g3151ed7a-dirty)
-0.771048638218782 -0.193512799141516 -0.606660361379724
0.376417253034254 0.719381551397872 0.583780982155583
0.528138073092053 0.541596190698084 -0.654021209114765
0.594447920782325 -0.565604753118894 -0.571596827079093
-0.092095857787283 -0.228687768825588 0.969133766498722
-0.119029740216766 0.958300865478296 0.25979101633328
0.416749364490503 -0.0182610665520498 -0.90883799471916
-0.29456381107366 0.0599333922909627 -0.953750569957501
-0.190593279295802 0.884618905317383 -0.425586177221897
-0.717385308272605 -0.59518441493551 -0.36209643976777
-0.358683596309916 0.929912171818437 -0.0812984036872979
-0.636836909097706 -0.373634195793063 -0.674415479467184
0.0569879644512774 0.991675840645874 0.115461677568792
-0.984538918640848 -0.0318740115960959 0.172241589246854
0.479926143793661 -0.431202607345584 0.764025659203745
0.225965674325089 0.396962696998438 -0.889584246273805
0.0269425825550937 -0.410928958495152 0.911269163483189
0.726047507117221 -0.646801057697598 0.233459652124597
0.857418323785133 0.431391209223064 0.280598365359735
0.617884893442315 -0.0438112611048809 -0.785047025251468
0.406195053952544 -0.59209107258917 -0.696012744067733
-0.205152203596457 0.757774343135123 -0.619427653762448
-0.887215583924728 -0.426778512626403 0.175238719470042
0.567337542286851 -0.403780403206438 -0.717697358988008
-0.563886092067633 0.734804060228479 -0.376955525552332
0.706689703313473 0.139835318278011 -0.693567406235907
-0.536758492017494 -0.725663228078726 -0.430468582664833
0.202263236546405 0.669389568818875 0.714847667897332
0.806334240036631 -0.362510236762027 0.467345077632458
-0.258723632211616 -0.965559950583037 0.0274966173430861
0.230613364368377 -0.749274074539992 -0.620810629255763
-0.88101801752212 -0.233703004262153 -0.411327313219336
0.530825724617145 -0.0508652098895909 0.845953178673366
-0.861556598985749 -0.00317657790112817 -0.507651589278461
-0.925788843841021 0.364051439708204 0.101889969407638
0.247190835356484 0.493985900903231 0.83359139908266
-0.947745058672507 0.169866176207438 0.270045895992719
0.230663214682412 0.858374334510553 -0.45824445795442
-0.932820948715696 -0.209717716189693 0.293024840505594
0.747698695299735 -0.549486432563629 -0.372842220618282
0.452193345889666 0.87808721645286 -0.156473698221702
-0.622784179539338 -0.745082649026896 0.238729369442842
-0.639599581356596 -0.768507951196868 0.0175472070615438
0.712990534544174 -0.0113528041074186 0.701081743799759
0.14325730337034 -0.578402003278596 0.803074384870023
0.413165826665635 0.124383020177529 0.902121313331649
0.906337215488905 -0.193640091911806 0.375574715102342
-0.409179113699493 0.2395599996925 -0.880445034888282
-0.951531865212081 -0.248193613789024 -0.181623345306605
-0.277639529272828 -0.29499174025039 -0.914273572279768
-0.596457319333763 -0.660631303911918 0.4558562783431
0.152568417887919 -0.390993930502045 -0.907659971670967
-0.986544107914965 0.157616183368226 0.0434495325486836
0.420189748082527 -0.74386325020577 -0.51971919398811
-0.170822596597745 0.962072507490733 -0.212687871826529
0.196874995185658 0.0133546859486456 -0.980337640118883
-0.107312848545423 -0.567828533316326 0.816121749060088
-0.499374044165782 0.225811018635256 0.836441837712832
0.0363457594345107 -0.0526044678267197 0.997953784368693
-0.912404515500398 -0.0189104847853977 0.408852532901124
-0.780536262234424 0.190541047928379 -0.595363126496318
0.527555417021982 0.171557581699589 -0.832017594845296
-0.406306401024638 -0.715844441260699 0.567874849242827
-0.288700780582901 0.207177740042256 0.934734851881434
-0.203475007775779 -0.733937035996168 0.648023416555147
-0.800077645789183 0.0301840369610611 0.599136615991021
0.443932088095737 0.38055461582146 -0.811235160441126
0.248617649167605 0.935751957269627 -0.250115051503175
-0.598581700747714 -0.565859771879556 -0.567012051105081
-0.0249896356139153 0.720843821523459 0.692646881955979
0.967590487296976 0.244593768604673 -0.0627896269471605
0.640291948789573 0.340745738418004 -0.688417433005019
-0.698813468249114 0.562325968352898 -0.442096416983468
0.0637950149226147 0.34952252848171 0.934753549420796
0.70059735419433 -0.22192762821949 -0.678167733771503
-0.936145627510916 0.327068659847218 -0.129063766557224
0.460082604888302 0.885896000616426 0.0592644309094191
-0.364720714177774 0.413726455078206 0.834151797347507
0.00802465354674627 -0.715044016752888 0.699033374769296
-0.614835177043956 0.233822188844814 -0.753196447862805
-0.556857729796523 0.814069794160585 -0.164923736924696
0.853719456952915 -0.206415438207591 -0.478075052360598
-0.784513841194096 -0.613463506403451 0.0905569394694171
-0.743957985330257 0.394014796193564 0.539702562939893
0.974915916643691 -0.126076982391815 0.18342178165574
-0.012140391498198 -0.85026584152089 0.526213463945045
0.848079807790548 -0.450225715723624 0.279387624133742
-0.438103945768701 -0.819487793487186 0.36946540978473
-0.632261939518153 -0.747227097257727 -0.204686357533997
0.996290616696236 0.0603578022061267 0.0613346785748532
0.705820421194945 -0.708067396733622 0.0214031471298272
-0.079345380679053 0.866323857842086 0.493140227418633
-0.950021802057397 -0.0508792102805148 -0.308009547866372
-0.783986261978752 -0.6061680391052 -0.13388745047965
0.347745760131576 -0.608137400068625 0.7136117914863
-0.83914678913781 -0.379255591448821 0.389869032669316
-0.824006199616164 -0.211742520952213 0.52552724745243
-0.815548954222491 0.556891541074695 0.157326776951834
-0.7546010497592 -0.576851524317424 0.312761210182749
0.605318420545564 0.168716984043303 0.777897286949605
0.021995695906 0.549589708923323 0.835145101887802
0.327139174790067 0.57068232161724 -0.753194296387878
-0.0671168450416586 0.170410739996332 0.983084690555985
-0.296088018980738 -0.85572947191198 -0.42433354323846
0.030648466539534 0.943669526140155 -0.329466989140323
-0.766341907999393 -0.410734576202909 -0.493980959101935
0.163130407157206 -0.238296520357208 0.957393982980033
-0.1471045149862 0.98902262117242 0.0139469165019051
0.658442153952545 -0.415015917981072 0.627866002997981
0.869721692119604 -0.37478482598632 -0.321123827311236
-0.32282243541557 -0.197130527388862 0.925702560417626
0.380488684568931 -0.87422315296687 0.301599469050708
-0.0485851670603533 -0.99227108303877 0.114182219748888
0.273977025230857 -0.416418476069485 0.866909592998958
-0.316560810173848 0.936638792619447 0.149990085080518
-0.707655151735567 -0.467735306694951 0.529573289633353
-0.390634715742882 0.76649050828804 -0.509800764574574
0.532754576945882 -0.606039804176597 0.590667687026137
0.433891991891253 0.548881049633077 0.71446996628713
0.259262797337568 0.945282947529446 0.198047850346176
-0.0869006433072131 -0.932656340299214 -0.35014344073889
-0.846244806444237 0.529262720693726 -0.0612429591874101
0.161612842346362 0.122217927859513 0.97925689545617
0.465283870241323 0.351636386069952 0.812319378129636
-0.522957123722246 0.850473519169108 0.0566625091243619
-0.199355583936641 0.583892947834847 0.78697291987845
-0.449863273812041 -0.850471878235727 -0.272618083048991
-0.899198445815391 -0.434617832931984 -0.0504925176703613
0.592691286242796 -0.701107629485038 -0.396440576997021
0.278328001753986 -0.874536603540721 -0.397138832786587
-0.131828216450608 -0.817803351028233 -0.560195501940567
-0.465637403458588 0.839498819526175 0.280042033478015
-0.664674901508818 0.722234734246742 0.191270133454705
