# command_history: dirgen -cart 0241 dir0241.txt -force  (version=3.0_RC3-1000-g3151ed7a-dirty)
-0.875354916218564 0.191507348661253 0.443935475109535
-0.216280396106221 -0.356406833704242 -0.908953771733774
-0.525232916793064 -0.268671861908358 -0.8074316155166
-0.33323297053128 0.796247245781108 0.504921885975345
0.241175752729583 -0.285070353930927 -0.927668663696804
-0.897924788826235 0.0551261118883193 -0.436683163631754
-0.326670864744091 0.702831036626174 0.631913506804788
-0.666152255212467 -0.363736283747137 0.651104514468428
0.394847925754408 0.539814542674816 -0.743434849226359
-0.281793976008023 -0.933293994356516 -0.222608344820335
-0.162887026776691 -0.3354096709718 0.927883704526833
-0.865246189681987 0.35120366565035 -0.357777887067606
-0.513072844441151 -0.590025024103951 0.623399332072307
0.209156793448479 0.73885014003139 0.640588718547201
-0.491657918902948 -0.41880235071238 -0.763463870669599
-0.594453813130433 0.599659679780125 0.535754545011693
-0.91546627348342 -0.116562547956296 -0.385142408114604
-0.927288072529206 0.309760063316952 -0.210203553059759
0.141663781453107 0.844415480658787 0.51661772041636
0.0219782051410386 -0.858496278424055 -0.512348610255582
-0.377394785577203 -0.85076777559783 -0.365742214986811
0.736571700659007 0.36987559933871 0.566263340506984
0.442337360437479 0.559931984473888 0.700581067631961
-0.152205668734851 -0.829297319435409 0.537679635454256
0.225847455167899 -0.948410728557929 -0.222508464896061
0.778582705873279 -0.190990070944808 -0.59777233368193
0.981036239916419 0.188842024502642 0.0436644678474191
0.506746678881734 -0.416943355242369 0.754563477754899
-0.971767566620241 0.210770082116002 0.10603663965719
-0.00610602220358668 -0.531584786689654 -0.846983076013308
0.412458596139307 0.905295171633208 -0.10158030659726
0.0959392348234663 0.228705402020535 0.968756678587618
-0.609348988147184 0.285362382716576 -0.739771668269556
0.912277101152555 0.354143107616829 -0.205750212734244
-0.763004420925792 -0.207038176007488 -0.61233932367862
0.295536737882791 -0.748680661960615 0.593409894565143
0.456931699066165 -0.0307672195410277 -0.888969516119772
-0.290178617300085 0.4299722137695 0.854938749530027
0.530797136825878 0.773509510185805 0.346319848102251
-0.120170998313568 -0.644466037962188 -0.75513075495416
0.938009704335717 -0.227920085448622 -0.261132589350916
0.164296584416183 -0.398850266681633 0.902177974191992
-0.9037914963574 0.422113674230201 -0.070576038001098
-0.353486932748511 0.158965394642222 0.921833494554354
0.161820348608752 -0.540450452357963 -0.825667901351515
-0.421540523165158 0.844882407142459 -0.329358931002045
0.582746514304196 0.788503424880096 0.196643965121404
0.153321158552099 0.057815194118592 0.986483667208572
0.843169221132237 0.0750843978156378 0.532379561722574
-0.745873002026499 -0.225084282928541 0.626905519537452
0.391113751889629 -0.538508245554982 0.746350388592458
0.32074770760463 -0.830339819791413 0.45569363802355
-0.339202732327306 0.414310353362086 -0.844564051732415
-0.550824991592224 0.799429912610281 0.239799173187368
-0.19657639612988 -0.721169234501044 0.664283565726089
0.643224328786985 0.732659975362769 -0.222422623305182
0.0116079215898999 -0.0939842121324491 -0.995506014058281
-0.826799111586157 -0.490902526720284 0.274623266202961
-0.599791068037913 -0.476664854958948 -0.642682885059891
-0.173025984396848 -0.953402243405794 0.247156167214781
-0.509270643786653 0.838280707619842 -0.194753348134263
-0.809279783100537 -0.587351140970203 -0.00921248423326143
-0.496192652497426 0.863516695001519 0.0901763220652903
-0.628362830825414 0.0177769887201489 -0.777717256790098
0.696821111811636 -0.599331353760229 -0.39400795237346
0.0692167050929566 -0.256695664802957 -0.964010572248792
0.54914243598057 -0.53459744592736 0.642376957722854
-0.747482182536805 -0.0301092092611209 -0.663599142787033
-0.106863965055516 0.243415073243015 -0.96401721721695
-0.749471850785539 -0.504349510912792 0.428863050077908
-0.922381518133419 -0.221401066183941 0.31653420494238
-0.43675631141496 -0.873828339375461 -0.213700626446256
0.450276059234751 -0.451249837029147 -0.770470671123302
-0.776967376708288 0.383667255737331 -0.499120358637099
0.222056424230727 0.163773049471433 -0.961181217421924
0.341554005960675 -0.918873902804141 0.197513573603693
0.688178159986516 0.519305548735823 0.506687839966344
-0.615574532748151 -0.628727598401042 0.475152187873268
0.289781718003446 -0.886266656037365 -0.361328064654987
-0.964933406305147 -0.0788026511674822 0.250387027549995
-0.116570859930888 -0.492698675067086 0.862356799823664
-0.707936472635752 -0.703010785268744 0.0678364688635344
-0.544794507656415 -0.110041240717571 -0.831318151954318
0.864835138479553 0.429384763949857 0.260170920240479
0.543004207309106 0.444652670781547 -0.712341514451774
-0.67778829932182 0.635377095076157 -0.369998605882534
0.00152546681035691 0.372413971467347 -0.928065464720528
0.0482662272499271 -0.521485950591273 0.851893640452243
0.937718879116899 0.312363555937594 0.152027341849314
0.696055971817728 -0.142718026156897 0.703660180134386
0.405503766945596 0.822518644658742 -0.398785373580422
0.855225573712075 -0.511811348486326 -0.0814761414738177
-0.655485095455151 0.406557544180623 -0.636435584254975
0.135361110711454 -0.768602924740844 -0.625241484377662
-0.117557790344858 0.923451718599116 0.365263041308005
-0.0940906104354975 0.650127323473517 -0.753977068816444
0.311043437458825 0.784802358659756 -0.536038466768834
0.756678104001366 0.54833321678071 0.356046247417126
0.574677120449814 -0.64077835205636 0.509067098492375
-0.660522161809999 0.19187890804594 0.725873927348919
-0.873067886622962 -0.477436850015047 0.0990278728208634
0.549837659733486 0.0988625424501944 -0.829400232480729
0.995789748365066 0.0622633533774747 -0.06727593832292
-0.218708246404291 0.532025675938259 -0.817994732927541
0.0517384590585681 0.386926372942144 0.92065797871744
-0.33467157084483 -0.46898754103067 -0.817340581414052
-0.558899381885332 0.325839132604675 0.762535468415487
-0.742102332337428 0.0440858097007583 0.668835233613166
-0.854578676049914 0.469196483761919 -0.222598171749517
0.975441498253256 -0.136242944427969 0.173065720404245
-0.0416339170255347 0.662700111879142 0.747726673770893
0.959157500743473 -0.0104119511738063 0.282680880217056
-0.0956533536217612 -0.991689180733043 0.0860407156986521
-0.758994336348469 0.611517927254113 -0.223547359719993
-0.244023330539601 0.90976618914245 -0.335824500663046
0.216978892395392 0.901530657303213 0.374383004685449
-0.581024928444833 0.714130976477949 0.390418981301278
0.683006317620801 0.104663598157152 -0.722874748010243
-0.640945626125109 -0.324930798400049 -0.695419787324317
0.0514488263049881 0.92574007669922 0.374644269494093
0.119016098932896 0.96663540074774 0.226828503976133
0.466809998379689 -0.021981834614356 0.884084398889462
-0.700871409699536 0.475346551511928 0.531812864672812
0.448231467274595 -0.289311948544725 0.845805620798371
-0.0507732890709194 0.973245336922381 0.224088347032507
-0.746511190049438 0.264722004622925 -0.610445168216927
-0.870982414591602 0.330210885404424 0.363799951391709
-0.603610657842053 -0.259313413229332 0.753930187390608
0.257542293008459 0.961544596617207 -0.0954146531105024
-0.809680653507226 -0.0859569501884384 0.580541679856333
0.71191626242689 -0.699317703163318 0.0642649619505754
-0.454212698589322 0.74463256918712 -0.489094225426956
-0.313115471295922 -0.0187529931357114 -0.949529897835547
-0.252359399350114 0.96564206078747 -0.0620495285862695
0.662907371245819 0.161390973503729 0.731099699643952
0.853693655658528 0.362399018534813 -0.373997451399582
0.995932475604312 -0.0898842387374762 0.00627117718226427
-0.538944121034045 -0.616174592425459 -0.574341454234466
0.850979480180918 -0.224944176517639 0.47458828658303
-0.426025749152563 0.903011545309808 -0.0554275211081135
0.407668736463783 -0.308419579257977 -0.859467023474639
-0.0409083709631314 -0.765641234471616 -0.641965735270912
-0.171829707172523 -0.506424781105312 -0.844990232378719
-0.331070781696821 0.939879512491813 0.0837773209455199
0.964074337200927 -0.259348128661804 0.0574388414769485
-0.119028350749985 -0.0359021069498779 0.992241548431781
-0.319392965778742 -0.288131481537967 0.90275599292267
-0.684892689616575 0.338917250728844 0.645024883913927
-0.358166221859583 -0.670653792810519 0.649569432553363
0.545673815358298 -0.157724140401779 0.823020766911041
-0.58317092985077 0.810606749869624 -0.0531823621400295
0.810228131801589 -0.0988242735388416 0.577723235984868
-0.0184554857296244 -0.99705425124565 -0.0744460550966965
-0.429274682555629 0.649194773094282 -0.627908746159685
0.967713422627853 0.210634785514361 -0.138433084185842
-0.463882847222905 0.595255995004028 0.656112036518258
0.165439111372885 -0.851582597302894 0.497430377438902
-0.560760634092814 -0.740849099832816 0.369716273010441
0.905601311139004 0.0748245618358474 -0.417477604440515
0.644444736012178 -0.734418766292203 0.212885081544086
-0.247032390655643 -0.882649095821604 0.399881947094719
-0.398266621755813 0.888378090610049 0.228403297084905
0.639930071320405 -0.762518918595451 -0.0951546247109686
0.619378496895409 0.784065718306953 0.0401400916713579
-0.262482274239686 0.648657686459333 -0.71438523326507
-0.337527914062339 -0.939292789999722 -0.0616762667746999
-0.928667611825559 0.360719620579428 0.0863586826859188
0.161403249999671 -0.964827834483383 0.207499977579877
0.781144851351394 -0.503264983617839 0.369509238681991
-0.404376210945552 -0.154202717995501 -0.90149952955291
0.79351665552983 -0.47116851665436 -0.385138346974802
-0.00723752967270592 0.851343247823131 -0.524559141136822
-0.332958944876312 -0.908057997813021 0.254104336119361
-0.472416163239576 0.708237030669859 0.52461726725103
0.682974177559539 -0.520459605562864 0.512511533298735
0.469472868541634 0.71481724885304 -0.518296755194802
0.940820149275183 0.337811760340943 -0.027215093113504
0.981529640417374 -0.0662199561981031 -0.17948393349618
-0.281357266588954 -0.609487471008772 -0.741190334003975
0.903775353820777 0.280491429800164 0.323287283441197
0.483908588188932 0.873512875784516 0.0529880563491365
-0.181677208247109 0.130209852129708 0.974699331287293
-0.213547837733732 0.113898505414638 -0.970270298145604
-0.771485469592076 -0.366169199030653 0.520317487587669
0.682251385856303 -0.688643224150819 -0.245567824293655
0.88111743740404 -0.414237054235392 -0.228122169902277
0.287295788387487 -0.00389642706116934 -0.95783398761527
-0.515874606378465 0.179651087444155 0.837614993462985
-0.0731784728945553 0.994779067752481 -0.0711302851556667
0.93603804998691 -0.0731856589156342 -0.344204340916538
0.850126445997865 0.219919014061405 -0.478456532058346
0.72092404080885 0.682758453017728 0.118783088933896
-0.374678289416378 -0.317318230963917 -0.871163199255999
0.758709691149502 -0.645316571655511 -0.0890287981644391
0.486697187628027 0.836288498183925 -0.252482465451059
0.274421874704612 -0.276438958188017 0.921017989552609
0.0852664693107846 0.916409755765275 -0.391053434647366
-0.853450650879576 0.0532553904340072 0.518445609396925
0.612825949387234 -0.0469766672687266 -0.788820352482084
-0.818495330533805 0.569888408436353 -0.0727502290321982
-0.376021652755571 0.150787469023982 -0.914259731063504
-0.236446670404764 -0.59465209076373 0.768428176868096
-0.432578863428975 -0.391231746830988 0.81228889392018
-0.777471898029774 -0.604777644723358 0.172573022853657
0.706860541417405 0.62628116614464 -0.328816173445898
0.373177546786901 0.690393296961766 0.619754478873991
-0.0729892232738021 -0.632014502976512 0.771511659868624
0.00799889283441917 0.972604025865631 -0.232330425436252
-0.185674074178769 0.847197071188362 0.497777320443306
0.581803761192719 -0.473506524033668 -0.661283566376452
0.446038439498169 -0.812029011715795 -0.376375603117295
0.155421878909618 -0.984772347101094 -0.0778939274989196
0.992725242424251 0.0333717310639183 0.115684573818245
0.18211376348681 0.980897893349236 0.0683659269790175
0.811557466918196 0.405089350962081 0.421042866732643
0.0329299324097496 0.751631036284226 -0.658761265441275
-0.117453514353379 0.405399983664638 0.906562477279284
-0.56051819660264 -0.821128408876696 0.107552254336907
-0.619429509385415 -0.654124663911452 -0.434082949406303
-0.302960524761005 -0.80602618660469 -0.508465049874657
0.790638984513757 -0.335101255996561 -0.512442332752264
-0.650434496265668 -0.502849632264572 0.569277799847325
-0.461958759374621 -0.740457859546737 -0.488176466938468
-0.202865765184225 0.661351768293394 0.722121402460431
-0.0479842779399955 0.0760563533434979 -0.995948261802121
0.474926610674212 0.243523511031266 -0.845660105508419
-0.558651237993983 0.749542688879122 -0.355097946819812
-0.0588286025748334 -0.207220333522657 0.976523900830825
-0.96233203394852 -0.157196963513334 -0.221824640422775
-0.843919818511726 -0.246986509213884 -0.476232090675833
-0.385228575228726 -0.121140278045588 0.914835492240153
0.331644679126017 -0.563867305873578 -0.75635009630083
0.27691214866782 0.449441277205643 -0.849306894040035
0.131633476138493 -0.760511184823337 0.635842249082507
0.254191970306963 0.193769287541962 0.947544144320962
-0.0787647626704378 0.925828480209381 -0.369645421173665
0.803108899418714 0.563982520900954 0.192197325144413
0.680109800646747 0.676713597572831 0.281974051863428
-0.885811332798414 -0.45663491706032 -0.0826004552482144
0.792236509477774 -0.561282986471214 -0.239421640935876
0.926612916913274 -0.183533983442252 0.32818253934555
