# command_history: dirgen -cart 0187 dir0187.txt -force  (version=3.0_RC3-1000-g3151ed7a-dirty)
0.211756218269072 -0.546749008089281 -0.810077049531567
-0.32699854505847 0.730835948150218 -0.599125002333416
0.120883751379094 -0.374685577842891 0.919237638703429
-0.859894726465077 0.0732836584483506 -0.505183694117275
-0.747874864098933 -0.617637663878679 0.243324688035329
-0.77659375748828 -0.627944304409051 0.0508732384507531
0.296833136928084 -0.304633561712164 0.905035072193335
0.923350453539657 -0.375002395759683 0.0824447883289658
-0.167983649820364 0.0648176299788702 0.98365652960622
0.767342963130297 -0.544412357873837 0.338821430149665
0.0535455524936098 0.83357809309876 -0.549800360598272
-0.369059371005763 -0.896125429472576 -0.246484067082279
-0.708978576367266 0.606466612825808 0.359927250676906
-0.471554168394072 0.865577676277961 0.168558454547438
0.437197374200863 -0.406166124417281 0.802426031088048
-0.755069730723949 0.655400242804166 -0.0178947890935703
0.387703268665847 0.459423891572838 0.799134446334212
-0.968667005128242 0.18190445682599 0.16910056700888
0.787221740379768 -0.446128708408862 -0.425735959259832
0.279829156574555 -0.374036029845298 -0.884190415865463
0.298291494150756 -0.925608444806857 -0.232961781027577
-0.177106551435728 -0.733636478406579 0.656056999802408
0.562712656973125 -0.438805718578274 -0.700574055346936
0.690376716744506 -0.412683856955821 0.594198639501256
0.678801306968101 0.222303334636569 0.699864281891753
0.295983732423851 0.604369830676312 -0.739682863062767
0.0142379287426924 -0.711605303402554 0.702435173916054
-0.956650502755815 -0.127665777468696 -0.261765667803019
-0.880352352582376 -0.470601279360651 -0.0592804450623857
-0.918270033398508 -0.331091456324243 0.217160294048878
-0.0356887217712765 -0.252063067186803 0.967052493559018
0.194855455628481 0.122817416650496 -0.973112138234395
0.785298866264553 0.428479825007382 0.44689006501068
0.651285983155678 0.547457576252621 0.525468143990239
0.25665507634048 -0.849803813332173 0.460392930695899
0.558176657070558 -0.691562726549725 -0.458453721490674
-0.885759087486803 0.23102700790343 -0.402563486364243
-0.42719143207406 -0.795516816676411 0.429721392005963
0.0577416089810376 0.432194435727949 -0.899929928560041
-0.406988679653022 -0.796500272228241 -0.447154929498297
0.459793118364007 0.562769815535438 -0.686935530473793
0.626995802090497 -0.772843968514812 -0.0979207051198655
-0.527809618988539 -0.161221495489562 -0.833921240582876
-0.00440027580752066 -0.99891031620882 0.0464630793685949
-0.696997392785096 -0.577046415322029 0.425690109134303
-0.863050450269281 -0.487071369366255 0.133811066185397
0.627881473728137 -0.772876313245882 0.0917990161844678
0.497619139324624 -0.604122390699437 -0.622423753750945
0.52262280948804 0.844541731020514 0.116681890487355
0.598572296298103 0.685439287565595 0.414589181197466
0.358329704242196 0.0850069928538869 0.929716964577736
-0.2841906862115 -0.764144316893441 -0.579067454473219
-0.832425519315702 0.533526168105478 -0.149725023755779
0.947038923324688 0.320086648501672 -0.0257257683847022
0.0713561513662955 0.937532444534181 0.340501417189346
0.541890674739001 0.344108421775507 0.766774993524228
-0.476897064321267 -0.841894772030325 0.252551742955311
-0.021314544427709 0.971210864696024 -0.237265982585455
-0.892119109014062 -0.0678549992215362 0.446675715046835
0.610086153007603 -0.314238593092187 0.727357541048299
0.686138689829566 0.306786761328695 -0.659617754000313
-0.890228718938784 -0.109236816500165 -0.442221828834264
-0.450319540001953 0.771879491475316 -0.448792115051319
0.652658642667772 -0.534599409675835 -0.536880030663565
0.606881323612819 -0.256319750401417 -0.752326554498848
-0.348522608005656 -0.00288026472570634 0.937295948878499
0.746342577167682 -0.642004104521282 -0.175509222790511
0.652713357351645 0.044911902057746 0.756272566068808
-0.494962523888952 0.0294589763899886 -0.868414802185875
0.465534992851623 -0.227203648962599 0.855368734715455
-0.379124321618421 0.58383974783551 -0.717910786661365
-0.135856026806662 0.795451077000474 -0.590593535419322
-0.338477991179707 -0.931464482140073 0.133441252986006
0.848924443420532 -0.0909190230878 -0.520635208763199
0.923553096706632 -0.135393012639301 -0.358773479638679
0.981034340725801 0.156185215783578 -0.114794602169836
0.660446677552786 -0.565110941644624 0.494428771152138
-0.374859458769308 0.871649449363467 -0.315765139930846
-0.357172619307261 0.923017605336144 -0.143060198017199
0.488035644959685 -0.132638197953011 -0.862686685704933
0.327849504122338 -0.111509881195915 0.938125923872915
-0.490158782302587 0.871247552569073 -0.0259243181982581
-0.00850036399166534 -0.0653911435585991 0.997823502507386
-0.249173124582052 -0.885598774152801 -0.391953524292197
-0.677964786027284 -0.391532119316469 -0.622146565087787
0.801513641383202 0.193396981508579 -0.565838749309386
0.740444738744121 0.580832602479545 0.338193844951368
0.17881547044675 0.00557374823800561 0.983866841020413
-0.709231128230518 0.364821733774979 0.60323818622024
0.740942999417519 -0.17965974778912 -0.64709029249288
-0.113413438400034 -0.919861387094254 0.375489574453561
-0.220140156826156 -0.305377565672915 0.926435563725961
0.988474036614292 -0.0394917303788514 0.146148835681752
0.513354344724286 0.0585125640478189 -0.856179652059805
0.451118379038846 -0.321779922994545 -0.832436117219207
0.707514172146061 -0.671355229058422 0.220694024904137
0.209094362714815 0.196210271904384 0.958008912630824
-0.184629089718392 -0.982802957978484 -0.00323187538427336
-0.236095385465413 -0.47347404267576 0.848576042481881
0.941885223421665 -0.0539880305954917 0.331568271178563
-0.0104728226254391 0.778040524294921 0.628126788587416
-0.775426125641939 0.249993870292375 -0.579842554913117
0.0974925395962058 -0.434380780191256 -0.895437626260768
-0.600400482897758 0.748532513181369 0.281457522277382
0.937487234833739 0.304428118204814 0.168645205594662
-0.0660646236522796 0.882169742934103 0.466274608094051
-0.393498051563803 -0.393936024748085 0.8306465504781
-0.759551684394888 -0.40275556161267 0.510753557327751
-0.236162380967419 -0.379573504695779 -0.894511757524049
0.298286594570387 0.899389863429951 -0.3195668647702
-0.527945150350824 -0.244529911949772 0.813313617482753
0.823592571748083 0.461497027300555 -0.329720744804038
-0.516639188321892 -0.802015767294762 -0.29975766562457
0.242621856688717 0.833799620864135 -0.495895983956056
0.837627624854967 -0.489272935292686 -0.242882598944235
0.395596180522828 -0.499378147782191 -0.770795126783621
-0.437722442615225 0.826878432049537 0.353087980314056
0.356110044554564 0.627136586117328 0.692737568290078
-0.99864736692949 0.0243642446039017 0.0459327781619827
-0.35911192129261 -0.931625295620624 -0.0557936962865482
-0.640193972137359 -0.750801914934906 0.16262891061883
0.200409936025169 -0.657033935649767 0.726733971234981
-0.661990999144126 -0.717309690530449 -0.21733551233812
0.897806915402318 -0.318965662119157 -0.303650537698622
-0.801259853754243 -0.262215006711292 -0.53779730105043
0.146146564898411 -0.686720825974543 -0.712078428785225
-0.103266497547131 -0.601082022029071 0.792487497237522
-0.0505116968455214 -0.303328705909129 -0.951546249350645
0.831480654573976 -0.274910164712241 -0.482767358473127
0.854294199036325 0.452031846170324 0.256609882001321
-0.136691409855197 0.251710446520187 0.958100886955234
-0.218557497288386 -0.563319736494825 -0.796808317510829
0.177312561124862 -0.979602446602186 0.0945478835212796
-0.598255802009872 -0.721783274695366 0.348021407001866
-0.52958875180824 0.813771842891458 -0.239397455448531
-0.627044741766506 -0.50752261851218 0.590961659942095
0.746950754930313 -0.0950444538594607 0.658051002202407
0.207791983929489 -0.794688808743746 -0.570343921394884
0.888245675274195 0.28638136885645 0.359173122503057
-0.11373432496219 0.950867070271746 0.287951936958622
0.987121655673945 0.141902109665868 0.0738554545846517
0.00178695326511248 0.616120534481896 0.787649854813527
0.364865172973487 0.716418234640773 -0.594658152744269
-0.784265886725824 -0.604242476570041 -0.140776590478174
-0.20421033134593 -0.958958936437599 -0.196712731662325
0.260563541533916 -0.48699880307301 0.833629897873606
-0.788875027668454 -0.0863862759103634 -0.608451807504451
-0.387790879274363 -0.274006692817183 -0.880078727298306
0.661327848913005 0.136882831980746 -0.737501570548178
0.527402416665729 0.515049438054943 0.675700205160866
-0.616848808331168 0.144770317243369 -0.773653089508258
0.15985449662824 0.969071531550762 -0.188007730281477
0.880973243087294 -0.387918498782623 0.270934278500326
0.318893132725323 -0.188697021078872 -0.928816776407807
0.328640823085476 -0.657857837860083 -0.677656457630087
-0.506464153196136 0.646408264662863 -0.570657880785735
0.0797572803950114 -0.552977230186474 0.829370218370112
-0.148817741970918 0.186759854575525 -0.971068502420713
0.951540643500853 -0.218113921506653 0.216787271330613
-0.32583928745307 0.944287473122622 0.0463673037362429
0.544980511430321 -0.496629784115599 0.67554059810676
0.257914609285103 -0.87516967839173 -0.40933859864546
0.0723321828388926 -0.902825533459899 0.423879831389286
0.661757293671322 0.749198796959359 0.0279006614161249
-0.148966309907233 -0.704896382931936 -0.693491260105054
0.0768489680017457 0.477044508797186 0.8755128626945
0.122085534061965 0.845411505905279 0.519975487937435
0.371622272407009 0.197428426337693 -0.907148776731178
0.607400318297195 -0.699524913342692 0.376470116935416
-0.769305992611415 -0.025132658432257 0.638385964141046
0.970456778002546 -0.00444708373857726 -0.241234047089418
0.939604979674192 0.164154928050729 -0.300325892603554
0.390887419819246 -0.756802471498331 -0.523886480223598
0.856172334222975 -0.514291733145128 -0.049728737464002
-0.536816539090895 -0.661553399866734 0.523617324468203
0.978822364435892 -0.203185556007442 0.0249481203716132
0.0293214463129671 0.988591688162952 0.14773871151882
-0.484010368604282 -0.668189407187595 -0.565028210982281
-0.199989597372047 0.938430128298869 -0.28169674340314
0.640797242279438 -0.059273830586153 -0.765418517737003
-0.928328103191672 0.35432841058336 0.112509156418588
0.149225593516666 -0.983946328884785 -0.0978843404930232
-0.508789879648943 -0.85817607605139 0.0683131089898115
0.548024075869299 0.408074713560676 -0.730167542705079
-0.01988729051941 -0.121609830858451 -0.99237873048266
0.864066366808277 0.28654920028406 -0.413858513948077
0.802657867935271 -0.395956992012012 0.446047539527353
