# command_history: dirgen -cart 0224 dir0224.txt -force  (version=3.0_RC3-1000-g3151ed7a-dirty)
-0.895724382958111 -0.364713533114975 0.254286980667715
-0.842350122720058 -0.508521160232839 -0.178472687963591
0.0445884944093049 0.302453809669164 -0.95212055916408
-0.841529703284891 -0.511735807658399 0.173072879589641
-0.0413662344748934 -0.948573776286808 -0.313841720595514
-0.753957052571897 -0.425203861538592 0.50074987669471
0.397536725116279 0.340026215704742 0.852259775430787
0.0977466253040197 -0.97417147727652 0.203557191232733
-0.806496318221316 -0.0525927187083429 -0.588895317212089
-0.608592302188985 -0.712854151784697 -0.348503038723668
-0.5262065186356 -0.8475682502537 -0.068809598947259
-0.455804390049634 -0.757626526847165 0.467166355626113
0.278325267969342 0.225091612833723 0.933739155782656
0.856734927595797 0.515752248092646 0.00220962096435572
-0.841799043118882 0.362668830933323 0.399807066062609
-0.000453811535519865 -0.586723097631674 -0.809787503460373
-0.0838185476690341 0.194963234550064 -0.977222486560983
-0.58880605545115 -0.363240105775998 0.72205543735914
-0.96645819548052 -0.039057650220087 -0.253836672582632
0.377089013763445 0.912635161368501 0.157800310306424
-0.262002456499587 0.706799808150486 0.657106341459751
-0.917687954707602 0.393834775545944 0.0523735367839014
0.513129568404668 -0.726775913186522 -0.456612327955276
-0.591288984454771 0.591631452812884 0.548041568592165
0.721929049470809 0.309367686584808 -0.618958869414873
-0.239460405264722 -0.689878238711675 0.683174011553815
-0.607721069428213 0.0903511041127792 -0.788994156986369
0.661340753676598 -0.3987736237963 0.635301506759457
-0.508862970620503 0.658033292041775 -0.555023119965233
-0.275167447707017 -0.431940278174648 0.85890073455133
-0.647091544459625 0.247627883023126 -0.721077641199852
0.643679570267845 0.369100751925122 0.670403793059162
0.651187733765138 -0.539546428348606 0.533707960452237
-0.645140361812473 0.761992522501754 -0.0562255210014566
-0.933377325480752 0.121694880576077 -0.337634601781235
0.715711249071472 -0.656991296210733 -0.236896274043927
-0.526197298304264 0.839524691697567 -0.135331797030108
0.59857095477051 0.523722636249128 0.606157910437028
0.538979307222849 0.659897570820668 0.523484959106333
-0.370080840156787 0.21517049456265 0.903737699788224
0.96488073952694 -0.256614852900826 0.0561602685235119
-0.762460767029353 0.150402654455287 0.629311226877302
0.85406522692856 0.173318397981855 0.490441965040178
0.374573159957705 0.267042366045585 -0.887909523868325
0.23825437443426 -0.331194413212536 -0.912986918701327
0.420045226592505 -0.864990157619049 0.274506893973583
-0.40309017708064 -0.670879923735891 0.62244552939934
-0.980687126084297 0.112212961185142 -0.160190549267376
0.06594933597451 0.434796702185494 0.898110523740336
-0.765337252058082 -0.27580521250846 -0.581541378893495
0.0671985948868856 0.680785628900237 -0.729393773162437
0.699751863704083 0.031630096808061 0.713685411241238
0.173703914775454 0.55249335548547 0.815216561495219
0.342260308976623 0.504021235734493 0.792982014189415
0.532246524090104 0.837750925644683 -0.122012393532294
-0.434065276538909 0.670049314278486 0.602180414940681
-0.0345959955978812 -0.942598716204338 0.332130662990523
-0.0065114795912392 0.873300698409883 -0.487138061323835
-0.167584069003078 -0.96928770974163 -0.179991431907734
-0.664345643959128 0.269128797782596 0.697290868688688
0.217721272513799 0.920186304059541 0.325353059484944
0.99441676780603 -0.103323060277709 -0.0214391492615173
-0.0199634183130889 -0.809064272035811 -0.587381022543647
-0.412282061762958 0.835848163817838 0.362465651601408
0.445427135422063 0.592399214471899 0.67131053747336
0.688143802181477 0.573988738753568 -0.443841227584042
0.21259619513678 0.289038994752504 -0.933412726143064
0.20759269350562 -0.0776331356347518 0.975129924602152
0.621270577693264 -0.773151980082164 -0.127510332866429
-0.0994066984466972 -0.144029053051627 0.984567895160603
-0.464074745525625 -0.776467944385359 -0.426300553491666
0.11794264100013 0.877404601691117 0.46502763182973
0.294174199523839 0.788123502394801 -0.540668923933549
0.669069173954299 0.184886546313728 -0.719835679482682
0.573363584500706 0.0966871523427061 0.813575930408687
-0.77208042382523 0.411047807753425 -0.48469734772016
-0.348717946643162 0.93422201047509 0.0750001922188033
0.678814180861377 0.586162424331902 0.442295060070587
-0.651449191184323 0.439183751227867 0.618653040049679
-0.163276046467044 0.812248280821784 0.559994341892977
-0.498290199217805 -0.814339421517442 0.297587271109029
-0.602980216443238 -0.70417526824227 0.374902720947704
0.356978147972172 -0.75890063705001 0.544643392464691
-0.240646797533419 0.581977470323413 -0.77678268703214
0.26753910239455 0.96234109438484 0.0481917705433905
-0.544896491698093 0.38087922815837 0.747006577543059
-0.197419021588712 -0.774175422652019 -0.601396828123098
-0.0926818712989372 0.389634405750351 -0.916294221627583
0.766315803226839 -0.32198328446999 -0.555955802422029
-0.637561100825679 0.105158070232808 0.763189113509136
0.906456858999175 -0.39988013401157 0.13576391713647
-0.731011208939055 -0.440630744206896 -0.521025104640015
0.812747603069155 0.464528072043479 -0.351646134613922
-0.576758343686453 0.760587079790793 0.298089092459576
-0.382818042581693 0.630591634623564 -0.675132976988017
-0.207338351628712 -0.934749944105797 0.288536566032969
-0.856721083729697 0.401408307569524 -0.323883243325713
-0.172164426384592 0.60663030602278 0.776117956307141
0.303408996709491 -0.920896472587921 -0.244729784641887
0.340027407536873 -0.786898306263216 -0.51494894671592
0.0625069006449848 -0.893592470746318 -0.444505774537575
0.924713667280223 0.371974140370019 -0.0808694778092904
0.339253791017383 0.859436113193712 -0.382461021045045
0.92282484558137 -0.229928876778262 -0.309074450579805
-0.52337475942963 0.228353625742444 0.820934517974641
0.797991695785024 0.489426705193125 0.351668528165293
0.739329978585177 0.613007232123639 -0.278591665577699
0.50087525635751 -0.526103434542943 -0.687269345839692
0.618660117479917 -0.665788846255173 0.417114937687372
0.376690244761586 0.901525262946606 -0.212971030355094
0.0711139868380777 0.983634677609964 -0.165546434208461
-0.531434237219489 0.522060455114981 -0.667106088052027
-0.336097486585756 -0.560187209555472 0.757118728972671
0.122098087951527 0.793493197205948 -0.596205168466748
-0.959830642722927 -0.065692081845125 0.272781391727784
-0.893046565520922 0.386206076607467 0.230895426985365
-0.518353510008279 -0.819842822235161 -0.243243469576436
0.922281387409884 0.193762617169171 0.334444450731437
0.324891564468728 -0.0471747407143967 -0.944573986078164
0.732694337495413 -0.487370028726789 -0.475004697767303
0.644572926921016 0.737168389215451 -0.202752331236839
-0.848377590663771 0.528743875903128 -0.0261797126506909
0.27101579148883 -0.477855519089821 -0.835586347207206
-0.746105997876558 0.662241435757361 0.0690081205268976
-0.734511141399375 -0.625541814627979 -0.263041482112847
0.0110417126886691 -0.988802557863281 -0.148820637493372
-0.0970197148168098 -0.447859226565415 0.888824666690284
0.729597317679762 0.0215827863221686 -0.683536346779795
-0.500718403738248 0.212368321032782 -0.839154798818155
-0.82100465414504 0.529132632579563 -0.214406191635421
0.183213506397662 -0.976569097742081 -0.112896449938389
0.372989569154366 0.872166092304945 0.316551873688281
-0.906374832253266 -0.025773850245252 -0.42168752898491
0.162337469367061 0.571485958440691 -0.804394396639251
0.324895546254336 0.0438505703193166 0.944732772537699
-0.915063005780423 -0.224377341571976 0.335133561496293
-0.292590737417788 -0.832531585305037 -0.47040601595515
0.196886321998599 -0.176279128390789 -0.964448777853779
0.404824886254728 -0.382192565504493 -0.83068986652176
0.103899194754666 -0.462861128466262 -0.880320698997968
-0.307282261807251 0.860986239245925 -0.405315071774761
0.837553112239699 0.286882554104784 -0.464976541696363
0.747618500389292 -0.118762607076004 0.653423309223185
-0.933424102717881 0.264928642003568 -0.241934410763464
0.017173457799777 -0.143480299460248 -0.989504156643112
-0.376167847684219 -0.723254197808177 -0.579138252683651
0.132222554638428 -0.950161404328189 -0.282330483246092
0.648588413097333 0.743623551378174 0.162348650230284
-0.0519636835656265 0.777893541715835 -0.626243892862107
0.993877880297781 0.0553901606575466 -0.0955964913431455
-0.276479001520917 -0.64995952145241 -0.707892634649741
0.833517673185811 -0.531783393397766 -0.149848960601227
-0.439338601974706 -0.405034890634368 0.801828117606085
-0.889640726125426 -0.0996113035170336 0.445664634709399
-0.589079647974873 -0.0580109705240274 0.805990009640728
-0.435929435983918 -0.0973418434832589 0.894701119005684
-0.378274096518302 0.331850636540561 -0.864166571287554
0.0960024766602415 -0.657668449844992 0.747165132051533
0.0621164039706288 -0.997687375075369 0.0275944554752813
-0.238818643285332 0.881426815108617 0.407495306999766
-0.3949368210069 0.486792761229719 -0.779139085803883
-0.701685412448024 0.665048129623808 -0.25563365827199
0.97680134352686 0.214117849198675 0.00356117096677565
-0.758645471890646 -0.644301303064512 0.0966068261003846
0.9632590971461 0.206754368983172 0.171419201583866
0.794161369091237 -0.518019995931022 -0.317746760264769
-0.0436500111950908 0.537292786645282 -0.842265479490651
0.224137244002875 -0.972458758489348 0.0639254166052345
-0.960280844914386 0.247004488407828 0.129805553027979
-0.867371886602791 0.2611898524658 -0.423610518401053
-0.183141089079246 0.832817829045154 -0.522373243108206
-0.748649791678097 0.544413332779177 -0.378335317559188
0.549947987306977 0.272644927986623 0.789444079400292
0.771420507980712 -0.268185520652396 0.577050193985917
-0.13850039942933 0.918420018268218 -0.3705702489436
-0.167996498549569 -0.87803429758316 0.448143892899069
0.240351668986318 0.96302972536742 -0.121675072526151
-0.63230266745602 -0.484733883819742 0.60433963845261
-0.528315829945232 -0.231776842213538 0.816799779164271
0.0993148486906519 0.691732357506614 0.715292182543536
-0.50544342386505 0.862215981483921 0.0333248637700647
-0.236835486392997 0.444429858315318 -0.863939264892399
0.110522668685166 0.271897371547954 0.955958450484132
-0.753948186096107 0.648904228702863 -0.102398411383834
-0.762995844108248 -0.641218440749715 -0.0817083417776045
-0.663453264818322 0.633887580981641 0.397512641407985
-0.0631039079814977 0.30690807466595 0.949644844403581
-0.379574804575563 0.919734697863165 -0.100055251126447
0.652800191424032 0.757346823389813 -0.0166643085097041
0.924943993899127 0.368937720239563 0.0914525381515768
0.553449777833489 0.632023567577758 -0.542438525035182
-0.687525484772012 -0.194456060972105 -0.699639584457757
0.995518131700354 0.0493683780564324 0.080662337580271
0.474508917778748 -0.774551910028858 0.418223176807657
-0.796601885103894 -0.153346295386873 0.584731006822834
-0.840321913735946 -0.337597471863055 -0.424130909374488
0.96233432384232 0.215513400573535 -0.165730574512296
-0.974605793058928 0.0925176090914394 0.203921651974433
0.468113948656988 -0.860607063470753 -0.200561245949983
0.405867489261571 0.913178079790105 -0.0371130132347781
-0.35475887673164 0.576560828506633 0.736018851940526
0.230066007291111 -0.27151278833561 0.934532202794183
0.159035995023052 0.100166626707081 0.982178292969842
-0.500903456768123 -0.441675774892195 -0.744324013364559
-0.484714867935585 0.0696562404521202 0.871894205146625
-0.492704086560731 -0.530156678757039 0.690055489838072
-0.529300859063757 0.371557570105434 -0.762748695634227
-0.434668491890489 -0.166112101799349 -0.885138447811104
-0.229358645119944 0.721332226383037 -0.653509319818804
-0.102790802432044 -0.994669444989949 -0.00816983101192607
0.579259177750481 -0.768416659718737 0.272019561904168
-0.851689690612361 0.1101663691431 -0.512335868366102
0.0329947299159165 -0.0242819231907189 0.999160515634968
0.856748666386135 -0.196777998473293 -0.476718094855255
0.921891030474976 -0.0668544896794309 -0.381637793122602
0.838251376950821 -0.0263134851816383 -0.54464872123016
0.23463215256485 0.394107262995958 0.888609710861084
0.470216441125329 -0.0271792725917391 0.882132521584379
-0.0774019249514414 0.718073246341335 0.69165002342415
0.356154680990614 -0.151018634669108 0.922142730379171
0.26245367684794 -0.934463812301183 0.24061473564297
0.273570530762682 0.121613607525185 -0.954132745042814
0.150077450412431 -0.016424429552016 -0.988537807568125
-0.896522780885291 -0.358186384936075 -0.260671089689918
