# command_history: dirgen -cart 0263 dir0263.txt -force  (version=3.0_RC3-1000-g3151ed7a-dirty)
-0.686096098563694 0.332616443179453 -0.647022754825769
0.306557413491854 0.377297370241467 0.873881712042344
-0.341268188703723 -0.0563931322157373 -0.938272795096276
-0.173338696336501 -0.777704310964249 -0.604259630506611
-0.322262949786447 -0.269454057016058 0.907491654150343
-0.588558790824192 -0.737461045073966 0.331285008326634
-0.899906981253144 -0.362546510165829 -0.242337477618365
0.367446346854958 -0.916846417528863 -0.156127604373592
-0.447392785086344 0.515028623336297 -0.731153344379278
0.636487387335488 -0.766431063456663 -0.0864131398083181
-0.247451468423556 0.70429296019673 0.665386501961343
0.781499145812585 -0.37629096307384 0.497658714585771
0.0385583801614575 0.997407131320814 0.0607640165699228
0.0923152591153037 0.867027713531739 0.489633369882403
0.707714777448196 -0.704276790395541 0.0559821068878713
-0.151293823641552 0.554378556776657 0.818397577412195
0.465084389621563 -0.842392734356149 -0.272159864113557
0.762999795416304 -0.347393143864329 -0.545114039253013
0.91046112926138 -0.0806717472853795 0.405650836673631
0.161998922656729 -0.802846643925757 -0.57375396765095
0.41416302007771 -0.207380265657248 -0.886263176610672
-0.181294917135313 -0.912738228253357 0.366116210656975
-0.432180195383328 -0.457609117620875 -0.777054807712218
-0.535308359194442 0.803673887580007 -0.25991006713591
0.994683290835037 -0.0582480987176275 0.0849253197189346
0.674421469815911 -0.474495674238818 0.56569385375837
-0.601895244811311 0.760382913014745 0.24400807336796
0.598683095051846 0.785874890035716 -0.154852216356414
0.141335573372179 -0.643356658009477 0.752407114728744
-0.644380640072971 -0.706713507095917 -0.292112323580055
-0.126218433477537 0.256706096940748 0.958212339121097
-0.549356693848458 0.738557714210061 0.390819300578542
0.465125907982373 0.225376290555947 -0.856074422803774
-0.812360163502869 -0.335437401625075 0.477024857155904
0.878320628343683 -0.466057032466114 0.106506883884739
0.78844130254898 0.156619625252186 0.594836620779801
0.982906011988642 0.117075840239687 -0.142088068565785
0.914823688025426 -0.34886348102789 0.203449972800836
-0.507070983986999 -0.0600320599691856 0.859811124011729
0.0806073226319361 0.0564168710147476 -0.995148027281879
-0.717650724099723 0.623327778029706 -0.310547773032899
0.769283190868191 -0.195882331365912 -0.608139362733831
0.481224388396228 -0.349078326293598 0.80409415501217
-0.94285437085092 -0.138326866509608 0.303135800209988
-0.287439207001767 0.452497314443416 0.84417112169257
-0.404806395558859 0.814336260004191 0.415918547022167
-0.713965078697116 -0.697549881676454 0.0606467556773335
0.780971075178716 0.31295351668055 0.540503724438118
0.925536914774446 0.368967850107134 0.0851125430070082
0.977453220981603 0.0788066375331989 0.195894651977535
-0.922669694515639 0.12181033465184 0.365845428008093
0.508587786280128 -0.69174954672784 0.51266073406153
-0.0287753527978858 0.848746503486159 -0.528016431459644
0.783515805932357 -0.237798723671156 0.574068592482238
0.837338495665099 0.426613717896813 -0.341855202358495
0.274452793151564 -0.961334492765251 -0.0226198441878561
-0.629990388549368 -0.550130321662107 0.548150289175663
0.291795408857809 0.827535125726096 -0.479625953279218
0.10567892320865 -0.101577493181503 -0.989198654501927
-0.192535142499207 -0.128143936785321 -0.972887121082384
0.716202784143968 -0.653729252277151 -0.244318719507094
-0.596639936924858 0.711835223099388 -0.370555530010479
0.169812292114951 0.306133924457022 -0.936720772558829
0.0784249205977798 -0.122656623789926 0.989345685021009
0.141016788991366 -0.407678647304767 -0.9021709293445
-0.636807271364089 -0.00832546417088594 0.770978070884097
0.292702425492826 -0.860692236231439 0.416574320621833
-0.75205811804668 -0.459889019692171 -0.472134172292856
0.469710588792814 -0.871375811926939 0.141690356639316
0.967441972094512 -0.157339971459019 -0.198242689678983
0.0276195596466232 0.66821801838568 -0.743452648007687
-0.0527022442459088 0.978579429634166 0.199009480548831
-0.156891416640171 -0.435037840121828 -0.886638122937862
-0.002329088194422 0.798238345428617 0.602337213889004
0.929077140951008 0.216647065454673 0.299799458292005
0.236399095864587 0.428446922171176 -0.872094434311131
0.427601472197987 -0.903964853878335 -0.00212695247595684
0.30942434267636 -0.900482832055485 -0.305593267813015
0.895354351434167 -0.440569996673509 -0.0651050182321352
0.101265473799863 -0.70326064085413 -0.703683007355959
-0.689195238864214 -0.278271795430024 -0.66901026195048
-0.688584713043142 -0.714828491898596 -0.121948022260605
0.401793298473954 0.727734854584718 -0.555845416212079
-0.240204964823026 -0.660144680629399 -0.71169556378488
0.305731604614204 -0.592751392900712 0.745099974603603
-0.460501503045412 -0.147983011181996 -0.875236764592545
0.000840972552901596 0.483133694349099 0.875546187330946
0.409344372325237 -0.65270060939693 0.637510077832919
0.266719056773242 0.935364550591936 0.232280223544618
0.832778442165184 -0.383972297530557 -0.398804890885299
0.660319287813826 0.289985006514421 -0.692738864318924
0.707063097460502 0.397246620529279 -0.585027263200295
0.484267078403808 0.872171074710071 0.0693037748850636
-0.569921644723675 -0.800693645556801 -0.184604996791585
-0.241259623839349 0.00352977426279062 0.970454189850582
-0.383971940699949 0.879187490792395 -0.282125689701041
-0.972962324574305 -0.229889819868887 0.0222482736322606
0.234961174655141 -0.354536481249581 0.905039849878359
0.332724437517461 -0.76798196061569 -0.547264247733734
0.661248690195458 -0.150305871003775 -0.734954634556846
0.567311931001474 0.379151867257339 0.731027382865137
-0.0737387332350857 -0.968740507845627 0.236863732301678
-0.913130089570087 0.269065479791421 0.3062632970278
-0.0714322503380267 0.881065684840164 0.467568917496425
0.696883829235121 0.680909072918865 -0.225201605161611
0.349011884816885 -0.437711231192302 0.828613047413981
0.0196191899906042 0.93718287925021 0.348286287735247
0.0840061523661929 -0.75529370543183 0.649980295778021
0.390734174081197 0.391946732462102 -0.832889286830709
-0.550189657922556 0.568418376786055 -0.611712260173823
-0.776248216591655 -0.5605372282205 0.288507750358902
-0.828187745855205 0.0914069854701409 -0.552946489836527
-0.0800519573346455 0.962997544795271 -0.257346872615877
0.926378024364098 0.369173747841396 -0.0743942193991458
-0.488913802910477 -0.654782938569738 -0.57638754035943
0.745745070863479 -0.659551354052991 -0.0941079202282747
-0.606760764592174 0.599827282273972 0.52158278920162
0.51457258626916 -0.849568432620269 -0.115967804822751
-0.034345019923307 -0.191632105937677 -0.980865717404966
-0.182188730487961 -0.912708336307189 -0.365746851413036
0.139025981749179 0.574246698187402 0.806791488564142
0.786743033822911 -0.524391407140954 -0.325651732450254
0.393751486401562 -0.0513970902626652 -0.91777889824788
-0.822886434797308 -0.0718137669839347 0.56364944628568
0.821130173619611 -0.570679661098748 0.00836435171696126
-0.968964407014706 0.204059333026494 -0.139526938414854
-0.213081481333005 0.0343881547295984 -0.976429074294301
-0.602208419997286 0.252690571078649 -0.757292872125652
-0.995757127652509 -0.0868498374031507 -0.0304113214489393
-0.0796543903402178 -0.705009626748654 -0.704710298130553
0.0799425918491194 -0.286698371870167 0.954679645522748
0.824381880847143 -0.540665987002963 -0.167555378991657
-0.870878483115638 -0.181310707798277 0.45683377161052
-0.335976358629925 -0.879285965650575 0.337603431634975
0.744142846477577 0.490063455030109 -0.453970521157709
-0.57514216941081 -0.688056890252029 -0.442480734882474
-0.424669671612397 0.357866502984451 0.831617241316159
0.96717433389494 -0.00968908592553008 -0.25392898508994
-0.932402031616145 -0.0679077585785117 -0.35498589797755
-0.829251152642911 0.494077696257192 -0.261208261549266
-0.241123002589955 0.862275142079312 0.445355225605479
0.369839670417089 -0.270192637128134 0.888940131295423
0.869887854740663 0.198305813682253 0.451630296187609
0.449529674780664 0.790985863723388 -0.415047509185824
0.447682705458381 0.30863223573068 0.839241525605917
-0.0138670746246814 0.613457614550008 0.789605888650767
0.669194943507213 -0.63420567132709 -0.38724836221853
-0.0146821397090148 0.995113846507134 -0.0976364033715929
0.476917285057347 -0.0229452421912038 0.878648632318014
0.335846433489482 0.725483788984549 0.600733256140375
0.36526159482952 0.108187093176971 -0.924596950142338
0.528389882644038 -0.551484700827723 -0.645498843277334
-0.880024809458586 0.409942026716665 0.239799644430122
0.668591435596636 -0.30343513328373 -0.678905451543817
0.0289511041029093 -0.552592824920067 0.832948379803985
0.866877544655636 -0.230402829666094 0.442083542617991
0.813600931859068 0.486150700164933 0.318921652459036
0.477495949424832 0.874875562044741 -0.0811810890526603
-0.135029263983054 0.903311936280139 -0.407178884081704
0.995652977595819 -0.0332992755407027 -0.0869845184676157
0.447238562365457 0.504536416475444 -0.738526013613195
0.306563598444854 0.950322954523679 -0.0538984435204657
0.58167464405098 -0.811295184234339 0.058776972585654
0.787414530828518 0.613999910025467 0.0546119687323487
-0.644752239139667 0.600974323010483 -0.472360469563739
-0.249637157091306 0.716108998251969 -0.651819907966864
-0.0816536539759846 -0.769102414099717 0.633888126894925
-0.280206359771449 0.307956213422295 0.909201499425862
0.620606885282728 -0.0787500912272311 0.78015736686349
-0.853955430519507 0.235699079996591 0.463903078643593
0.57396597373615 -0.426186272911557 0.699234096547694
0.264158528850205 -0.157562384582398 -0.951522131429639
0.212302249275154 -0.960706604250094 -0.178803175315664
0.506366141531483 0.792714867335137 0.339406054478047
-0.222563882788146 0.200587163025479 -0.954059803213433
0.597389914941096 0.174569828129829 -0.78272004230976
0.584636320537686 0.454801940076572 -0.6718300142229
-0.654741409327832 0.728959142188795 -0.199830568058995
-0.712043455534322 0.154687509533048 -0.684883852799294
-0.172775614895023 -0.285842143813483 -0.942572467090865
0.225548921751384 0.950704790853374 -0.212809972851911
-0.752950927933142 0.0404658059013192 0.656831347209752
0.92956440526665 -0.217408618048544 0.297730598460223
0.212757758875367 0.151623492737671 -0.965269108843933
-0.347793340319888 -0.864522176284539 -0.362823923055493
-0.170657797085545 0.978392555950082 -0.116721560799088
-0.758750030951176 -0.61055532156381 -0.226981474666332
0.534300591882325 -0.10112641280143 -0.83922364489337
0.372960431599678 0.908866692885544 -0.186713285612664
-0.629932871620287 -0.565112286324106 -0.532759496487637
-0.0159831160178481 -0.341692407496554 -0.939675922146337
0.296019314421632 0.542157832685494 -0.786407941177552
0.943432101677575 0.270175439346133 -0.192200680275481
-0.425179321139996 -0.769794781943578 -0.476065687240082
0.547467548945567 0.680859819372667 -0.48652768597003
-0.322198571385476 0.937285841949068 -0.132978686559108
0.550611685509436 -0.256019072684212 -0.794531941587231
-0.759908470100918 0.504974255463174 -0.409316648071263
0.108245991877713 0.970002061492634 0.217666731363456
-0.482856185870357 0.699411286777524 0.526947583441598
0.133378307245273 0.851509570615076 -0.507091390488258
-0.0561886394625943 -0.0361644366931488 -0.997764987516604
0.349405066861267 0.643927778886077 -0.680641693426517
-0.0234650062994468 -0.920809212043087 0.389306805098442
0.860439204558328 0.0490236063019363 0.507189374183041
0.498076515461661 -0.177609746824561 0.848748821842178
-0.866738884152632 -0.498600290065174 0.0127065906038738
0.0610566433883257 0.411092901142795 -0.909546432530056
0.0912523384187623 -0.427257181884389 0.899513374698408
-0.859275039836259 0.368367330754881 -0.354897049222616
-0.689187338668524 -0.121783069393427 -0.714275644431555
0.497530894895702 0.603102758542208 -0.623482214071148
0.585806690195511 0.0649699302341539 0.807842453630378
-0.283499646166554 0.589948487840897 0.756034875067068
0.146488932496776 -0.933074915422426 -0.32849991608125
0.537146175431405 0.523095145087252 0.661698915977321
-0.187540141569034 -0.658666366001192 0.72868876318978
-0.191474659619135 0.819650535072353 -0.539917081670271
-0.874070378498984 -0.444905655035865 0.195089547510242
0.393152120279559 0.599287228976977 0.697342259944701
0.550635509686779 -0.405634550496454 -0.729562298173036
0.532161340685022 0.344543685722236 -0.773365344523051
0.577595294292082 0.228441433124854 0.783707973446428
0.982872993274767 -0.18196864961509 -0.0291219787851029
0.241536060386455 0.75389681682171 -0.610982750263118
-0.896767407576879 -0.288209446410299 0.335773036004549
-0.35493495337748 0.112451687756499 -0.92810333303552
-0.849711467901806 0.0839613341222698 0.520519851387598
0.263135368317305 0.831370289963424 0.489472388298512
0.674048785673028 0.622772315139652 -0.397256690350603
-0.943582823372578 0.30224363249728 0.13527838722828
0.668796644044834 0.427062418552074 0.608546415300281
0.194916785462874 0.977639201033737 0.0789242633601091
-0.347386505655413 -0.933342682681739 -0.0905210051478431
-0.773667375667162 -0.231804555442861 0.589665532233506
0.652803187434311 -0.452808672844438 -0.607299188433891
0.425594387529138 0.876287764749946 0.225807817963065
-0.944258740394607 0.327189586141849 -0.0363648994047248
-0.322007973448192 -0.221622742358153 -0.920431542867497
-0.401302598935299 0.644647063788301 0.650681479094724
-0.852707270716041 -0.498381278539536 -0.156545238411449
0.450390565426532 -0.795669269449864 0.405041667273736
-0.705920618106773 -0.592155775422186 -0.388622720084532
-0.203856510731152 0.514028277234725 -0.833197127476818
-0.118688705566284 0.992060335260371 0.041584641083941
0.129200873960973 0.544058904134717 -0.829039831973984
0.233011747080412 -0.933124109180841 0.273833749906756
-0.963921446103559 -0.225454435018435 -0.141512343886112
-0.750257129911818 0.00369022856157514 -0.661135856862752
0.965932857888923 -0.0687040731020211 0.249506441579631
0.850821852375835 0.346264058403642 0.395225729650274
-0.488210179040948 -0.833223337174455 0.259595245466225
-0.778398925998705 0.6065431759921 -0.161865646946716
0.420358361015159 -0.503320984080773 -0.754961479354153
0.80270434521035 0.58215262149792 -0.129476096108597
0.717067140748005 0.120516736599206 -0.686505959084813
-0.288382973936737 -0.522382002773308 -0.802466387783283
-0.729056125176184 0.495490685262835 0.472192913077753
0.053665910654687 0.217693726468478 -0.97454061561839
-0.144267540111666 -0.986604786857471 0.0761437549642387
-0.908058124816459 -0.028074848294529 0.417902195313756
0.354047019546624 -0.766735193978921 0.535507096371522
0.607810904547503 0.794045816294682 0.00755949324090238
