# command_history: dirgen -cart 0180 dir0180.txt -force  (version=3.0_RC3-1000-g3151ed7a-dirty)
-0.34869095537071 0.102848863014258 -0.931577548580544
-0.584970920947966 -0.781980395069173 -0.215210788235042
0.824830525753324 -0.528650013067716 0.200458892217331
-0.275708616168437 0.712353961300508 0.645396461711683
0.00535111942099027 -0.0239596969696961 0.999698603801197
0.243890584044472 0.944836555226607 0.218635008454649
-0.795638971960421 -0.128837143958001 -0.591911831808176
-0.0394373125999284 0.998641064781504 0.0340693719777698
-0.444932823587296 -0.503712958410562 0.740478249527909
-0.537967794741497 -0.377757659356625 -0.753584635338576
0.945091334089457 0.240939901185717 0.220794778574194
-0.468186252363158 -0.640344934892999 0.60890064662063
0.782560919160917 0.319540811069097 0.534314586983477
-0.422991308647866 -0.879853229267503 -0.216648673561397
-0.522362133521058 0.533433466459233 -0.665271777790562
0.79870312281896 0.084281237365639 -0.59579358390919
0.587687492471813 -0.346814852240909 0.730987598702816
0.0473697113676321 0.165936677899928 0.984998035212499
-0.61028713316605 0.13239788252203 0.78103803735519
-0.363070210781191 0.556730531842258 0.747148671254883
0.612865358037719 0.521493717116715 -0.59366687285471
-0.919375798671469 -0.34889808543845 0.181709291987457
0.0396139075614633 0.842805257802394 0.536758824564954
0.611914034742189 -0.75276221644094 -0.242714358010519
0.269867603602018 -0.745250689764976 0.609731814760335
-0.91215407840388 0.146926651038556 0.382606189790186
0.386905201363931 0.0918600386770252 0.917532614380432
0.0535066269277122 0.975067922713058 0.215359204518548
0.691415228100861 0.667076051128362 -0.277406784994933
-0.0519225437320877 0.924104829806116 0.378595183515849
0.311379342862838 0.740330935078512 -0.595779331131992
0.161303128047705 -0.861730337473719 0.481042748993742
-0.0394106156975373 -0.208622109027165 0.977201933581488
0.601725517645249 0.628419566445543 0.492965769524572
-0.281721602156067 0.250472769747034 0.926226932502974
0.676635825681875 0.0504586430869319 0.734586880322289
-0.237727355768099 0.971081091668251 0.0220730089454513
0.45362832353147 -0.195692403483589 -0.869439950375438
0.839986696402364 -0.542145052959869 -0.0223850713240868
0.244209490833852 -0.477836724434263 0.84382094627273
-0.828691557260494 0.510787299640833 0.22883757875577
-0.0981386294125033 0.300395640641431 0.948752480102508
-0.50164690447787 -0.572266729855259 -0.648738139104322
-0.156852454247084 -0.986823313973351 -0.0397121466974426
0.418421529552182 0.722793614038711 0.549993468244916
0.346075678791355 0.937402052979898 0.0388460502261793
-0.312913446185108 0.938901626869227 -0.143348910909286
-0.436183548364871 0.859912337585116 -0.265131446276618
-0.243428181579907 -0.269335674720135 0.931773048942579
-0.75824592225687 0.527695085764965 -0.382885123555793
-0.0806376265521587 0.74744607464844 0.659410296156098
-0.739750218190847 0.659825796538512 0.13190728906665
0.146233143630658 -0.108008694506274 -0.983336152907512
-0.591940735867759 -0.668037386901579 0.450923735150464
0.954311369258236 0.298651683093441 0.00984797897669008
0.0902117635192533 0.35704856452596 0.929719398685807
-0.880450633900644 0.362936189059105 -0.305096712429367
-0.0880068061796604 -0.382416300661846 0.919789418863994
-0.738209159034066 -0.38514004713051 0.553818004054152
0.298726357990771 0.436029446502855 -0.848905698428267
-0.34894918228414 -0.886391679057839 0.304210879950497
0.462158585422609 -0.65509622506887 -0.597710948386165
0.779035578865817 -0.461693984232909 -0.424195982753661
0.631193685041015 -0.775377853487534 -0.0195886774798077
-0.902054384481979 -0.0467729436066864 0.429080620843222
0.350926171708172 -0.597750930961388 0.720794455129228
-0.635489837447356 0.567664256175714 0.523364078593102
-0.132406202946464 -0.726525090202253 -0.674262479104323
0.68329995013656 0.726721256986563 0.0705506398783551
0.764219304492675 0.638430373796836 -0.0915178258830801
0.141324944374555 -0.968835782624093 -0.203431773341067
0.423600521259477 -0.420231991928812 0.802475963096866
-0.148219831087551 -0.909677179008167 -0.387966895062094
-0.412436064415244 0.385248837133278 0.825517913952884
0.974930425394359 -0.222270317316542 -0.0103233560617382
0.536540156013173 0.792012892726797 -0.291273477577158
0.0393659109756473 0.874087906738758 -0.484170069651269
0.803274928959826 0.526716705725516 0.27806276344424
-0.177197592684017 -0.553032420693544 -0.814098369245897
0.821276791849774 0.519603401983728 -0.235619896901514
-0.619962711864986 0.614187735690762 -0.488282358092187
-0.260531467593149 -0.400733651854618 -0.878371159968849
-0.035239575428991 0.479868624022151 0.876632349393217
0.935889018142183 -0.137226061581344 0.324469958152883
-0.523281655331586 0.0285159251024541 -0.851682541331561
0.673552766335142 -0.455003783113425 0.582493114392565
0.695198705139752 -0.396428702006583 -0.599619082916303
-0.732387561105357 0.262730058447324 -0.628157127418302
0.0391866723977038 0.664189531501549 -0.74653644984699
-0.95793146300394 -0.0571089625506092 -0.281257672932712
-0.440597675017886 0.838706157823054 0.320071350793106
0.123180138511839 -0.980978046345173 0.150029084063764
-0.732239119560455 -0.53420684438652 0.422432147446104
-0.62212231692297 -0.774135383453191 0.116953969031312
0.705777016681412 0.232267773886319 -0.669276089471437
-0.456603567087661 0.888567600935124 -0.0442809337212203
0.961602552962509 -0.189237528910586 -0.198770439924553
0.68433850105959 0.660498566971036 0.308905258933418
0.385939212260276 0.496143647436924 0.777748291896487
-0.67772278918227 -0.254759645871379 -0.689774850120309
-0.508565717939455 -0.00733767401679116 0.860991909994949
0.410684877485746 0.286455373646249 0.865610333991979
-0.24155635032136 -0.804435341377321 -0.542710153915125
0.967627189053239 0.00440293994972648 -0.252345471773768
0.0716406088819654 -0.775790130999536 0.626910915364173
0.740769300203998 -0.665520382710671 0.0913425644041182
0.511709250149003 0.765895365364257 0.389304421533452
-0.579527450460992 0.321676533711979 0.748780436323779
-0.888718948776288 -0.186348053724903 -0.418871141234283
-0.362622305842388 0.792316280269134 0.490652601466691
-0.63980461681757 0.147430753925374 -0.754264028769713
-0.301740738426382 0.294800060168776 -0.906667221916833
0.551641741698181 0.169874596519527 0.816599051109861
-0.253802610500838 0.901021968462017 0.351772152467748
0.0670320579562994 0.987850803228019 -0.140205184525755
-0.979515733139555 -0.158327412545182 0.124424109274803
-0.997464731192759 0.0321475944817354 0.063487338860547
-0.0438673386435822 0.945037936709431 -0.324004559814073
0.500142759524767 -0.856091566526482 -0.130247648029384
0.168944819057728 -0.839600266635026 -0.516264506217447
-0.143916207085084 -0.539110804164777 0.82984797774716
0.307482958428093 0.652206085538242 0.692879103641603
-0.454597156573165 0.689414664824724 -0.563958194514635
0.885167411137586 0.000506528170724359 0.465272390852065
0.278531989477444 0.620988357136321 -0.732661853203011
0.9518655672306 -0.249101859290118 0.178606286616609
0.918646911305455 -0.377364234172396 -0.116979002886969
0.339694300186839 0.856246393069173 0.389165641824409
-0.442820955138578 -0.313622248318413 0.839970646540616
-0.989162841494418 0.0652438626935513 -0.131529887810774
-0.15877192881457 0.162732032533061 -0.973811973744501
-0.150404168970339 -0.938871899081431 0.309674253162204
-0.824826603483098 0.0932311636891428 0.557645966813807
-0.648344018407044 -0.448630853796068 -0.615126321025217
0.855859596121856 -0.194411321895386 0.479279239739239
-0.240677265167885 0.916877353368694 -0.318449953542039
-0.910830193360763 0.404214043664911 -0.0836622122971686
-0.928997404129991 -0.201797332629472 0.310228399189
-0.800670376674168 0.368926846765216 -0.472038059537916
0.012598214102295 0.628241232724504 0.777916601253777
0.359701373582051 -0.818840793101803 0.447341790352295
-0.431351402106521 -0.781209694784193 0.451273066641393
0.523431252153846 0.851207134348567 0.038290190685833
-0.586657090177874 0.79204990689523 -0.168791005481001
0.479557302621446 -0.227288904236059 0.847563889930201
-0.847123891624187 -0.382597222334705 0.368782425965855
-0.798856600822479 -0.592181865386123 -0.105587734278972
-0.5733612057303 -0.176507224069141 0.800063827213119
-0.876064607542484 -0.480368026120154 0.0419209123572018
0.990039275733613 0.118572836269024 0.0759125483960512
-0.163249087823849 0.643393377935861 -0.747926932629761
0.260198437115278 0.955649886533242 -0.137949511386477
0.536808543678081 -0.495366901567523 -0.682970145954866
-0.780047767248566 0.0704311815291955 -0.621743459538522
0.384410366838025 0.142394655879981 -0.912114264686326
-0.888634052314733 0.337387676923196 0.310643004954346
0.236068562130172 0.213964083585147 0.947887654160218
0.0541001458759974 -0.516757669976786 0.854420671997325
0.131601030563749 0.767966251777848 -0.626824540748719
-0.861953574191349 -0.362253988067324 -0.354694353025357
-0.233091466352077 -0.85580383696827 0.461809658781869
0.447402496693177 0.883885369265391 -0.13629988976993
0.111032604633229 -0.345448508545116 0.931846064890718
-0.686636854074585 -0.0231829336272392 0.726630843148701
0.8220323984257 -0.284220597332761 -0.493438332510052
0.725027481226623 -0.206586674215363 -0.657006162454215
0.840234964215493 0.234748732166264 -0.488772173569774
-0.200391538265645 -0.0255386864212527 -0.979382972532913
-0.686120942856397 0.670637432728669 -0.281928156800539
0.539323405504572 -0.75047803162592 0.381985586536764
0.193614848891602 0.0844962349334033 -0.977432185151871
-0.230667582960158 0.436534185338776 0.869615070707684
0.333168867480862 -0.0518300593824784 -0.941441528022813
-0.89729442749026 -0.41543243367102 -0.149260187086513
0.548406805495783 -0.716511963685164 -0.431115508398781
0.335221747373091 -0.927073437442192 -0.167813055741354
-0.587283391330087 -0.3735663361231 0.718015606225516
-0.737460070816621 -0.499428422488031 -0.454668994722821
-0.707186695594813 0.619727917664159 0.340329671996633
0.179018890352926 -0.601905031473761 -0.778243258874356
