# command_history: dirgen -cart 0248 dir0248.txt -force  (version=3.0_RC3-1000-g3151ed7a-dirty)
0.642160854846479 -0.701523408229642 0.309021591816342
-0.166478542724919 0.125925674354043 -0.977971175112369
0.426717817900298 -0.885468799524866 0.184002469968205
-0.120985370428838 -0.177849165739396 -0.976592143316747
0.0368228301920289 0.81007906607159 -0.585163213034816
-0.141647718677265 0.785932227577967 -0.601869136480565
-0.482708574847089 -0.759186479982083 -0.436610032387607
0.356737121372072 0.732196389811992 -0.580195719547683
-0.740158567172605 -0.299550974228958 0.602025339399828
0.105853063129516 0.881915935725821 -0.459368491887448
0.994427268742427 -0.0999932631300795 -0.0334029117005718
-0.773958919912969 -0.107910825006039 -0.623973432233831
-0.965617200160859 0.210762580525997 0.15219250114091
0.619273068247252 -0.597460114173428 -0.509452921196364
0.862327642489331 -0.441396265553349 0.248113630730659
0.765200046831784 0.496878686452484 -0.409365923444893
0.316779879293018 -0.0811591748314209 -0.945020474072273
-0.733025803400796 -0.60996359276443 0.301027551979095
-0.790440558392298 0.195422999878248 0.58052870279346
0.704169868767244 0.638853398054255 0.309856630903479
0.608194303319964 0.653873934928739 0.450053959687003
0.935138914838568 0.094992925164777 0.34130859075503
0.486646867702583 0.658553323814574 0.574005527715579
-0.165519048838987 0.342822371723237 0.924703339410804
-0.274954488914779 0.955055218026823 0.110768043881576
0.834334133822793 0.221048950322329 -0.504998925443972
-0.632367372586279 -0.726077476444172 0.270042597174573
-0.880384029808576 -0.451179456941026 -0.146154225708369
-0.826722406947736 0.0470158902310569 -0.560642103231931
0.416320028745181 0.895202614519475 -0.159028024646944
0.681259042756752 -0.293231671377936 -0.670746825235168
-0.282793563394764 -0.65198232651188 0.703524588353988
0.303937386120187 0.368706929164693 0.878451629689632
-0.636849322825301 -0.770951516542069 -0.0075298843576589
-0.186685672608724 0.981580744896407 -0.0405918820854895
0.112870010266885 -0.632236076290949 -0.76651021168578
-0.789021307946096 0.0354385197323855 0.613342878760493
0.8438139774747 0.460919420486724 -0.274829509399025
0.718303996566231 0.529204694146601 0.451643399387374
-0.190175331494057 -0.834120569217853 -0.517760774198675
-0.401884399531724 -0.907080223921111 -0.1252772796011
-0.577613212923023 0.795795195388079 -0.181859790096631
-0.85631999688288 0.513633777100808 0.0538182678991176
-0.803229612577968 -0.510862449698626 -0.306336003378261
0.401893625049848 -0.796590804606797 0.4515801193146
-0.0804669982918663 -0.979001187412913 0.187301193883018
0.503515048955546 -0.863226488969853 0.0362301561696238
0.941942238514996 0.284934255462898 0.177643714679588
0.0495896515255455 0.466219731011319 -0.883278002034075
-0.514499509482339 0.813952383273574 0.269762437165929
-0.441407317431201 0.329346849048142 0.834679718898364
0.383248088611045 -0.291963769548084 0.876286516983602
0.23252629924831 0.966511168601612 0.108571087892825
0.144750044741931 0.168117574161462 -0.975081486751376
0.979708019987846 -0.0438051543077547 -0.195584518885234
0.268942928211829 0.264682480053159 -0.926073909640994
-0.491746420770076 -0.870707963945175 0.00728691857146748
0.859293880488621 -0.195175144664097 0.472779747726313
-0.383186288540686 -0.360745038270878 0.850312463531705
0.387276815081378 -0.634856935199701 -0.66856064820573
-0.127145968399201 -0.694143410167147 0.708518756873347
0.0357605443380205 -0.231469322359771 0.972184723329346
0.565796079575347 -0.816219917166889 -0.116875331688276
-0.271279013345692 0.5701128483754 0.775486322919674
0.827727954229008 -0.546344967282964 0.127959409628361
-0.656076552272909 -0.211413972598915 0.724477528807925
-0.808903493644894 -0.567862621964706 0.152339031585653
0.461155471026955 0.401412843497504 0.791330121136025
0.350933140962235 -0.935593250265815 0.0388741640608436
0.157607503085999 0.986729247670772 -0.0390546637684709
0.439336211140454 -0.797615121490787 -0.413272079325458
-0.593661604226219 0.0397239536702534 -0.803733729024953
-0.979447810725837 0.153007407162979 -0.131418109169273
0.67832219414447 0.0367722252619042 -0.733843855585314
0.165487759883108 -0.650355479299485 0.741384887810649
-0.00197918816743032 0.414388602849624 0.910097889593495
-0.164380304729269 0.930609165129183 -0.327025529882114
-0.331814942882891 0.14336080330041 -0.932387539468801
0.642582473338821 -0.765264897850495 0.0381759227214642
-0.0770046480816045 -0.784553911924777 -0.61526046797869
-0.127744953061674 -0.961826576437506 -0.242014181042719
0.527335498299828 0.28889266769581 -0.799035855756467
0.422368387667938 0.791201235979338 -0.442273161387344
0.176851868294947 0.930450068661407 -0.32091445341176
-0.215028339454487 0.271461961990042 -0.938121109678256
-0.344115183383686 -0.842456841895221 -0.414549406113123
0.0262036021908186 0.553020844797466 0.832755256033682
0.423714174723057 -0.431183399551415 0.796584693607682
-0.720588588564014 0.0428656272337723 -0.692036577091975
0.857033579244924 0.515254511271226 -0.00249652984854254
-0.420335231427918 0.490015693205308 0.763677231317629
0.0565943293281992 0.993241637856882 0.101331785315711
-0.936244088204762 0.155002414973889 0.315311367784126
-0.0411771087642067 0.966061421421174 0.255009364054582
0.969162246402847 -0.0360225481956807 0.243776365074378
0.87225305847525 -0.325327284631442 0.365153063597862
0.866493125566196 0.0588578556168557 -0.495706986211321
0.179398591541414 -0.177263437610332 -0.967674438558509
0.770810780723203 -0.350144646346162 -0.532211862847876
-0.220892832400683 -0.419316045376736 0.880556875325847
-0.032189681531752 0.717391651388017 -0.695926032651214
-0.785658031626764 0.334183530526137 -0.520636941894681
-0.200516748455963 -0.781893275353615 0.590284625875894
0.770351534754724 -0.637584624422031 0.00666030041808379
0.11182542036575 -0.987768052185896 -0.108670835282081
-0.980995172372657 -0.190756176095969 -0.0355042682333301
0.310908691009 -0.661037007158392 0.682909848385676
-0.484164533393438 -0.53344442450461 -0.693557315994042
-0.901308747661767 -0.413215810714563 0.129981672415319
0.963985099574339 -0.265586189420248 0.0140251127583223
0.661722825472305 0.112131647733372 0.741315989187842
-0.877089529492911 0.102966816392085 0.469160731493998
0.22054403234936 0.7230038499916 0.654695167763142
0.0245159691984562 -0.261292404071302 -0.9649483130349
-0.922260325822133 0.371635715116692 0.106408583601882
-0.335354802576136 0.884636141417193 -0.323969217191419
0.653139422528536 -0.449422766444018 -0.609448990269814
-0.764284535518977 0.577533912834272 -0.286921118589894
-0.911970864237392 -0.307899075604926 0.271122300860216
0.894917761587488 0.240702570354935 0.375745223016565
0.767519649754592 0.128243805506856 -0.628066169754197
0.172850825933516 0.563263291754115 -0.807995703043289
-0.716097017722777 0.678904291812049 -0.162154320841985
-0.933516544989595 0.185066895125858 -0.307078336193167
0.762992153899771 -0.192198579851095 0.617173135344216
0.8105168290584 0.38798249889992 0.438784742625003
-0.338809360362893 -0.887567660844795 0.312140777139077
-0.446801311153416 0.0363823959321757 -0.893893119795551
-0.909936973259888 0.316002452170696 0.268620838575008
0.808202008377171 0.253020193024585 0.53178030762422
-0.70140468197611 -0.261091686117191 -0.663221383508157
0.551582014122346 -0.703803637769938 0.447680378348816
0.86621083742202 0.102447488019094 0.489063694554421
-0.730236878703934 0.498192840649707 0.467501865778215
0.262922300440972 -0.94674382506839 0.1858709058075
0.572630626176037 -0.230531744765999 -0.786733297007559
-0.0530407717187858 -0.676804603241898 -0.734249416456052
-0.936701216657391 -0.0113561963039414 0.349945520785836
-0.960329969255669 -0.252226577518457 0.118945801702838
0.679473018344655 -0.590727929547104 0.435151617938617
0.231670598788802 -0.859140577214256 0.456296178200951
-0.586432887478831 -0.751940706628575 -0.301133927344896
-0.681242987558769 -0.714654936764268 -0.158670454907218
-0.449826467546472 0.1591614194032 0.878819544427763
-0.710796411318156 -0.442360240779639 0.546887446404295
-0.27269437116403 -0.0176127270589592 -0.961939484469268
-0.198743227906087 -0.903672325988127 -0.379311819753455
0.43036019230721 0.260571186043015 0.864229577069333
0.298425709599681 -0.420372104773966 -0.856871862869725
-0.55526643586843 0.394312870893282 0.732254426443342
0.0687490748603483 -0.878865263579813 0.472090471391483
-0.0132950654388741 -0.076279878263429 0.996997804113476
0.269469534534725 0.211939051117811 0.939397683927803
-0.172430361911569 0.00129566853638823 0.985020858425896
0.881607401222573 0.371381793442813 0.291279854450633
0.620664926790534 0.378471436431437 -0.68668363928204
-0.0213066214347691 0.854700939468826 0.518683267470758
0.0365516890125395 -0.095828816050693 -0.994726501127146
0.570435950558106 -0.455003721700525 0.683794149981952
-0.550400846227307 -0.821951503515385 -0.14647400568382
-0.142024860797559 -0.333726935813041 -0.931909475876424
-0.583343823774791 -0.528634579302862 0.616648574821261
-0.575079108004373 -0.264056675000496 -0.774311366263325
0.117567173110579 0.0251156944783727 0.992747279874217
-0.90794488236614 0.413234844993845 -0.0698072594222803
-0.706855584687224 -0.694859246263903 0.132385083291294
0.760544992290655 0.649177691021842 0.0118169446625751
0.690412952866544 -0.715202979473951 -0.108695228348275
0.434672379353845 0.593291950315429 -0.677543049789297
0.909783137105793 -0.0528544589726309 0.411705051711358
-0.994414928779354 -0.0725289883247443 0.0766713458427681
-0.443464745765315 -0.0174332844291502 0.896122257204516
0.0056427071679337 0.598662013866285 -0.800981868090272
0.584084376369262 -0.705989292780717 -0.400530348113989
0.45157888222884 0.846116890449471 0.283130218841206
0.964978841854956 0.130080751855063 -0.227804373902456
0.0847893253192297 -0.378910277823292 0.921540976664514
-0.571806078577742 0.0604268920387419 0.818160374999965
0.302486830937563 0.918657390778553 0.254106897736545
-0.500168186289213 0.180609776787216 -0.846883636607197
0.996440365117365 0.0168782329162032 0.0825937286868643
0.141444356443677 -0.495046127249114 -0.857276399958548
-0.787120249964682 0.462684110131237 -0.407878813286008
-0.293167204313722 0.765902182820272 -0.572229706207236
0.302008210539504 0.0953111478897482 -0.948528769123354
0.651910739541432 0.59465752335378 -0.470526107234542
-0.268472887225672 -0.847781200964624 0.457372216160635
0.935003242752278 0.35404508544785 0.0205186138164607
0.446042463631905 -0.684866830813252 0.576197487576085
0.527837331103951 -0.550145043945376 -0.647092097398352
-0.0167527143115647 0.99890198429418 -0.0437512552544959
0.643052005036973 -0.187804393534422 0.742437626058309
0.171412866296192 0.476575805431274 0.862260477434549
0.851232466087962 -0.47341587031793 -0.226452428578108
-0.334010966252559 -0.509655435746616 -0.792898487346873
0.330075382337569 0.943644668974181 -0.0241863740836728
-0.86497591354743 0.263248267798558 0.427220105430266
0.333569687626959 0.512180041981617 -0.791456169406848
-0.599151868303673 -0.405622306086451 -0.690280800481462
-0.777518917587873 0.602151442231864 0.181322843048165
0.68969969836695 -0.130857400879556 -0.712173199936353
-0.49038687909938 -0.821191714060604 0.291830220445685
0.198786782802917 0.606666584176456 0.769700896859641
0.128008912748926 -0.908856085355563 -0.396981529002294
0.259466202985927 -0.409448335710663 0.874659562282282
-0.25351518029338 -0.951497442868445 0.174306252256268
0.532448530571442 0.113576214823695 0.83880808634552
-0.0972947582737956 -0.3220971642053 0.941693764885033
-0.42664263470746 0.896930954394448 0.116150442525812
0.129782521496452 -0.518230164692606 0.845336615506922
0.348203875558486 0.756081607567391 0.554161225406794
-0.792080182398477 -0.589207605697267 -0.159509818005319
0.23888183702552 -0.704208174330715 -0.668600265588577
0.676952157722722 -0.33007995332856 0.657862448058229
-0.487014481218727 -0.451280314216577 0.747772006084636
0.690614882458173 -0.465482867245848 0.553513129408751
-0.0836310191288446 0.75299269771476 0.652692768328039
0.506291340315166 0.664436394685029 -0.54972116217209
0.568893088806532 0.810409875684009 -0.139987452659132
0.0440639931744653 0.918046122639358 0.394017361562104
0.0916935194470318 -0.977846875232835 0.188169570039359
-0.00406985262845384 -0.94293358232223 0.332955996534902
0.714737727999518 0.402067981431159 0.572268571985183
-0.557051974782528 -0.115981884739963 0.822338920277432
-0.388253076258174 -0.111275673414118 -0.914809965666258
-0.367381598395306 0.890699310436301 0.26774147894715
0.609654323412986 0.539609502653428 0.580640328077524
-0.356397227538191 -0.636474624878611 -0.684018324380804
0.826971111330551 -0.421217691655894 -0.372417020637877
0.496700956511507 -0.806562269062904 0.320539336002081
0.542908905959508 -0.320504797213304 0.776225865836168
-0.933673104738413 0.303155485691388 -0.190660129506281
0.576153164768572 -0.583363838827865 0.572480709085621
0.834877406921449 0.353237816932227 -0.422140687568815
0.294328730905639 -0.53938544353639 0.78894482789643
0.971172649193723 0.135404031035658 0.196187241780245
-0.447411579793902 0.56216523331325 -0.695552391067836
-0.209879115026067 0.942827298588247 0.258896585749335
0.910727426686429 0.181231072322826 -0.371121075534431
0.287980287559531 -0.86577605763765 -0.409266627027587
0.651318685438326 -0.71226440364676 -0.261655096064678
0.732068726578894 -0.590104697316986 -0.340370130548474
-0.339646315637429 0.764611512676542 0.547731334649032
0.420767730004155 0.193367454525234 -0.88632022707235
0.186260841442375 -0.821802680921208 -0.538467503732485
-0.568127865699926 -0.713895742491275 0.409369755927422
0.483955423454878 -0.687531287995849 -0.541375910191226
-0.315054296388463 0.256099030653446 0.913867647324018
