# command_history: dirgen -cart 0014 dir0014.txt -force  (version=3.0_RC3-1000-g3151ed7a-dirty)
-0.29475686567869 0.89227115776197 0.342009606826167
-0.432933116920948 0.306243495557066 0.847811204043743
0.210269967171779 0.718918001311788 0.662528073590428
0.465102812972552 0.840362026508726 -0.278336195575002
0.760695294562565 -0.590694819879666 0.269113913794329
0.15690215284879 0.111201382947928 0.981333769347557
-0.696535404865579 -0.666561689385168 -0.265582273528818
0.349128726129292 -0.532251067211888 0.771244406166517
0.99414947407011 0.0711774098416092 0.0812440738415039
-0.731156225998002 -0.0786186816076715 -0.677664870040222
-0.818410184522419 0.44597682959577 0.36236644068358
0.815830452549649 0.267614520555398 -0.512643288340479
-0.291514459665902 -0.44758860882777 0.845389707208054
-0.140355493103062 0.953824704030406 -0.265553703678005
