# command_history: dirgen -cart 0124 dir0124.txt -force  (version=3.0_RC3-1000-g3151ed7a-dirty)
-0.856305103903365 -0.467765212963465 0.21894582565167
0.480913542309552 0.59774234121416 0.6414251775095
0.671229234990226 0.422598346118531 0.608984361007997
-0.901888273483063 -0.0645701943858101 0.427116181092123
-0.405638256334352 0.679596963831559 0.611232829410326
0.210877264608733 -0.709313607444608 0.672610574972662
-0.6117608691272 0.394175114847058 -0.685838623759293
-0.387468689551828 -0.867514018428013 -0.311909349728204
0.377363735218295 -0.516717486816474 -0.768504814662968
0.118345169798668 0.182119758896363 0.976128482426804
0.772949959183963 0.427035597634197 -0.469242963666707
0.312047909996539 -0.330915706553777 -0.890573352971447
0.451835246599946 0.373407052971523 -0.810192620752058
-0.416936403260144 -0.57485605281155 0.704062890786341
0.404504938322806 -0.734191593831702 0.545287500699703
-0.99933113739979 0.0357927358681843 0.00749385630452334
-0.813932320961762 -0.406049707422828 -0.415497066169709
0.945873889768423 0.317553904552383 -0.0669485052700131
0.529246429414917 0.843644307688847 0.0903465497723549
0.758320301172918 -0.548029097577129 -0.3530076897715
-0.919417509406215 -0.196433961803667 -0.340712697220675
0.000895950093305409 0.643247293997974 -0.765657962825252
-0.609309729856337 0.0410556313403642 0.79186873169588
0.0487692333638232 0.645386553845029 0.762297683318756
0.760013684018951 -0.638340490198681 -0.122068090330148
-0.209372683415907 0.528421726603164 -0.822759720874177
-0.964259923866819 0.245818959591024 0.0988728391922861
-0.391458924954915 0.160665239886979 -0.906061030375549
-0.90002510416955 0.432877980646901 -0.0507096217265698
0.167365698873194 -0.103285027028845 0.980469747637498
0.414896106340922 -0.373432255394624 0.829704508589671
0.598346896621129 -0.624224941299658 -0.502318836958462
0.908461656998976 0.373671857964059 0.187261208819029
0.253370304317476 -0.966538928701077 -0.0400747825376918
-0.0151388553336344 -0.447402786756286 0.894204429345939
-0.149149222236332 -0.953656119306929 -0.261332193988316
0.967388327833189 -0.0158199159934353 0.252803388881689
-0.0578218332931398 0.992824329937422 -0.104673231912125
0.779473104659188 0.570033933419916 0.259774890747328
0.249415342320988 0.329023988993238 -0.910788230974622
-0.792414290606689 -0.22764474893567 0.565912944121544
-0.63697813158048 -0.193443205545195 0.746216179211253
0.434325255194828 -0.897309686913559 0.0787203815478486
0.596360930192798 0.744608515202107 0.299852964014189
0.60519613682977 -0.571649980794933 0.55403423668892
-0.2211887370433 0.856717368590709 -0.465951599375086
0.977011753787342 0.117925421750925 -0.177599628001436
0.901887610288873 0.275020035158848 -0.333110670301406
0.186564628202407 -0.685690121178384 -0.703578494001963
-0.578874898226023 0.466328330901865 0.668910861028652
-0.750943584953915 0.398994863201647 0.526200371869178
0.284285416598526 0.547713270261304 0.786887524039535
-0.772777887678966 0.204324067505564 -0.600887686470955
0.3882742402708 0.747466760392494 -0.539014430651429
0.460398785121995 0.214572800253807 0.861389268594305
0.0350431088393964 -0.916219216222614 -0.399141990208108
-0.770192763577859 0.404434317947792 -0.493189607958647
-0.453324081882958 -0.150197980847334 0.878599933607075
0.245119969661613 -0.923871382425611 -0.293901121481494
-0.274279392924808 -0.3355054638686 -0.901225220647489
-0.549110680899595 -0.75583476703637 0.356638844015986
0.850842952257373 -0.158567006439024 -0.500921925117003
0.715284023814166 0.605204343373744 -0.349423050238205
-0.0339218545573546 0.932500408267351 -0.359572379868941
-0.0828659337931526 -0.45523299862818 -0.886507842027686
-0.651212085492915 -0.599213830811806 -0.465688312792803
-0.0172387485689172 0.810372435436004 -0.585661456332322
0.875256208998393 -0.452242034798205 -0.1714751018992
-0.422007576143406 0.0879616996929055 0.902314992153351
0.616212228452008 -0.768706151744852 0.171386527404669
0.172898949561218 0.865103914226765 -0.470851537992771
0.199807851008899 0.718398939861078 -0.666318081610941
-0.0281103484136365 0.00871742664185712 0.999566813567161
-0.608617357546047 0.791653446779947 0.0535698823509715
0.561753457518583 0.815904347632146 -0.136869092496736
-0.0727781051743515 0.303981639229762 0.949893946932192
-0.133582288729216 -0.991018912948742 -0.00610625218587437
-0.246338690435029 -0.103448899766303 0.963647017705081
0.957908712542037 -0.0952798224368349 -0.270800025613851
0.430150577237023 -0.804200005756799 -0.410161957820835
-0.0375681593408296 -0.232816230971156 0.971794852836815
0.884935299797508 -0.313188096302236 -0.344677721222124
0.701057754480341 -0.230142496209788 -0.674946261802604
-0.612608942655787 0.735448425280255 0.289527023144562
0.221952481553458 0.534516772350246 -0.815493050864651
-0.853081235576899 -0.521361284057558 -0.0208522658827777
0.576685542282022 -0.719070208665822 0.387778055506214
-0.771283466799404 -0.00959119601561625 0.636419533641828
-0.734149584775794 -0.0067218014840847 -0.678954493731604
-0.0576038505171981 0.986088528646417 0.155920524875776
0.153328139142122 0.960123727426984 -0.233779617971561
-0.519360246790982 0.286327263263267 0.805159383206442
-0.548757186138458 -0.0102935878561175 -0.835918412711701
0.412731546998352 -0.854085899899222 0.316527954066752
0.778772919387444 -0.618545068436409 0.104473625101055
0.00831489956793453 0.800573127353017 0.599177377915243
-0.981277335058382 -0.165135906283158 -0.0991207554287191
0.195499991203665 -0.324489642974464 0.925465409964993
0.733772372836257 0.666007374569381 -0.134209842714495
0.418362929172811 -0.56737022204437 0.709269688222518
0.213943612490449 -0.130497480796532 -0.968090149820922
0.35686352397239 0.872575484942019 -0.333557263953595
0.235537841136713 -0.946271013855217 0.221569613733647
-0.487337879336566 -0.416238068755397 -0.767624687905826
-0.325803822958401 -0.939155632375523 -0.108805179670008
-0.897026075554888 0.206968180198338 -0.390523228707315
0.74466680468805 -0.580202949590159 0.329902845217451
-0.964992409414021 0.218336385164719 -0.145323338409654
-0.202490390055056 -0.859558690895775 -0.469208374649146
-0.805753826236167 -0.214775356581277 -0.551935066571388
0.437164515233781 -0.881801050582977 -0.176957887112078
0.873449963765803 -0.403019627767936 0.27324044435499
0.315270479402069 0.064589314578052 0.946801323013401
-0.584649235077917 -0.599909356508196 0.546163012201237
-0.150004109338466 0.510383060080655 0.846763189542555
-0.875241585521383 -0.00081297026914713 -0.483685337852365
-0.438455814810981 -0.751404276553283 -0.493100508655056
0.628882196103382 0.40782419350542 -0.661956653124539
0.249165298902411 0.722062650303383 0.645400792422606
0.6009656420755 -0.195777310190317 0.774926797742487
0.223084457944653 -0.825413653525869 -0.518580394149853
-0.651101582341553 -0.220687641862345 -0.72619810947259
-0.359808142616743 -0.92606805794418 0.113736768734588
-0.706170388103945 -0.702653842027446 -0.0871834918387248
