# command_history: dirgen -cart 0068 dir0068.txt -force  (version=3.0_RC3-1000-g3151ed7a-dirty)
-0.346129269769659 0.740646578426783 -0.575879479121649
-0.760127321561674 -0.292684887081082 -0.580122411125281
-0.981454176239274 0.0118806198809058 0.191328384757028
0.425943702342257 -0.850930428571838 0.307391229812301
0.000430224258085978 -0.111883094878058 0.993721282849268
-0.521274908330536 -0.412011644237797 0.747341203840293
-0.84426729809033 0.47829720741203 -0.241752995342577
-0.623600220741597 0.747144843859725 0.229994232503464
0.953563216288889 0.299567693511955 -0.0312472325929389
0.770540777755436 -0.0461661682820022 0.635716599376016
0.00193481716615255 0.987885016733877 0.155175546382933
0.00470700221313894 0.207529394299146 0.978217457742395
0.527264997386973 0.807599926487984 0.264147650504635
-0.715137099762282 0.542122610813755 0.441227836143721
-0.390096567477389 -0.884318950261854 0.256524194278299
0.831190438954428 -0.546037541247216 -0.104716081570314
0.541925377859172 0.458999764350086 0.704014276246412
-0.1137732454679 0.905431321948022 -0.408961819551847
-0.911306022701027 -0.0991388375853492 -0.399615845370352
0.27551293035415 -0.0611564684210215 -0.959350046426193
0.827689101995802 0.531057145887597 -0.181408539598065
-0.295294275653147 0.372077778687678 0.879976941387288
0.753257624787064 -0.352250525595235 0.555448033499113
0.568160275831049 0.147065805673456 0.809670025238186
-0.960712343914504 0.27734161256135 -0.0106499855478696
0.313684452956243 0.947170733331171 0.0668555599365907
0.266830178399332 0.579121409957496 0.770337619764362
-0.452635817933443 -0.682946712684454 0.57332765846174
0.599367090031184 0.799580263711355 -0.0378218623395289
0.0156123753993679 -0.50092065209874 -0.865352387201516
0.743211003884327 0.157087318732304 -0.650354501790175
-0.724656331206818 -0.455818891082633 0.516819446396973
-0.898055673420979 0.313266739892012 0.308804075610769
-0.123159601368841 0.879936389813526 0.458850370461446
0.781313897800227 0.612574290699067 0.119588174493762
-0.0758420232607077 -0.764593993424414 -0.64003438401935
0.29752567115968 0.310755249374539 0.902723462632467
0.632838836542473 -0.633392321531616 0.445341637384559
0.19776649010381 0.848871146165073 -0.4902103554602
-0.555577230304005 0.177736050633371 -0.812246168026038
0.309835498703362 -0.920778551388729 -0.236999626678423
-0.0127910366449652 0.737132072278204 -0.675627632206075
0.899407249075219 0.258872393107001 -0.352209716501408
0.442088574586826 -0.752085846379782 -0.488799112003075
-0.231247406748501 0.561791189873412 -0.794301766240457
0.0191286555755031 0.424633976748111 -0.90516301312358
0.889090241659008 0.371932187160295 0.26680515426222
-0.69097607493703 0.711047284335226 -0.130245242923168
0.211110549432295 0.90317858778226 0.373765667885691
0.232987025390996 -0.667404089584146 -0.707310983377052
0.284327691280841 0.270436863598214 -0.919794361136264
0.417891808144546 0.729807554653241 0.541061336501454
-0.280910720624893 0.284801185633069 -0.916502837802481
0.919436482833113 -0.201264592595798 0.337830013176333
0.516467851926674 -0.506431357692126 -0.690498542990756
0.191822220522242 -0.976714007913572 0.0960936129996281
0.55224929841106 -0.193161414815955 -0.810992836115579
-0.244689688286811 -0.586642439156386 0.771995858166836
-0.53256474112011 -0.0986714781409043 0.840618067803184
0.299883270151015 0.0149820300222606 0.953858251031014
0.993173323972074 0.030181172500615 0.112675842028141
-0.744623123331488 0.271103409635556 0.609950281157436
0.518102086221103 -0.47564062150257 0.710870049608218
0.691007013627095 0.579543476394682 0.432016974303707
-0.632966126407015 -0.697809501190641 0.335284629634834
-0.874594467791454 0.0398518624967903 0.483214596182815
0.475461954964072 -0.879719933588248 0.00536356497401348
0.105049057175708 0.978574570870894 -0.177077680217864
