# command_history: dirgen -cart 0259 dir0259.txt -force  (version=3.0_RC3-1000-g3151ed7a-dirty)
0.541298177500465 -0.836332660823982 -0.0868559927336792
-0.486237105372304 -0.753967310270417 0.441708922711275
0.921025187660359 0.319790276485336 -0.222366325599522
-0.270782251578357 -0.683874164655716 0.67749029450362
0.856666096320879 0.151721441283691 0.493055578681699
0.517305738319298 -0.649482288223949 -0.557285860564674
0.866741886551358 0.427381914186016 0.257105428811004
-0.341909971823356 -0.835659390096059 0.429849921381911
-0.628852045067675 -0.77352617828902 -0.0787550437482342
0.819909011278678 -0.402343648573758 -0.407269937113429
-0.497358811984502 -0.603590309067713 -0.623147615690622
0.17534326410731 -0.970182043239364 0.167336614965424
0.926672501859458 0.370954199177488 -0.0605892433532704
-0.427040767558382 0.884424987642546 0.188224929477024
0.391260173223411 -0.919675332742103 -0.0333580454296718
0.327284116858401 -0.797984838240589 0.506068478360744
0.668155508496777 0.740414707780791 -0.0731729250973348
0.22527956499384 -0.974168664545311 0.0156374746743923
0.642973169078464 0.560015253376902 -0.522463797626593
-0.482623136151765 -0.22084515225527 -0.847527183738894
-0.0574160631352479 0.997050670730194 -0.0509250006432835
0.908656197894302 -0.145980037336894 0.391195274418532
0.528006302006079 0.848852190990788 -0.0256768941268943
0.757252739752045 0.652449821478009 0.0296229402885086
-0.419399254826592 -0.864348946189007 -0.277498043727973
0.596366973139211 -0.522428713193624 -0.60943799764999
-0.99678012686833 0.0718425672091856 0.0356093276705687
0.554693094944459 -0.729387056461154 -0.400387427734528
-0.722013830857288 -0.425696929590689 -0.545415577507503
-0.434441445744622 0.34958708546079 0.830090055294215
0.759320914339032 -0.405650222103838 0.508802168189604
-0.17341572737734 -0.285782181636563 -0.942473092537519
0.958577716403258 -0.232848366126096 -0.164043896587235
-0.379899162000433 -0.0831359275765589 0.921284453498133
0.63129639557891 0.0494192311112837 -0.773965503446662
0.658524188843102 -0.377900942457865 -0.650797027035306
-0.596133418729158 0.781325262821335 -0.184812826263377
0.661423395632779 -0.38072579887746 0.646194210573512
-0.278083962029017 0.620226011081761 0.733477337918392
-0.94857839008284 -0.166192902587065 0.269404819922609
-0.417544575068382 -0.896547843472933 0.147846177478477
0.043515114262013 0.858127442169077 0.511589413325883
0.145332394692325 0.546578678305834 0.824700093048644
0.873116508839021 -0.443344429825682 0.202764095774623
0.126444721380735 0.771937219464769 0.622996518160375
0.782760236678274 0.609591393528348 -0.125238751237542
-0.268290870417558 0.953739952083361 0.135647014897552
-0.645489563571135 0.60720040458656 0.463304318985549
-0.359567862699869 0.490669611588464 0.793696594661382
-0.503071441323935 0.861400503749959 -0.0700592396731143
0.579330853873278 -0.286050315420756 -0.763250272714098
-0.240364361861791 -0.0072272888314317 0.970655829757861
-0.266687000296794 -0.907825005147285 -0.323622934759002
0.691108268569844 0.422405829849668 -0.58646626162415
0.480669625812681 0.867906713949788 0.125278277055436
-0.84457365579426 0.5294989244514 0.0795375945269226
-0.357526998322321 -0.643256551442391 -0.677049078351838
-0.538619292806452 0.769888769092472 -0.342287219513022
0.445161560510956 0.843823966621704 -0.299653630710966
0.682992818429519 0.313520847889042 0.659716217712312
0.957705144371904 -0.157919521285902 0.240545798633903
0.511715843080157 -0.0155231187852141 -0.859014510194062
-0.117174937039646 0.840958402015566 0.528260352675819
0.955398327391486 -0.00356407824411101 0.295298718865864
-0.982706893182811 0.165228712224617 -0.0835860918310102
-0.00694937779545107 0.97852333149695 -0.206018921131934
0.596217350331912 0.370041667354578 -0.712456339423433
-0.549755136417505 0.796143557044352 0.252833396843331
-0.978790658126987 0.0842963481283968 0.186716290814582
0.40937346477377 0.0944478660890866 0.907465132625126
0.862628087807963 0.472328935346046 -0.181047394236008
-0.303455560934341 0.90891307159918 0.285992571256961
-0.159914164571436 0.699370546819296 -0.696640723910897
-0.897112208858204 -0.100063876390807 0.430321862515954
-0.306246772281619 -0.550750516603738 0.776457843625657
0.904900895920716 -0.424167185447542 0.0351648596100572
0.256799938406821 0.126809289720955 0.958109177325173
0.344851845242239 -0.930967916609225 0.11989972092254
-0.502612209355216 -0.776990060207232 -0.379034844501439
0.281393298288495 0.759576819421039 0.58639651011627
0.0786858773517053 0.236910253949551 -0.968339849577075
-0.754430757365079 -0.170969113191604 -0.633722174675962
0.927922768121898 0.146677868187027 0.342702406447786
-0.902856574894086 0.300157710973693 -0.307823575629862
0.656791783505038 -0.51988260052753 0.546211163186001
-0.805297902625914 -0.432510699548051 -0.405499423924079
-0.857895588478287 -0.513496337837734 0.0183485775124029
0.578527759223968 0.749587040647206 -0.32159741961194
-0.735923399073788 -0.115213671582924 0.667190048319117
0.129286252803384 -0.576545107316332 0.806771841393624
-0.961182992771521 0.275243550188885 0.0191896452859774
0.0180913625724198 0.0170434335031049 0.999691064266706
-0.0405763859293263 -0.929906038351646 0.365552071177366
0.691360016529994 0.0449435543362347 0.721111228914979
0.756635207516911 -0.258146603859329 0.600719147074351
0.560959379630758 0.809196411142909 -0.174716177263902
-0.394107729288534 0.342834886767352 -0.852727000938901
0.669003455391046 -0.679148328747911 -0.301980006347705
-0.0185653597828915 0.54834605174937 0.83604541440463
0.0471734378597297 -0.920295543040302 -0.388369386307224
-0.325354825731696 -0.931502197087965 -0.16262808549999
0.00352669518264317 -0.669431479834167 0.742865436151209
0.616506168774793 -0.119936219983807 -0.77816158154886
-0.366385656051067 -0.246757618496561 0.897146715289052
0.798893195007068 0.292640260614576 0.525482008101925
-0.20073690090796 0.743939564664494 0.637384201828593
-0.784632488672795 0.567293491393062 -0.250059897508988
-0.107439478586838 -0.990604182535113 0.084617444920825
-0.243532354677112 -0.41334777515808 -0.877402763271969
0.104119494723768 -0.989141963666053 -0.103717436014071
0.521061343402051 -0.440502678873032 -0.731062559783862
-0.0121306853746118 -0.972323125612331 -0.233325064816898
-0.430670914644736 -0.726365484675816 -0.53564516795238
0.987170201523668 0.0680039492656119 -0.144466107125518
0.8336509330082 -0.127827918084121 0.537295212385926
-0.242118259096102 0.322454503682322 -0.915096629688505
0.146051386376437 -0.955341600325053 -0.256887950721489
0.543357615744622 0.339983866346971 0.767576362348454
0.612675930757866 -0.658426571355529 0.43715289545305
0.661423812741847 -0.736090335220364 -0.143838653821599
0.754607897954659 0.4926715104273 -0.433407087110644
-0.843252426906927 0.280232282651407 -0.458688578749853
-0.990722793124535 0.015478589221207 -0.135013926908456
0.0505993090330199 0.666571446017728 0.743721868227105
0.380301686809675 -0.0827872845122579 -0.921149766613878
0.0832962127038761 -0.294089726312605 0.952141257286212
0.733358564177192 -0.107317762963754 0.671318191396914
0.911457629217 -0.389879956740261 -0.131295885214798
0.182688665897096 0.479487630245872 -0.858321888217898
-0.939490160579476 0.308194585879378 -0.149580531517272
0.280622638788908 -0.596188702526752 0.752203407050659
-0.36664890222848 0.195025700617843 -0.909688715217008
0.105243348519773 0.0719632968482928 -0.991839261926584
0.0341897701660352 -0.764485185278561 -0.643733998718103
-0.465033822615509 0.733400884290168 -0.495849459761738
-0.877532894938224 -0.292659882273221 -0.379850248926026
0.965650410387068 0.252347296033362 0.0619687590963271
0.973671545278703 0.135170620704572 0.1835555098953
0.70982654226264 0.563748646249281 0.422295801247854
-0.825145848710994 -0.0222568813765973 0.564481141922741
0.507225360626658 0.150754635979283 -0.8485254700172
-0.117946487333565 0.940740427341984 -0.317956088933824
-0.644358447601658 0.236446568571061 -0.727251821046433
0.524354281952166 0.652421904955878 -0.547172957054871
0.826893282211878 -0.431346030663841 0.360815883330289
0.377443925736378 0.73350680176119 -0.565246720198164
-0.535639667479054 0.358575604074203 -0.764534945431371
0.547505378888354 -0.492741741848886 0.676345648265771
0.173864398275498 -0.0108730962343743 0.984709574844572
0.900121476737133 -0.324893112521025 -0.290216802671664
0.512083068866205 -0.214156663799364 0.831809986674177
0.179127696764824 -0.802111935162694 0.569675093120006
0.752467463906011 -0.65791577626435 -0.0306520326460335
-0.0701797119435664 0.877616599338893 -0.474198178609276
-0.200719078948525 -0.854102460620597 -0.479813336734087
0.804778954281974 0.0231362142356959 0.59312355402197
-0.398196977408034 -0.382423855968348 -0.833781243234343
0.444558126304941 -0.576251474010767 -0.685785907580973
-0.416686705777039 0.836092409456641 0.356821625014051
-0.28501121816963 0.813443198803375 0.50702935599233
-0.910099233819822 -0.40183275989696 -0.101241383209464
0.688893024535335 0.688615517798402 -0.226351649858792
-0.730818601867366 0.0519804315613929 0.680589601668524
0.193597066680237 0.894291779474697 -0.403438209564722
-0.111036853849144 -0.925898318318562 -0.361086030222914
-0.316122648919483 0.709557407358086 -0.629757696660709
0.627640800139238 0.194324664826333 0.75386003385291
-0.169654658222661 -0.964805185753589 -0.200918517031991
0.730189487792511 -0.551414021536964 0.403442547049443
0.336233492913245 0.401980449662314 -0.851679961213508
-0.235606557281054 -0.172576564652228 0.956403094672432
0.611698763765536 -0.0851090969881133 0.786499246037517
0.207605464661887 0.663018025300204 0.71924061979948
0.673849583703814 -0.679424157095679 0.290361074004458
0.0770631262400361 0.41934041338956 0.904552315939982
0.0291505592085532 -0.783504316595336 0.620702207805244
-0.557689821424207 -0.0684859413183154 -0.827219281038335
0.827144523330762 0.545586282245598 0.134787039990322
0.304062842553316 0.533828960322771 0.789032590517722
-0.821070038252416 -0.189549607597871 0.53843749734177
-0.995388254772746 -0.0945432105967583 -0.0162420316008892
-0.289895555929596 0.917996317545967 -0.270635045077894
-0.395668760303999 0.840758024090223 -0.369556730485862
0.411786714105431 -0.48154055085665 0.773660390589389
-0.932200669298673 -0.283311599841666 -0.225247529518668
-0.718740659384767 0.468169590619212 0.514032196429942
-0.151370397036532 -0.618994192256869 0.770670612423537
-0.775993780812127 -0.564149417466294 -0.282079930008043
-0.949781966019206 -0.00870496104732426 0.312791369250907
0.422224868822052 -0.609814512162965 0.670710385265985
0.0964239592896061 0.153139781732531 0.983489007221651
-0.808780368330522 0.148909604678863 0.568946610357712
0.555642155873731 0.51605977222944 -0.651877370448224
-0.773622939467523 -0.563415412264028 0.289949341701243
-0.209270848925001 -0.329138082064764 0.920800648742679
0.150862227053539 0.957688285868798 -0.245099440142424
-0.35406449428514 -0.827400081474205 -0.435944307295194
-0.720902724841699 -0.274566320567534 0.636327429022056
-0.771712093137942 0.315155868384586 0.552392273594964
0.473117287297524 -0.0621996358778454 0.878801022846978
-0.843133417952464 0.476365337006582 0.249403498833518
0.121612971095899 0.744156642512937 -0.656841820124983
0.53554617972586 -0.621676588181628 0.571584209970751
0.225831892557134 -0.880586170119214 0.41661487407297
-0.426965869599398 0.760647055645933 0.488995095000351
0.452404671657867 0.498663832271074 0.739367564508251
0.219833456310445 0.974727264201151 0.0397493636369701
0.162056684289336 -0.283836423892546 -0.945079105445167
-0.658243200669508 -0.641238724152776 0.394371382606905
0.212969196690189 -0.171343561812612 0.961917618658949
-0.754181766819778 0.54861092522441 0.360882134942997
-0.453846143938998 0.862749114966972 -0.22290725034285
0.451961981689234 0.464599184598131 -0.761497186323293
0.487332554860914 0.312116165490482 -0.815530796605654
-0.377091936692225 -0.926153548718884 -0.00642459937466527
0.486127610639556 -0.187695223890282 -0.853493086733955
-0.848234262168527 -0.410604562087332 0.33451835536557
-0.0548150160831942 0.141118987692548 -0.988473947721653
-0.639648152416054 0.768293938083352 -0.0239721883670054
-0.0514683356665715 -0.391810588631845 0.918605178006134
0.338126741879507 -0.250618922306467 -0.907116564840426
-0.232939566988223 0.143794387960011 0.961801607465149
0.187541181616515 -0.526855457115399 -0.829006412825381
-0.970307533225749 -0.220101376366109 0.10029294634772
0.264703379494064 -0.393390677929274 -0.880440739290708
-0.0827621718805766 0.130840800010291 0.98794286674801
-0.114900722349378 0.654683927063491 0.747118986272144
-0.712311244719215 -0.678232269623656 -0.180592577609677
0.0884082683796683 -0.418656151030563 -0.903831292491239
0.301723995019424 0.9121459405922 -0.277402981041461
-0.932371618027921 0.164946019533118 0.321676820016887
-0.332454700384018 -0.258001922676868 -0.90714325224168
0.573485115319277 0.786328102509048 0.229788898147314
-0.000502384229403831 -0.281226101114739 -0.9596414057667
0.0259723290869421 0.536361992129421 -0.843588318743662
-0.885683911910003 -0.258133137442652 0.385916171645873
-0.591080177744225 -0.450010837021297 -0.669413526933275
-0.799553949440242 -0.344683874732787 0.491839921553448
0.863192821820729 -0.24442781525961 -0.441761468990428
0.890644282169184 -0.0714723723833741 -0.449048396751655
-0.766341148106685 0.612174338411603 0.194843075598913
-0.57137286174991 -0.671823972096446 -0.471365679035154
0.824936364260912 -0.558624055497253 0.0861345432436421
-0.231911377857283 -0.802542183045147 0.549675501776699
0.263890597811833 -0.464707662312725 0.845226916853904
0.650158019159794 0.685117305740442 0.328494790669762
0.108334516162834 -0.439828213063461 0.891523850270517
-0.208622930977875 0.891385512338941 0.402378355608803
-0.0590846688574086 -0.995469653451386 -0.074492757791526
0.62614355432186 0.549195639562496 0.553469419992405
-0.420187805690725 -0.609133251124685 0.672606043923993
0.704398208020182 -0.218542590219824 -0.675323848829558
-0.265752863780485 -0.95659946485976 0.11955283025714
0.893958967942548 0.00523252786354549 0.448118270423391
-0.0823772544836377 -0.850986893099556 0.518686124468838
0.722773892358623 -0.678014162617748 0.133771057462066
0.621612317586319 0.213422015539474 -0.753690367397669
-0.324948373429845 0.0391928668852109 -0.944919294855712
-0.357438474126975 0.698497280850584 0.619951035048833
