# command_history: dirgen -cart 0292 dir0292.txt -force  (version=3.0_RC3-1000-g3151ed7a-dirty)
-0.296441060777519 0.945811593726233 0.132525947112792
0.766555177836106 0.569747949223467 -0.296277629409156
-0.635680741105497 -0.382715876896504 -0.670401784722346
-0.786307270237657 0.285531038619447 0.547898624524924
0.939502782534547 0.302699817336753 0.16033509345786
0.419049373190628 0.371425407350432 0.82851722348006
-0.65665003735118 0.384362575473254 -0.648903797971827
-0.343759993043786 0.254600861154462 -0.903884654522878
-0.190280765000745 -0.897483547411861 0.397890076020693
-0.972844284981712 0.106174536651969 -0.205671983860616
-0.767426646748729 -0.640915526797746 -0.0168412995214171
-0.837113444161909 -0.088584003384097 0.539809184756829
-0.363144557150567 0.622199450053378 0.693537219596174
0.687728987924849 -0.643809520133264 0.335467048983414
0.894934881348016 0.290740639494113 0.338469258121274
0.647619567440983 -0.595989727691382 0.474747449023064
0.948497330046628 0.0191094561734318 -0.316208228196506
0.503046372665056 0.123565056742029 -0.85538063088947
0.134444227693382 -0.644658790833062 0.752555508279346
0.629784843696382 0.098488964383729 -0.770500470178276
0.432351775312615 -0.822522305808652 -0.369498306939624
-0.293414997544819 -0.818414036671793 -0.494070950162378
-0.0542062255608768 0.957822018159236 0.282203236409174
0.851325219868784 0.221530184673712 0.475573072507052
-0.254407480854887 0.152886219533791 -0.954935933747252
-0.50792224591173 -0.454349607022747 -0.731834289102567
0.860198613138763 -0.478475321719535 -0.176407801583538
0.793264492006044 0.547441591579152 0.266531704552531
0.423864692883692 0.277890362029091 -0.862041570237744
0.673237939532405 -0.294004421155212 -0.678463025606665
0.448071544638737 -0.884877823285339 -0.127370046489969
0.0200655990051948 -0.315595109009177 0.948681769038516
-0.993467034638714 -0.108152423447967 0.036418462192854
0.445134255977723 0.789681392580786 -0.422207049167621
0.777097208775007 0.612862494424663 -0.143246260131539
0.933800380803305 -0.0285387198159012 0.356654440996986
0.937044608006956 -0.244221413845797 -0.249606297244782
0.61577599802052 -0.52000747956874 -0.59195619893232
0.368196836935869 0.510937761296761 0.776771326293314
-0.996541203528286 0.050322457745795 0.0661307788916689
0.833120313682458 0.541590228408563 0.112207697694962
-0.207030693185211 0.523862608708351 -0.826260406455817
0.896933045894455 -0.324048788430033 0.30083798613128
0.284221479694134 0.297772136005158 -0.911345107793641
-0.478546033834763 -0.871580997814719 0.106490646299646
0.982020144909319 0.0645377967866905 -0.177401543900272
0.34455850707898 -0.897697390961021 0.274624888641362
0.301720954346633 -0.791829267576487 0.531009300029144
0.271891422554617 0.548948530740504 -0.790398990978018
0.950203172807501 0.189072888838662 0.247720352600997
0.281265667798162 -0.396784573613805 0.873757189532747
-0.48125182448791 -0.621242969568698 0.618428536039956
0.556458159376721 -0.717723552414511 0.418601504025686
0.0670682487200888 0.577445821230475 0.813669572711849
0.951534842364489 -0.251502226184577 0.176997384134874
-0.927939523551251 0.347240020089585 0.13547180178791
-0.366952089092259 -0.146980383587916 0.918554805741702
-0.0345462530456939 -0.908519384690634 -0.41641215645302
-0.588078133407549 -0.789042100513432 0.177698262865017
-0.746258607372591 -0.515237934466123 -0.421459324027128
0.0560073478824933 -0.100476576619243 -0.993361784313272
0.474964955550389 -0.21969681472594 0.852139425562679
-0.391099267163144 0.712172240790702 0.582968320469991
-0.881105344644 -0.425593326455604 -0.206212735097114
-0.133400378726751 0.980868870413395 -0.141776577788824
-0.259058572934489 0.25692370242195 0.931063299095686
-0.617384023396411 -0.574871383463175 0.536991489811519
0.902668470656469 0.134829460793344 -0.408669363403825
-0.365418002636672 0.894457148161848 0.257713199994101
-0.68522167693531 -0.445432352548662 0.576247579397021
-0.650833328770573 0.758742114606224 -0.0269514690562789
-0.298498943010775 -0.0145064057160193 0.954299714562806
-0.407770533412136 0.274053555521695 0.870986705286998
0.572189704451549 0.747893363472394 -0.33653299837252
0.157291761291018 0.672405519799553 0.723277345679416
-0.519590000177801 0.818927295035545 0.243688976281239
-0.592904102336059 0.797572149704313 0.111100816599669
0.370057632898688 -0.683071400908353 0.629659280559351
0.117151508684735 -0.424454838403945 0.897838300680235
0.394545872266119 0.728829807294012 -0.559589730675556
0.431866840903691 -0.363882898756397 0.825275873705579
-0.265290401832961 -0.928800076875207 -0.258749724428676
-0.29694351068903 -0.821091934360052 0.487475729435365
-0.737855553802988 -0.300310276997752 0.604469121834705
0.235171119731211 0.937128193706266 -0.257847421947942
-0.745332040219927 0.169603821362144 0.644759407531956
0.502794455004447 0.805526562435419 0.313567685241573
-0.203585824355048 -0.436019056985277 0.876607206260218
-0.0676912178581272 -0.776138080524754 -0.626919116780015
-0.521229316065769 0.4463833057532 -0.72736644438581
-0.358443411504094 -0.913829723800978 0.190875762335438
0.8475655230035 -0.157426859474321 -0.506803184808319
-0.05438468489438 0.958578725139194 -0.279587434909827
-0.109912878837758 0.902742831792818 -0.415902078273576
-0.0231146410176256 -0.660413651297832 0.750546149513867
-0.306197261319588 -0.640244761089803 -0.704506836771259
0.734017048303393 0.516202216218799 -0.441309692586482
-0.343191865420453 -0.937946900868206 0.0497489161787192
0.359134047391224 0.86085350612977 0.360491299462942
-0.143426490278862 -0.836994303809125 0.528080843505392
0.482738406742059 -0.830533455460168 0.277808945171914
-0.983229191038215 -0.148735546812753 -0.105537173567649
0.599499931767346 -0.748531499725665 0.283373297488305
0.184078703326687 -0.831135713564871 -0.524717501726956
0.156380483679316 -0.826392338727487 0.540944402703954
-0.720170506714862 0.688311893635014 0.0870699623213458
-0.0858614888265818 0.186557974947106 -0.978684794364415
0.972550505682419 0.0413760335261896 0.228983706290449
-0.777037599218838 0.588951578502858 -0.222145464908057
-0.918898879239973 -0.125218799860563 -0.374092370802991
-0.00420398514834722 -0.356641106026621 -0.934232009728301
-0.709911062484407 -0.0776127553973172 -0.700001816827568
0.0726242568984026 -0.997359077602846 0.000766572341341729
0.218738815536394 0.97567897468297 0.0142782680786025
-0.910259281883124 -0.337062855494775 0.240450974610894
-0.374448197746098 -0.716071360556368 -0.589092822733099
-0.802348290182865 -0.363434456893904 -0.473447586098891
0.010199677413087 0.989005850103118 0.147524218494723
-0.671596927985732 -0.223961295521553 0.706256967702574
-0.90860930751505 -0.414443673900552 -0.0516291338377313
0.747470256709028 0.298227635387824 0.593589498581576
0.820406394907056 -0.391428905066432 0.416793425420919
0.136081108976839 0.311516597755988 -0.940446352059578
-0.074607720767396 -0.997194854232412 -0.00600921744430887
0.763208499261568 -0.643417642657292 0.0593845415258752
0.44082343865722 0.771669334190609 0.458476972813517
-0.182861692280631 -0.97485121820977 0.127384080053953
-0.220502357817478 -0.551341837194642 -0.804612259884082
0.65979220804042 0.639440468689828 -0.394702583233099
0.135164598301828 0.846101881829586 0.515598813934186
0.32321835894005 0.939164231143842 0.116191391178943
-0.00193274812937476 -0.0453195781159277 0.998970670402321
-0.67474734428666 -0.227111224840209 -0.702236792634564
0.305023084666002 -0.390037224572095 -0.868810613004315
-0.21899386051425 0.640764575843953 0.735841319443659
-0.833413515998135 -0.435617726777067 0.340086911640548
0.219301451703348 -0.727619284805321 0.649982345652709
0.581414600877961 -0.733089417742075 -0.352897956186356
-0.585056933080302 0.411871523763941 0.698620235154293
-0.70842233447201 0.406973848000149 0.576636872793597
0.509541709574714 -0.622369273486909 -0.594158003920721
0.515779354019173 -0.856692706666674 0.00701885401565784
0.491871181859513 -0.73116616399622 -0.47271427002279
-0.713459576328199 0.085763838300301 -0.695427923645281
0.512871407440692 0.66126488218426 0.547441024238813
0.336408231149589 0.647457461064557 -0.683833560251793
-0.626747798046321 -0.73846619449973 -0.248706407688212
-0.697553362358592 0.242375527641009 -0.674294750285783
-0.691657507531801 -0.636929072172207 -0.340486782851772
-0.448444216254784 -0.591986581927223 -0.66966384979761
-0.47954118450202 -0.0612879353071768 -0.875376514051059
0.35159108956353 0.420608385155996 -0.836344601271507
0.547871919487766 0.822705641817448 0.151630428207971
0.45098583886966 -0.402743766337513 -0.796498105343197
0.798748484091179 -0.506141858675927 -0.325301826090972
0.897209100705704 -0.44128122081842 -0.0169326242463245
0.600219946408952 -0.515623950232813 0.611447428548967
-0.0519383051036639 -0.221515030404569 -0.973772819382335
-0.868486561960957 -0.0577686594664434 -0.492335123342512
-0.418787912745309 -0.882135640498539 -0.215530498771426
-0.632795028489098 0.159738965399848 0.757663457514263
0.92627835932353 -0.178795996812674 0.331723367540895
-0.536818772667049 -0.689993037115645 0.485525708942556
0.406611942349104 -0.821412370376558 0.399935552472462
0.106392713941645 -0.242533953099903 -0.964291383355604
-0.106278614259392 0.750958214755999 0.651741218461428
0.609670368729166 -0.163163894129697 0.77568007912159
-0.804367314750265 0.399016315565697 0.440203592527167
-0.79966664069521 0.0407532602478671 0.599059626029336
0.768045257316353 -0.323057576195942 0.552937867374138
0.472406371154221 0.83972757229255 -0.267749556161278
0.97413861557045 -0.203531668631588 -0.0981265382989109
-0.116016647205229 -0.557178616655173 0.82224821478279
0.0227213815001883 0.990226020073689 -0.137608749691818
0.555293855488023 0.306547639446079 0.773095905310126
0.0459422666802704 -0.548161718510693 0.835109596694759
0.795782032794894 -0.171322978345928 0.58084369099742
-0.528486265962141 0.633933705231423 -0.564650621234894
0.119441601834119 -0.904907071466941 -0.408505686325692
-0.150475647885374 0.0535254524420905 -0.987163666944011
-0.452785803370926 0.571136894891936 -0.684680701903407
0.688984453995684 -0.704021119745245 0.17220535736417
-0.683816733153483 -0.688249668769042 0.24229541658604
0.658193577120469 -0.718760469625612 -0.223974557351793
-0.580840971330282 -0.528751607163665 -0.618906700517886
-0.717768647100377 0.464232950115509 -0.518937315353931
0.986056423217038 -0.157615016951474 0.0533876077737916
-0.6857093514896 -0.723383642567317 0.080739029878697
-0.207157715815555 0.941455434138613 0.265983733166068
-0.339590095845844 0.514546839221283 0.787350060043688
0.846180154236048 -0.522765633446462 0.103417788916498
-0.199623047289535 0.509100098287767 0.837238155433821
-0.838062319729584 -0.422908859555579 -0.344673243462368
-0.571946060582106 0.308880721979158 -0.759914734278948
0.963068907093867 0.269060855257985 0.0102243022679071
0.574822439882457 0.709782767621233 0.407170216734379
-0.846719138423921 0.461719914446111 -0.264350943313105
0.919904159950965 0.380151044387854 -0.0962367910714728
0.0474090530671583 0.440716575992912 -0.896393485770819
0.34272177022925 0.872263675240908 -0.348852216656499
0.498095271647673 -0.153644108154728 -0.853401774307723
0.360884097234767 0.125792876555421 0.924088102169355
-0.00760672801001023 0.841056048619754 -0.540894500590557
-0.616305936257403 -0.00126801249937974 -0.787505800028284
-0.792187924406506 -0.379560440149657 0.477883003148167
0.141279995541526 -0.980425887351629 -0.137131478044089
0.549307558431812 -0.285211913114514 -0.785439603577028
0.762625886853582 -0.523894065824704 0.379389989976606
0.442746971120619 -0.737433074722329 0.510066250470554
-0.490237225654273 -0.39785370690218 0.775486873188061
-0.57930436193783 -0.81502931246974 0.0115618361390741
-0.118087892693967 -0.452675427277754 -0.883821366079142
-0.151678176058402 -0.0318593500805793 0.987916349049878
0.18746585009931 -0.293921170111391 0.937265651140003
-0.333328605085705 0.806039593698006 0.489072810962511
0.924333591489585 -0.135189867717834 -0.3568348515916
0.699822225633244 0.452183584676968 0.552972746397524
-0.250061925151358 0.738475351319082 0.626197404245463
-0.356714604972857 0.133914403990242 0.924565640180835
-0.36765976559831 0.494569535741763 -0.787545091455958
-0.208439317445268 0.115406863171361 0.971202505595974
0.225573141386129 0.755170524874711 0.615495114721186
-0.454357437336993 -0.889333750320231 -0.0514276159073564
0.585325800394088 0.14917421968476 0.796957188043664
-0.699986907657672 0.625477388209756 0.344668487022169
0.289936740015861 -0.612909617844923 0.735036384910411
-0.272186124942449 -0.419202481059157 -0.866131625829851
0.717037951339439 -0.52019468589644 -0.463954809333888
-0.637853510452178 -0.593479841271504 -0.490840684141182
0.890659928114089 -0.0232036736001429 -0.454077616694837
0.874064149408984 -0.270628658759244 -0.40345011064086
0.00318533266547299 0.689620670943638 0.724163782485051
-0.556234522843829 -0.500254469026076 0.663587689620698
-0.482114038617146 0.521631209440963 0.703894122084723
0.0870931024957208 0.757403102944401 -0.647113074468336
0.852374882043622 0.521019159168914 -0.0446776928683606
0.964433421749963 0.227874982362188 -0.13394464313697
-0.665174683250626 -0.741911092647149 -0.0843242039366119
0.613097369078245 -0.631756238995153 -0.474337085330711
-0.972728398589627 0.094878460056616 0.21165429453367
0.944212545002683 0.182864810064532 -0.273903506913692
0.0715211692290773 0.18017947933704 -0.981030110433894
-0.162125279053146 -0.974794753083294 -0.153266380048655
-0.572439512843965 0.0284766265310988 0.819452308481935
-0.092093981122434 0.606713390354593 0.789567958193249
0.878108982495114 -0.37864516248661 -0.292493514093704
0.90902252144575 -0.391469798332968 0.142931635747852
0.154483425120617 -0.378962473142304 -0.912426608178911
-0.788861569442436 -0.15056216079958 -0.59584264700689
0.0343756706276655 -0.842037003893149 -0.538323320453004
0.201568437352608 0.897598748992812 0.392028890350911
0.878695231811982 0.28791937839664 -0.380784875138942
-0.799781302043127 0.0134173907795792 -0.600141518749426
-0.874580484066052 0.0976665187705466 -0.474942341765853
-0.853631098216643 -0.482921057661279 0.195195287404075
0.200737812405565 -0.938916322135413 0.279536170644047
0.858318270085549 -0.248276458160545 0.44905294516416
0.553312039378993 0.253234045113669 -0.793547922606838
0.101460685601519 0.0830282106401426 0.99136877372407
0.182383473702875 0.661097836484714 -0.72779524532337
0.0673228929190256 -0.751753557287948 0.655998641152502
-0.996702118573848 0.0059063609914814 -0.0809320809706562
-0.0442250651123709 0.485227541055988 0.873268788527659
-0.381190745071714 0.0774354806451208 -0.921247720327671
0.243423719224507 0.749858682031853 -0.615188466976065
-0.749806966317631 -0.114903627191185 0.651603153552728
-0.258800915353247 0.874308625513508 -0.410617234861132
-0.824798966044803 -0.229730990349324 0.516653014783175
0.567679824736038 -0.8107750787134 0.14277040423331
-0.222541816581047 -0.166140620230781 0.960662497541222
0.0916573984518285 0.958000804596057 -0.27172298338998
-0.0399576172374101 -0.910258184498501 0.412108512867912
-0.821270109746452 0.567591870255341 0.0579212884619806
0.699619332008569 -0.0263138599225303 -0.714031071491894
-0.439450852224804 0.00667953989958285 0.898241800533477
0.285425640854071 -0.948194125251277 0.139499478070737
0.61828165367158 0.367595672769382 -0.694695054030444
0.372524707490986 -0.928016624177192 0.00323845017309879
0.319226827575671 0.277615849117289 0.906103566307329
0.770371175281472 -0.603349323829966 -0.206150056340926
-0.461481302873932 -0.222661729631073 -0.85875302692653
0.431984981581366 -0.890940052152708 0.140052844163467
0.736635583607548 0.652506775910859 0.177772113543107
-0.27411576231271 -0.0200151184633012 -0.961488400286047
-0.95246050783347 0.303942280415193 -0.0209301503487215
0.16720166549106 0.317558593291591 0.933381027707164
-0.100222174783725 -0.952544512707505 -0.28742732471434
-0.509946034178678 0.0790559821733157 -0.856565930858828
0.419121921530608 0.529620598166528 -0.737454294780511
0.22294387898963 -0.974828884709637 0.00216156351336715
0.271108150167352 -0.882538533615912 -0.3842214304225
0.215492251432299 0.172898455525634 0.961077111188009
