# command_history: dirgen -cart 0298 dir0298.txt -force  (version=3.0_RC3-1000-g3151ed7a-dirty)
-0.775680551695313 0.455721426683175 -0.436620731280027
0.296462998211476 -0.72784229946754 0.618348831807149
0.00793007466400609 -0.438101733174324 -0.898890418964112
0.654693470821449 -0.402321757923049 -0.639932545168217
0.543407540782471 -0.825178568805328 0.154235450546033
0.183692527686984 -0.371508624633819 -0.910076039182801
0.146071521389814 -0.0644496069649104 -0.987172405814169
0.409724168709519 0.681523889105358 0.606342555123753
-0.035237640205989 0.118808209217942 -0.992291750512489
0.152990815594259 0.00750168691083835 0.988199137338874
-0.627074149881138 0.633052334121678 0.453897293243684
0.10071911741115 0.97147727648075 -0.21468013571233
0.804628198934604 0.54818655000024 -0.2281774920497
0.625698976078706 0.0289744749196812 -0.779526312023646
-0.169138450695222 0.939871277944666 0.296705519650513
0.754188088426228 -0.407670553318297 -0.514786409332206
0.154584888804586 0.417052075434029 0.895640038480551
0.816501812575954 0.249098270021884 -0.52084051487215
-0.226231896872498 -0.273144843063161 -0.934992525930273
-0.279453350543689 0.926807876152771 -0.250864476502945
0.330222916239109 0.810774266849631 -0.483319680754862
-0.93098816614394 0.280366800275716 -0.233785140252969
0.24808554071368 0.758957543098173 -0.602027418198861
0.00461805390394877 0.027024231822791 0.999624111590216
-0.768646350592072 -0.299208279713362 -0.56538234237767
-0.702240177195153 -0.633452984032608 -0.324955459337285
0.496127056770085 -0.732142125837174 -0.466718170971816
-0.795303814870167 -0.129695039202901 0.592174838083413
-0.127031265392311 -0.968135686525848 -0.215815546446391
0.713946369806477 -0.622318261329179 -0.32093700730265
0.259765279534398 0.0413487018264494 -0.964786134024367
-0.297780539226317 0.560791911358439 0.772553676201876
0.27963582190437 0.440549789051802 -0.853064880577252
0.312491472982777 0.651018810975225 -0.691753993172037
0.622188988548162 0.739787251899877 0.256116544674186
0.117007899923451 -0.406183157475815 0.906269492997795
-0.161931724592314 0.632097299839779 0.757780390420483
0.527195438494527 0.829825979273108 0.182903837450151
0.113975495220584 0.0853459320491734 -0.98981092051557
-0.300199282871472 -0.953535265193634 -0.0255125184088272
0.93820310547352 0.152250470331792 -0.310796922706117
-0.647022017849961 -0.759852965678908 0.063134609892929
-0.805196226630116 -0.391693884543623 0.445235822269222
0.457793942660369 0.751696773773183 0.474738524203022
0.479390084996126 -0.494934179669412 0.724724295302961
0.825244576746394 0.558968257580285 0.0807828915570911
-0.99482205134502 -0.0435320484570123 0.0918370672159306
-0.583099986729584 0.650822732903123 -0.486234692111196
-0.182486082053546 -0.342733097932495 0.921538308177333
-0.933700067699294 -0.294204605001594 -0.204078009531133
-0.86381827881555 0.488060847884457 0.124958352847843
-0.27945426206654 0.683294114254599 0.674547603092523
-0.996657587125896 0.0808946886397383 -0.0113887389234557
-0.904965915398766 0.26372648377386 0.333893746156993
0.313201740472893 -0.425081339191272 -0.849241146457298
0.366312302767058 -0.928372983614054 -0.0627606575573778
0.0510605196335563 -0.819030848937655 0.571472914339092
0.741780537350279 -0.521057317838982 -0.422209552159562
0.541346678916724 0.63890704959097 0.546572552557111
-0.625055463703162 0.779206642941629 -0.046289036395922
-0.759889410168056 0.240790348018859 -0.603811305471669
-0.206994958325212 -0.869348031324117 -0.448761727045463
-0.808074694733738 -0.141868109129683 -0.571741836271358
-0.507129219709685 -0.474669381645845 0.719380937087296
0.592215565715206 0.18671145687246 -0.783849191871231
-0.35301072304739 0.81312624221099 0.462827336748158
0.091676273678453 0.928609080144442 0.359556166847027
-0.175344718876416 0.535269100813722 -0.826281561742861
0.75030135207163 -0.284296804278318 -0.596844375157059
0.849617275545995 -0.000100333042100689 -0.527399729832204
0.465822320975506 0.244151318329395 -0.850529070072864
-0.923989855960443 -0.298780229113929 0.238690428741558
0.76604470411298 0.512620519435054 0.387808863171785
0.081485946778496 0.233855571565912 -0.968850665544073
0.208339839199418 -0.284036099725 0.935904912614188
0.0330693476501172 0.379691879761908 -0.92452176539488
0.888972523829345 -0.456643479802809 0.0347071207400915
0.648938072475746 -0.523927116244609 -0.551706221602649
-0.406364483365801 -0.468485082057645 -0.784467739647901
-0.453116711490487 0.819919374848046 0.349882072299847
0.244639337329935 -0.786946699644417 -0.566450780341532
0.385444396824864 -0.85271975264421 0.352564377676922
-0.660851306867672 -0.582309920389343 -0.473487810642943
0.00584962864765027 -0.67031022330884 -0.742057940037257
0.955249384622803 0.0253983529086521 0.294709241197632
-0.195403632622681 -0.854834528621953 0.480702973813917
-0.944744249742715 -0.315262346668257 0.0898217977514317
-0.970856153059348 -0.0235998526774578 0.238498169847078
0.865099179676514 -0.369069114787978 0.339693093589849
0.984677102811654 -0.104022146765201 -0.139965696443113
-0.0448522795129844 0.560504548807881 0.826935864374114
-0.429716854102275 0.476332236007604 0.767105616092361
0.81234896859046 0.378946252651136 0.443270674454872
0.0843462698563584 -0.637195012140433 0.766073249281472
-0.654106654298465 -0.606083223902508 0.452556748382355
0.0216155659993755 -0.966012237685991 -0.257591001293583
-0.199806109846392 0.820243982590634 -0.535982581332554
-0.942994599090186 0.323019478094679 -0.0801224241906176
-0.230560437962871 0.972724578772972 0.0254711267381987
0.164772178441325 0.801613937523599 0.574687066480194
-0.396908464451494 0.0100209167181112 0.917803493169908
-0.825036083392933 -0.560247124325017 0.0737470052625703
0.950251123746165 -0.122540085227292 -0.286368170947188
-0.26824581168952 -0.709483899408004 -0.651672295706856
0.327161304663498 -0.165507511674465 0.930361620183359
0.645582975431504 0.75725204882138 0.0989543146549396
0.44173055549214 -0.698715227004337 0.562735415534586
-0.227565498033784 -0.193289544082543 0.954386240603352
-0.659732539091083 0.188297681872782 -0.727527978751175
0.520172156374156 -0.0666920647844612 -0.851453519710763
0.419343144644636 0.901654971823773 0.105686512029774
0.561386476405795 0.331123864248371 -0.758420866428339
0.777670978205979 -0.605523085699362 -0.16902556712308
0.952603256500126 -0.132258190707255 0.27396132335824
-0.33371125408554 -0.873259142720529 0.355042629203401
0.424686219285095 0.389256483249451 -0.817386692696671
-0.821502641451191 0.551835749250999 -0.143564326827048
0.244625468466195 -0.884183342943708 0.397967581894034
0.648039725904957 -0.733852475292166 0.203727902253448
0.428694702592807 -0.396759594407728 0.811666604101881
0.0927017922210914 -0.995595126926901 0.0140257248798442
-0.562069771263171 0.13319031828334 -0.816295235406743
-0.264962651180496 0.422890897261717 -0.866578376427997
-0.31464330276168 0.890704563162025 0.328092933769639
0.357521129588941 0.84566535545592 0.396268530770562
-0.996279848637989 -0.0640145198688865 -0.0576940589993692
0.858740784533016 0.221832099473318 0.461903436470091
0.33412578713205 -0.524149162357195 0.783343867004548
-0.909083103539638 0.0678732305301964 -0.411048823664701
0.894406986228216 -0.133940440669887 -0.426727197796574
-0.89728207225682 0.222566476248856 -0.381246700256768
-0.102098035543946 0.839649136662759 0.533446640667603
-0.437059540999227 -0.898082545013421 0.0492615465019247
0.543268826681215 -0.509698951326946 -0.667132641213596
0.662295994066631 0.367468933054727 0.652939966216584
-0.372135311647606 -0.22820637140029 -0.899687257816433
-0.0606067961111987 0.914100698453514 0.40093232515218
0.327844465764363 0.296921288786855 -0.896858826422995
0.0820026832852948 0.300333487319024 0.950302770872949
0.532251737512213 -0.584987565897673 0.611962119465205
0.74419881966472 0.667869483728364 0.010884370172246
-0.31943179251179 -0.939628984631195 0.122722048441405
-0.267221756730419 -0.125927886986442 -0.95537149842825
-0.659480908936552 0.323057602349613 -0.678762636208224
0.702444747245673 0.484253228776106 -0.521603477257273
0.50152285778799 -0.86101730591219 -0.0844039219224013
-0.414890751709879 0.886146536286603 -0.206421850521856
-0.763701692243821 -0.523319546457543 0.378016372078507
0.716761624015572 0.450376557944564 0.532366161952999
0.971174113677892 0.173818056110205 -0.163119969016769
-0.753169723484679 0.0114362921745498 0.657726826917765
0.172981728251995 -0.499654736313667 -0.848777041495747
-0.496792124624607 -0.801483389146647 -0.332899326873717
-0.100752524385808 -0.799282488759274 0.592449518518387
-0.687546187844156 -0.261648917698605 0.677362593776861
0.192763244909777 0.61946094383955 0.760993081748623
-0.63582228372108 0.112507955385403 0.763591503029406
-0.660077423776971 0.527505669030406 -0.534822927482303
0.369343187175036 0.527569464819862 -0.765020306839675
-0.92359262105642 -0.00530708238593002 0.383338629943136
-0.731318545998288 -0.660935256835431 -0.168338262290049
0.882094620535848 0.275476770430225 -0.382127765773507
-0.415791893335159 0.604139268772617 0.679803534385966
0.888589658574793 0.434826883745903 0.146061630299544
-0.457302825342179 -0.60215131281217 0.654437103481031
0.723725062137774 -0.688094811280275 -0.0524172216245538
0.50807003820711 0.179670709784553 0.842367658639469
-0.895255825935236 -0.079059893947547 -0.438482085492693
-0.887276281723825 0.420723038264513 -0.189031544890846
-0.221120429489331 -0.574202166998212 0.788287781889971
-0.627912074823915 -0.746132526791138 0.221388072746929
0.835200055175076 -0.397687581003955 -0.379849253982119
0.740808039628356 0.0569438822938954 0.669298769378289
0.18234269381576 -0.13913984911709 0.973340251093977
-0.186809713926728 0.972998753508728 -0.135556469609812
-0.537481027445565 0.223073884803352 0.813235628249772
-0.0237423382038127 0.514932578920731 -0.856901826665494
0.550476521998039 -0.322029590145338 0.770241872271151
0.120845265081293 0.154318387379321 0.980603006942197
0.737127801164834 0.349109897825248 -0.578588700192409
0.32721976037714 -0.940389740142885 0.0927057983770382
-0.75746467677537 0.0957355365947156 -0.645818837190823
0.734921517521408 0.662156850032788 -0.146419496784707
-0.534723617950174 -0.833276091646092 0.140433640903061
-0.893868980068965 0.382665403986649 0.233592455062664
-0.316658395648063 -0.372596532959096 -0.872295411023385
0.345053398014715 -0.8002337023786 0.490473418337771
-0.543234312269654 0.80773171507323 0.229054487923233
0.100631638590229 -0.893486294764262 0.437670554621939
-0.247677648591008 -0.936227960112963 0.249264897430722
0.407816229248745 0.885192307578849 -0.22387608573621
0.950832619601916 -0.247283589793395 -0.186462209897474
0.391348506584391 -0.717169384545955 -0.576640633552773
-0.881839713511735 -0.130644391814697 0.453090236664739
0.24400665469346 0.917703777318624 0.313497256065243
-0.587113895748769 -0.700169523755832 -0.406275659401639
0.521421794247543 -0.799671711932044 0.297732204538488
-0.157021064611694 -0.985418398598943 -0.0655359822609349
0.391090617567426 -0.619122012551991 0.680981690226911
-0.631419019547968 -0.12342611476669 -0.765556017510595
0.810955182791528 -0.504952918795909 0.29559134172545
-0.46627851386211 0.883184500608802 -0.0506900916839095
-0.935625585916053 -0.163827750518397 -0.312674321202309
-0.271626974271398 0.944812768009989 0.183160094598872
0.526272638319516 -0.628178813431483 -0.573086807134861
-0.0274543164111573 0.171317239390102 0.984833317875746
0.502779782912866 0.0889289826020445 -0.859827962994608
-0.591627232039733 -0.277534078200951 -0.756935964098782
-0.158797863789884 -0.693103580448298 0.703129195258965
-0.0461167581179393 -0.997546345439286 0.0526738390609206
0.129128225090612 0.482946159794138 -0.866076733450936
-0.672316796923654 0.709348368593762 0.21169557517267
0.9488172916688 0.309102524048751 0.0648180272530351
-0.737079306752896 0.626421120720272 -0.253595494976208
-0.530713549797576 -0.671194079893853 0.517534187447264
0.61698828329468 -0.781187432857715 -0.0952452257189675
0.347623964486785 -0.303662849983926 0.887100024154058
0.241082682886656 -0.637873599348086 0.731434488704826
0.298899510864893 -0.021093655764063 0.954051434719971
-0.275228282160977 -0.945959272324486 -0.17149474569807
-0.644558005812053 0.268843841056971 0.715728975429473
0.657224188660218 -0.0324978895502595 0.752994191886429
-0.479893981216041 -0.560237407951168 -0.675156140107438
-0.981851747786993 -0.189483278883991 0.0079518797147553
-0.705588131182323 -0.641355153742363 0.301345243703542
0.129060237132837 -0.74063837265369 -0.659392338554301
-0.605301919149884 -0.511277783051049 -0.610085744163779
-0.855550662709836 -0.418595519754463 0.304648739334747
-0.399024100686607 -0.714065558175747 0.575230515270533
-0.316507129881375 -0.787160884935146 -0.529340134471563
-0.467983144315881 0.230529988477779 -0.853139907077765
0.306753548019418 -0.275538912370058 -0.91103269345695
0.013125454804041 0.994320858086511 0.105611332773953
-0.130205938611991 0.98075601327826 0.145478713111931
0.843206371490747 -0.1552641802264 0.51468053141345
-0.985728832550505 0.0283037948748004 -0.165944460209743
-0.440156032334921 0.0751715026728347 -0.894769195035842
-0.0512980304478507 -0.867670248367456 -0.494486452969269
-0.0967809899873468 -0.545195479041826 -0.832703626513913
0.487071424844635 -0.757765794624059 0.434226240107141
-0.7246647230563 0.395186636890076 -0.564525075777195
-0.929624999266546 0.359959763301551 0.0789070943741203
-0.15911632513168 -0.9196070468555 0.359172485653197
-0.00817682537049311 -0.785163287772706 -0.619234810924592
-0.391951462235291 -0.884120852533846 -0.25437053557054
0.814672665501129 -0.508574239055758 -0.278676679064007
0.458939001439112 0.777871291849956 -0.429291563245485
-0.62300912034372 0.69953833308804 -0.350008223487608
-0.00704195538827383 -0.943821137952914 0.330381704120516
-0.183965308829289 -0.978819239790833 0.0898312916674364
-0.707740937767471 -0.214184908056577 -0.67322179864352
0.146368182392561 -0.736774399939604 0.660105929966347
-0.585815184267684 -0.551419376708215 0.593933700737838
0.342255014255265 0.595958220270627 0.726426393317999
-0.0461301459206049 -0.882462761585937 0.468114819303411
-0.138473792431114 0.946099084721216 -0.292782394790778
0.897086241424302 0.441834125831243 -0.00434519253439697
0.290233466743103 -0.113883376528329 -0.950155309058886
0.837821336125677 -0.274955438612151 -0.471651264718102
0.85550880845519 0.428286638054815 0.290990093163472
0.00799325070352274 0.725938578432254 -0.687713085731941
0.0609918975086552 -0.313091539490301 -0.947762457759267
-0.417261655210804 0.172612896328284 0.892242959687495
-0.503156732435657 -0.812007393480092 0.295765609120363
0.0439666999712149 -0.983284491102988 0.176687687318554
0.703353551069659 0.121263144922606 -0.700420610691305
0.974217703924788 -0.223184570967864 -0.0329926149525204
0.885105336189759 0.438062960407203 -0.15712856700069
-0.461242266636819 -0.329376890914997 -0.823872827078852
-0.210730100652078 0.874858303175428 0.436137333926111
-0.591516147877456 0.728204663895995 0.346159810319362
-0.541193288593283 -0.0251944407515312 -0.840520710355673
-0.89071463167469 -0.298297348331447 -0.342995826358061
-0.590687748795761 -0.715225575748205 0.373551012872732
-0.177776613275479 0.214076280362261 0.960503421107161
-0.0651783522493342 0.264108288023627 -0.962288207656776
0.706864580597835 -0.583805665340285 0.399391299120091
0.0677957758219529 0.611133731065293 -0.788618599536502
0.258545660193377 0.501355748795924 0.825709727897431
-0.801616352958431 -0.550518602705353 -0.233110468973337
0.821306816942299 -0.310313220185462 0.478707444920421
-0.410392306649663 -0.0778075444168661 -0.908583590361716
-0.975647495781044 0.180327377072241 -0.124875942656796
0.973921464910681 0.154045014719183 0.166574648810677
-0.540964888828411 -0.424134328485673 -0.726269275444633
-0.599858953610127 0.452280420216259 -0.660008831200589
-0.369234381101614 -0.144653989843305 0.918009365439657
-0.629971248565391 -0.417160233677785 0.65506760370122
0.411576192543387 -0.886747512629976 -0.210437369723251
-0.835810570128781 0.00741938225385722 -0.548967798352484
-0.735226981476156 0.670806495040418 -0.0972621813504577
0.546514491837098 0.837036911604849 0.0262891388800701
0.815374815043285 -0.578844352927194 -0.0101551010545153
-0.820852186121832 0.140901459154255 0.553487549405775
0.543855178309931 -0.376322017001228 -0.750068853203224
-0.431224058148776 0.328417769442278 0.840349677448775
0.730679591312556 -0.151815102101009 -0.665627155105151
-0.117438146516336 -0.714391991724139 -0.689820530212913
