# command_history: dirgen -cart 0199 dir0199.txt -force  (version=3.0_RC3-1000-g3151ed7a-dirty)
0.760640594359804 -0.566031068209967 -0.317859585403756
-0.259537809847462 -0.706939241483588 0.657933913178362
-0.367985505842095 -0.817819840741594 -0.442444771219562
0.14260770539877 -0.463037356976318 0.874791088434996
0.100133097359883 0.414770695560551 0.90439959803028
-0.641937225838043 -0.715966293508651 -0.274424606482074
-0.883184503590323 0.274482280117628 0.380321719757553
-0.233956366671872 0.253028223833738 0.938744446820987
0.00893866703997813 0.992528162820721 -0.121687905065674
-0.241808836878005 0.579637584751333 0.778170133551364
-0.0583783548839083 0.771980741710266 0.632959479042313
0.706730013078348 -0.463400207816506 0.534596049377375
-0.541319762544317 -0.808978808822274 0.229185954097235
0.529067039033642 0.720801404526656 0.447809561577881
0.123361120179487 -0.992313070358874 -0.00983892387438343
-0.187017231645979 0.283568234218066 -0.940539000578882
0.399746746518435 0.698655797630593 0.593365498731672
-0.273237797666334 0.548275201438577 -0.790402055547643
0.216738000339279 -0.0898356460629891 0.972087545391554
-0.878504104686288 0.0927457356087115 0.46864567273767
-0.106245345544541 -0.802672075695185 0.58688113400356
0.456336767708092 -0.464972846649833 0.758654734590171
-0.883750026754895 -0.384904142039848 0.266147875534054
0.774851087626433 -0.117923616479678 0.621047351399624
0.447154590538618 0.174490899989474 -0.877271735542132
-0.191147420033465 -0.891222384548759 -0.411321437678337
-0.263507461143544 -0.49122005848119 -0.830220857403269
-0.855051785575886 0.515692216783941 -0.0542953177719273
-0.124837782201909 -0.254791707815614 0.95890391268537
0.697994572636116 0.286691912440416 0.656209816988273
-0.0809355827824479 -0.0305538425405249 -0.996250919269676
0.406940102298694 0.600786645796575 -0.688080779686244
0.974968180010757 -0.152161649238608 0.162123041136967
-0.670243539846991 -0.60820440322288 -0.425277557829795
-0.770222318093168 -0.0707544710187522 -0.633838611589767
0.243466519571467 0.115394944034843 0.963020280543952
-0.780715004253068 -0.618400541472865 0.0898045234951973
-0.852104513557322 -0.0903483712805562 0.515514373982134
-0.25281042875121 -0.13885556088743 0.957499880065406
-0.785103499055574 0.0658884610854133 0.615849986982618
-0.577147002036576 -0.709045018092816 0.405162313595367
0.277853563515162 0.814574738634663 -0.509181099826178
0.065963930732147 -0.767040220996141 0.638199074910452
0.0682196611648059 -0.644505396774932 -0.761550307831693
-0.842517054441596 -0.533517782514639 -0.0743221953101416
0.316821883943985 0.905940055456633 0.28088522526722
0.281531627513454 0.895662371079293 -0.344280205272167
-0.434016447040201 -0.890658535261714 -0.13548836578857
-0.629567468272014 0.687631855848969 0.36167282689645
0.796687510867339 0.54394837243846 -0.263456216760119
0.221633907736725 -0.0700813068381999 -0.972608359707646
0.80025012889121 0.420227608326962 -0.427794913959253
-0.548557723356725 -0.593680657401843 -0.588750967024771
0.602915388674985 -0.796294422112305 -0.049073693683303
0.530502797965041 -0.00873074058563598 -0.847638222073598
0.406977743983948 -0.326215131136372 -0.853201502647186
0.482015452974437 -0.871610978276218 0.0891930806857952
-0.668210473891738 0.0366072896360844 0.743071106238749
0.269577232390308 0.642737861925282 0.717088667198485
-0.397732785630334 0.616784840280087 -0.67925333421
-0.839024041593862 -0.175488173566555 -0.515017046869107
-0.605993167446623 -0.153108799927789 0.780595911078634
-0.153495521357812 -0.957805869548628 0.242995969475399
0.820843201649439 -0.555577550769844 -0.132476501261468
-0.318545235235496 -0.305640695796382 0.89728072428971
0.65699251530257 0.75025959770989 -0.0739687155532432
0.226107691440481 -0.821102260887219 0.524086241984421
0.936768052810419 0.0579762858764157 -0.345115003310133
-0.35777959607638 0.199784384351921 -0.912184170220327
-0.307633566756926 0.950617157995862 -0.0410926700067369
-0.398071903236004 -0.196310652745532 -0.89610316787337
0.862787641423756 -0.199282284539168 0.464633249859803
0.999340770462167 -0.0215588101313388 0.0292103097861715
-0.681915530045749 -0.686961952433727 0.251146343375468
0.943194741488218 -0.268146910364873 -0.196165527274154
0.883546900449204 0.296522689121197 0.362517819621241
0.770398628832645 0.588352704698898 0.245615650084176
0.0113707200458177 -0.924657634503012 -0.38062969626782
0.145858166607012 -0.853025351687312 -0.501071995438559
-0.08667954314524 -0.0537847395938648 0.994783322431047
0.985437482232897 0.165815486872834 0.0376589023155644
0.914281691346663 -0.398717275440098 -0.0715089024801128
-0.691418351291684 0.39582790747652 0.604368208263678
0.678131826119406 0.474230469869117 0.561464769911413
0.0805133305290646 0.679460133777955 -0.729281516434882
0.325099117636621 -0.381041582088399 0.865515959663056
0.00830034223527225 -0.364018381848897 0.931354777726988
-0.368418826148353 -0.462064673028243 0.806699328423405
0.76690349906365 -0.6166696403963 0.177700809613879
0.727296746655869 0.68050135620352 0.0892039601641035
0.684832068023849 0.451764363499082 -0.571763935972223
0.861620332461838 -0.449378343939829 0.235943863421469
-0.952258352363295 -0.289363679064692 0.0973277534544433
-0.198735351653853 0.913583495942479 -0.354780856226118
-0.543122490534027 -0.268442472987174 -0.795585695555574
0.100584929698755 0.23264982602589 0.967345197107847
0.979346915618504 0.0455231238001336 0.196995594031948
-0.654130437278259 -0.1395480391366 -0.743397414442157
0.523381496756862 0.070038149921328 0.849215206180474
-0.375366705234576 -0.905725853573787 0.196876902579695
-0.182271568178905 -0.423388274867798 0.887422922927999
-0.344663390602265 0.912543387639978 -0.220162923429682
-0.873412965765375 -0.245569524710388 0.420529903534155
0.438898125130018 -0.894464373828271 -0.0854512709639506
-0.0579950203030905 0.980264270844921 0.188993483816028
0.94185672137888 0.212823910007088 -0.260022883075168
-0.986430545684316 0.0830723000179353 0.141611339626006
0.700505474701857 0.575976772489118 -0.421358324310491
0.498282773376503 0.328814753903186 -0.802243812922111
0.799893769585628 -0.25157426435227 -0.544867274566668
-0.651403067715692 0.698301297429301 -0.296731092707084
-0.259263163265891 -0.314082168679402 -0.913309916452793
0.76231265697782 -0.541754601350354 0.354092311307568
-0.930067393122649 -0.361317470299515 -0.0665156365556233
-0.753069651916151 0.296263411154042 -0.58746411854194
0.233731834877352 -0.703917474368576 0.670723205684306
-0.527360500443631 0.665809926434346 0.527814403397003
-0.549629858386294 0.573284404106432 -0.607661098622082
0.47605931861465 -0.78712597238212 -0.392173722681235
-0.358830156847508 0.75756540029854 0.545284863908127
0.097411060188694 -0.62673817703557 0.773117289160607
-0.569769109909823 -0.426053397923708 -0.702738687927619
0.516500709794713 -0.118285940412331 0.848077504171835
0.786583508131167 0.341663878633217 0.514346360707814
-0.741058359107222 -0.123213673633274 0.660038558742672
-0.18150176574555 0.933217825416595 0.310099337883798
-0.491776139356746 -0.819457703259657 -0.29435573941709
0.926445042594499 0.111381618713278 0.359574356795486
0.553394318477734 -0.19159731612041 -0.810583244788603
-0.64983266006413 -0.309527150004991 0.694197707662425
0.556135209082675 -0.522404978193656 -0.646379662409837
0.9335533055829 -0.340509206942639 0.111945100931373
0.790030057269936 0.474097771339662 0.388695011314561
-0.425466088338831 -0.544760900049259 -0.722643874568362
-0.170716693663405 0.969668935903692 -0.174922740797293
-0.3761610814631 0.00705164601076718 -0.926527449718059
-0.591210335431543 -0.798432691930073 -0.113910384672423
-0.916656996068776 0.271978911480712 -0.292860757473471
-0.40935060722246 0.483648111418421 0.773638536196328
0.393035155906203 -0.735070971453197 0.552443692287856
0.517587648464099 -0.737293206308645 0.434167886984427
-0.431001800708998 -0.719220395980092 0.544939877226692
-0.507770966309401 0.820134926760117 -0.263718311236431
0.939566901197779 -0.0832894009130326 0.332079680000376
0.880719017381383 0.463691593695018 -0.0965614745089655
-0.436238134540601 -0.815799016513401 0.379694949437446
0.636673175573086 -0.760780813292843 0.125935783759671
0.514993916674917 0.855649732824193 -0.0514276239555745
-0.775295681327832 -0.279672815438352 0.566303560662653
0.025405669587196 -0.95190711886591 0.305331604989114
-0.357233150160349 -0.933734537272833 0.0228973869775948
-0.568621287284991 -0.600028541704898 0.562703812663336
-0.114437449103709 -0.89731194738431 0.426304280208414
0.373583342588362 0.0167335254205951 -0.927445672407557
-0.945431939144766 0.113537911948948 0.305397431219124
-0.101347472561211 -0.577381245126613 -0.810160223401209
0.866189794360361 -0.425551844655203 -0.261955850586526
0.950193869166369 0.235034145294329 0.204671838669637
0.242721079000625 -0.42288767442365 -0.873070726017846
0.540143150286239 0.47262738171635 -0.696325164884054
0.689226521884597 -0.222710479313657 -0.689468522801978
-0.562483933188497 0.363702428712498 0.742517587841143
-0.0685946727406338 -0.995883061306027 -0.0592595905769045
-0.394347334742834 0.158751210726658 0.905145420733069
-0.549938159362564 0.804791888683778 0.223333913201091
0.975905057934109 -0.217711139113833 -0.0145319580367086
0.986083339886857 0.0910082291215839 -0.139129971716141
-0.87039737150639 0.0139353154821601 -0.492152641623693
-0.071534761658922 0.496907203219549 0.864850281414608
-0.0562665441096539 0.873965217281826 -0.482720286496731
-0.300530700581172 0.857675034348197 0.417222762399187
-0.0670717616711454 0.331400212316714 0.941103223914766
-0.495691455124713 0.297286230966517 -0.816033625651583
-0.637312854776891 0.615161206538592 -0.464121767541788
-0.645702283960792 0.227043555672775 -0.729054033879026
0.198020431532375 0.977141279531443 -0.0773487461526447
0.791112978708708 -0.421587114289303 -0.443175540823106
-0.243181528757725 -0.962539473881859 -0.119918744532665
-0.0482960755811464 0.173023846073837 -0.983732808120822
0.252890550861944 -0.957673265275385 -0.137507404387995
-0.378839290084332 0.889460305223165 0.255619165401801
0.657933013164144 -0.0462476072451601 0.75165504655583
0.118612850516801 0.96012408947663 0.253165409365008
-0.743699168823 0.668510441216043 0.00231003833547287
-0.225737715126289 0.722131478242694 0.653887308410695
-0.0418975147138626 -0.531403475730662 0.84608211436135
0.226541728902275 0.575733747236784 -0.785626818125921
-0.875614556383057 -0.425635589173207 -0.228327602096811
0.671787406148685 -0.553032844092703 -0.492804580229079
0.237045272100409 0.784651630700599 0.572827511048251
-0.698303309598021 0.69176430495445 0.183941931585316
0.610785587372065 -0.402945601414906 0.68159798162769
-0.826477245178761 0.376477464560198 -0.418569088538619
0.107080665517679 0.71844366014052 0.687293560479206
0.365373091404878 -0.843717048240956 0.393248072576092
-0.397349572373829 0.628082618286587 0.669048235884828
0.0633777709837495 0.846432574819279 0.528710841982589
-0.0615386411558591 0.149524650699807 0.986841109033157
-0.412368042922642 -0.386548805153287 -0.824944009258032
