# command_history: dirgen -cart 0254 dir0254.txt -force  (version=3.0_RC3-1000-g3151ed7a-dirty)
0.532104007855903 -0.587707721877754 -0.609479251877326
0.813611962160124 -0.353768988740767 0.461392541807178
-0.0562970926122102 0.631715775474843 -0.773153164890134
-0.278375808640197 0.583077308069745 0.763235063383527
0.42177362856232 0.683122669121075 0.596196632984683
-0.0741833068437176 -0.883660914258876 0.462212316578538
0.747991791827695 0.654311763574807 0.111285198503756
-0.500989482669899 -0.734784671488716 -0.457275655157114
-0.957098524715472 -0.0402111767666288 -0.286959013189183
-0.959072225599923 -0.179400822516171 0.219079462668988
-0.273656438550508 -0.742865430863487 -0.610952621131834
0.725576715827947 -0.0280176740592784 -0.687570679558574
-0.82467372206641 0.459628030058144 -0.329629073532665
-0.0627324106359965 -0.105108647086719 -0.992480134291562
-0.723969713817149 -0.611791542953517 0.318714545394574
0.0960403152610203 0.76825386014557 0.632899884828553
0.626321577814094 -0.730629647093531 0.271848487125542
0.611328672283115 -0.0144190639133794 0.791245439190916
-0.222068743162796 0.423477556748906 -0.878266606583715
-0.175856643961444 -0.546648272492348 -0.818688040071278
-0.743412324709219 0.650610105794381 0.155063231324059
-0.455847685353233 0.380213782393873 0.804761062325859
0.897835380587327 -0.0804734811901253 -0.432915289855593
-0.501655397545093 0.834294602402997 -0.228679641671704
-0.347217802318584 -0.0378088973796203 -0.937022030174313
0.164234133776218 0.953748325111088 0.251776253150631
-0.0889028384246099 -0.687192476431413 0.721015107786314
-0.568850136745167 -0.80831114394159 0.151797946312994
0.712605063168965 -0.402300849022417 0.574759124174465
0.69172133176913 0.516167541227833 0.505066994128853
-0.703444263617867 0.127514602026141 -0.699218273683713
0.494902198437683 0.522647061681234 -0.694198720034487
0.339884154372707 -0.564772872568066 0.752004231382753
0.668490359365142 -0.489887884154701 -0.559580646908284
0.595633327611989 -0.304646593748149 -0.743243830755102
-0.393357704098001 -0.345965592663806 -0.851808385330604
-0.0646674246226801 -0.990801860856833 -0.118868821460071
-0.0949271346177245 0.984512510034488 0.147390490530632
0.217463012709009 0.904877405664926 -0.365932669791361
0.564042866490612 -0.822786642825102 -0.0698411422418885
0.895273997520227 -0.397022190240435 0.202133247687859
0.227544892875288 0.826991558980165 -0.514109213204676
-0.840448699377738 0.531604965398186 0.105081608658516
0.0984950575097755 0.267630929447109 0.958474000299133
-0.0650425529377936 -0.947167258772899 0.31407586697479
0.0997693223939665 -0.32864702581705 0.939168363356995
0.0831265027684335 0.796779747368717 -0.598524868924035
0.391919427705633 0.0605918464509787 -0.918002064447869
0.933132066153199 -0.263478069710393 -0.244630034742969
-0.941664879759839 -0.0557769474336529 0.331897855313756
-0.988872788816514 -0.090794899657595 -0.11784266517021
0.182217068998929 -0.339900242885318 -0.922640105703162
0.937766838557122 -0.121796630619823 0.325205992060784
0.343410434919388 0.905741249176199 -0.24839899905035
0.152493296060867 -0.490035564761674 -0.858260414982073
0.608485969981378 0.466642223338015 0.641864362411542
-0.846159494749664 -0.53284285143183 -0.0096231555629685
-0.0883817910549805 0.906252420265057 0.413394738444552
0.485341303396422 -0.585818276497239 0.649046043158162
-0.602674740107633 -0.732008479497345 0.317721172697356
0.953688381496868 -0.224132094494718 0.200607266107922
0.758796413932638 0.649666713975581 -0.0464883098761453
0.257037501731009 -0.87144115943186 -0.417758337262031
0.333980212591091 -0.287342431841817 -0.897714623062831
-0.370605930038489 -0.745402063548775 0.554100178918519
-0.07479597564523 0.846112393922106 -0.527730403595132
-0.202737001981756 -0.457733580723547 0.865666030929624
0.366666116754828 -0.386695043974971 0.846181364595753
-0.183932368763964 0.982812905836655 0.0157377203491304
0.915740812435533 0.356541490604392 0.185194303145395
0.628404834318494 -0.751261685710732 -0.201775230859035
-0.0800236840201771 -0.553014420281869 0.829319757968027
0.376053243082778 0.192672128578501 0.906345082866319
-0.20107379474092 -0.958208659501532 0.203483399629462
0.249406406924637 -0.00128695728791784 -0.968398052417435
0.623154933790006 0.636091594138416 -0.455044407019383
0.320684617284816 0.475953473361084 0.818919817462254
-0.685911979236004 0.727301140369091 0.0236179583869466
0.142724609571808 -0.16844154667784 0.975324115961126
-0.496348388707788 0.832960813801592 0.244570152917669
-0.885589353551611 0.240866402930382 0.397133318692122
-0.574633706599267 -0.268829088871177 0.772998722001971
0.253012541038575 0.31803705453561 0.913694197212348
0.0622498322225417 -0.484691278064596 0.872467376671686
-0.618082719581202 0.556087578593151 -0.555644091743547
-0.186854601707094 -0.667745876046161 -0.720555898486875
0.893662952078214 -0.410502624620607 -0.181257064034604
0.915686171147653 0.40030558976954 0.0356969293947139
0.687621856956992 0.702651440811909 -0.182912915235549
-0.307662220506984 0.441537428572009 0.842845571408387
0.810980115085432 -0.077949171159762 0.579857896084485
-0.261428551735488 -0.890930564794799 -0.371345985641296
-0.832291869064705 -0.364390292699722 0.417743891966107
-0.466380051551603 0.0706480810209517 -0.881758751679155
0.803387907548961 0.569174113184603 -0.174953419185288
0.888296004747396 0.291999738219285 0.354494514526929
-0.232777103678425 0.926740089263551 -0.294902741518064
-0.847987824697361 -0.439433351965047 -0.296335921457053
0.180251934539214 -0.941647399815315 -0.284269967664416
-0.821512945770713 0.0553696387508623 0.567495095164465
-0.732502660633493 -0.0352231174689874 -0.679852325259405
0.437390555552471 0.891969928188116 -0.114364107663145
-0.426707010338812 -0.837956436579815 -0.340220719125353
-0.830999728235829 -0.529162198633263 -0.171542470570965
-0.34752581794818 0.895725440508773 0.277311631715681
-0.477966578074519 -0.830109589728791 0.287168973400736
-0.263703019206884 0.271251434712299 -0.925679953778677
-0.651132567115965 -0.758848674436748 0.013231377349444
0.376293902982331 -0.859568158651407 0.345753494864411
-0.723039322689501 0.189459794677025 0.664318541097302
-0.607932558698514 0.786803097149892 -0.106578095261717
-0.825206152138726 0.539008341168724 -0.168833689241631
0.814931629949419 -0.217154106053051 -0.537336517214569
0.477645202469785 -0.224752247192562 -0.849318248914676
-0.523910026648083 0.322313933522171 -0.788436435126555
0.273020181895047 -0.950866906814043 -0.1459866631028
0.611272724854015 -0.152385417779013 -0.776610803619074
-0.18333113787972 -0.839994228385555 -0.510685216314986
0.186010192680286 -0.00733927379213465 0.982520403492593
-0.966894274977178 -0.245364679769004 -0.0700830574262527
0.0209293336963552 0.22659329851008 -0.973764571167666
0.138106945163079 0.116097000670433 -0.983589323921855
0.210957487603834 -0.176744447561677 -0.961383554404794
0.984631192035148 0.0179785081634004 -0.173718706291701
0.981170819543796 -0.145301111558566 -0.127245470864781
-0.825030694470929 -0.249064798575846 -0.507238680791588
-0.948477440151629 0.306359018236484 0.0808374756445966
-0.4175411364626 0.815028767691735 0.401730640101564
0.627295423178146 0.312243255915053 0.713445583906241
-0.334292848577495 -0.915274374393364 -0.224769016923553
-0.999822447220888 0.0165634933045337 0.00898469380586494
0.318462431882615 0.353085153273044 -0.879722998458925
0.498825673012754 0.41449601935565 0.761160953991792
0.032563515360741 0.654372656880628 0.755470742910895
0.828129383584764 0.473151572252559 -0.300548355041999
-0.0833125503658363 0.92012042680297 -0.3826714245034
-0.984683286477959 0.170872142646907 -0.0346631821709955
-0.901173769708561 -0.214864534091538 0.376455932054321
-0.738369654256414 -0.201790233265077 -0.643498994118941
0.611801172923841 0.00536503059346305 -0.79099338888245
-0.796977279650727 -0.404668869427435 -0.4484086549531
-0.571795821937516 -0.761527689038287 -0.305164081835995
0.222715036733791 0.155021772344714 0.962479227054678
0.489696358158689 -0.0594729042381809 -0.86986231696033
-0.702781597783051 0.343708761346637 0.622866208098547
0.636441487298561 0.650070274973236 0.415151623917596
0.887961167978664 0.440751564226 -0.131388822942829
-0.594304986259279 0.440395748615246 -0.672943658792455
0.388217466796578 0.919539614110024 0.061107254531976
0.624888943246823 0.52560193426881 -0.577283652376156
-0.739762594111355 0.601946578216317 -0.30068525292622
-0.211786050224491 0.968023404127696 -0.134452065775641
-0.73207512901904 -0.395392057699823 0.554735185633339
-0.895207065092323 0.020567211011216 -0.445175583831828
-0.495489782955703 -0.747031975993991 0.443207741165499
0.950803443250636 0.198579782085663 0.237779062260632
0.523913645832597 0.124800792522393 -0.842578930365683
-0.459977999926911 0.467700770290434 -0.754768990521586
0.709020675882659 0.271644292866239 -0.65076805339852
-0.163761308252233 0.822038945334394 0.545375289386156
-0.331132336888463 -0.605088810325922 -0.724029631358514
-0.138963625919097 -0.420593023497529 -0.89654370738778
0.0214106361059594 -0.0602287456160932 0.997954950317423
-0.903721971638215 -0.13866899368207 -0.405040131554317
0.988704571968838 0.13925697261339 -0.0554144831832833
-0.633602495839114 -0.145503369673402 -0.759853042818236
-0.906547909912425 -0.333020994568291 0.259360567955423
-0.326104029461454 0.776097506135379 0.53974885172592
0.469153978704999 0.548527495702341 0.692107022593896
0.339828473101063 -0.940283532619489 0.019582828049442
-0.360163463971542 0.688540303747646 -0.629439853627906
-0.866324215965177 0.18816676759188 -0.46268306691119
-0.668834080442894 -0.140978257178092 0.729921984763534
0.703419126166084 0.66220915637568 0.258225804589613
-0.231040094777657 0.865404020117213 -0.444630584384496
0.8875018935148 -0.460092417712061 0.0255999252247864
-0.0677680803533492 0.749308753976162 0.658744167716052
0.504208376723999 -0.686459943869969 0.523972001449876
0.295547468720863 0.952720315544458 -0.0705385999404452
-0.562685653895409 -0.60793015593275 -0.560183702376175
0.56335923646205 -0.74089196114142 -0.365657589294845
0.499903351807346 0.087396270224718 0.86166033377578
0.802196590160234 -0.533510978499784 -0.268042285013944
-0.791557264645867 0.610670166010072 -0.022782562006604
0.623890669660093 0.767482235113975 0.147415911948263
0.355765800762104 -0.121485178844973 -0.92664558830715
-0.426783932450827 0.897274914786593 0.112930077023438
-0.211768832632881 0.67920238411647 -0.702736140337047
-0.124076094345852 0.626378492332483 0.769581124479522
-0.06521769031618 0.74993941384057 -0.658283775007622
0.370224566684969 0.631790726132117 -0.681009727240646
0.0856797697479859 -0.971311021902176 0.221842006363275
0.468322710459659 0.388738462167124 -0.793445805899595
0.608663755155307 0.402445471235118 -0.683788034293219
0.756794626195211 0.551341363458511 0.351119060578831
-0.372398819681162 0.785281887907014 -0.494622558750886
0.0966609594581081 -0.0561219002803128 -0.993733863378704
0.746641996745974 -0.516321803734421 -0.419449071620882
0.853585889724972 -0.39307387254183 -0.341883108075549
0.308769053720458 -0.117444138137901 0.943858329349071
0.197525897345209 -0.556542648928017 0.806996778061819
0.0363828890679544 -0.99899705491619 0.0260992270354565
-0.87367058091916 -0.0841647050929072 0.479182656669669
0.480174861392658 -0.874984523105561 0.061920810817337
0.361472041932657 0.837696665920085 -0.409392548548955
-0.352055190300982 -0.500578189563856 0.790872062419145
-0.503712772051385 -0.643015421373274 0.576892200630638
0.287703489327581 0.177692912866716 -0.94109081971172
-0.427863324476639 0.525272509063177 0.735541818519024
-0.0901236937261654 -0.912086898391175 -0.399969010814986
0.351639544611579 0.802701107294027 0.481685128496099
0.828367245120868 0.0888095124674528 0.553100874801475
-0.00395719090298519 -0.847825952450681 -0.530259837241379
0.509352813146837 -0.769804999979593 0.384655656068934
0.0583133385482331 -0.224518591344103 -0.972723473906238
0.228569528867239 -0.712685773178066 -0.663200542206497
0.952441723819617 -0.10641134800144 -0.285537016416495
0.772306590997593 -0.242157084202785 0.587283982475329
0.789242813578471 -0.371670227933313 -0.488832305481888
-0.363897045742077 0.912859492408717 -0.185112093660811
-0.692097168882496 0.646900895466666 0.320188601092012
0.00796876863306127 0.526462780500228 0.850160831533917
0.632371157641714 -0.651690692628992 0.418814947349809
0.943620922214272 -0.32299880016041 0.072466062777149
-0.0586877555953439 -0.391374725977681 0.918358084414286
0.176052812361001 0.288631893191708 -0.941114784440428
-0.236248724551388 -0.966258760688977 -0.102618456135552
-0.00326636538766939 0.960632784335926 0.277802059956653
0.984367746959163 -0.0651962496818416 0.163614142952144
0.526571943894329 0.849886828377436 0.0203560028957211
0.721295972005243 -0.676056876658201 0.150596216061922
-0.573702269417757 0.170692986458126 -0.801080277150125
-0.723913545133066 -0.361164144524197 -0.587800680403639
-0.622469084075151 0.62455345987849 0.471662183267272
0.731649317340974 -0.513125390025773 0.448766766311171
-0.233481541982034 -0.725414732717083 0.647502768419329
-0.384263505716935 0.659226374436899 0.646345221550305
-0.737430507989499 -0.509469432047993 0.443437869035838
0.0514108204719677 0.986617093621133 -0.154737319716309
-0.5698011466487 0.45020821226012 0.687487613627601
-0.421361073245069 0.228232493339306 -0.877704263939675
0.487019484363307 0.853573519289611 0.184998024362549
-0.657805748674561 0.286341270896265 -0.696634964376762
-0.142571630907672 -0.989449471371902 0.0257502167406542
0.426042929465352 0.241332385881511 -0.871920926332955
0.48066634932879 -0.71093465417498 -0.513353463138251
0.518822156025396 0.246277292806884 0.818639765382107
-0.222414149759933 0.782797961517207 -0.581170626779323
0.950747837425735 0.294878540901188 -0.0955258904500468
-0.0243534353513485 0.383046855902518 0.923407827760726
-0.894880458704396 0.294132066076024 -0.335671405298186
-0.227003795310771 -0.601960251478422 0.765580258728332
0.817051994481297 0.242977504748348 -0.52286515517904
-0.782188107818713 -0.111234386765294 0.613032360636803
