# command_history: dirgen -cart 0182 dir0182.txt -force  (version=3.0_RC3-1000-g3151ed7a-dirty)
0.357555929737259 -0.617707194924064 0.700422428573478
-0.209789352836832 -0.550642015605284 -0.807949130877961
-0.377343911012421 -0.737627712384318 -0.559925826109609
-0.0292118879193336 -0.978828606454176 0.202586339103019
-0.126178550060306 -0.165555249739605 -0.978095308642433
-0.620743940111372 -0.306097871379195 -0.721790173078115
-0.0386451711894876 0.763198949045357 -0.645006910753519
0.828180830324697 0.17003828565997 0.534044467898053
-0.876998664555102 0.0886996627087442 0.47223480621818
-0.0772370817120096 0.867034571121283 -0.492225035618003
0.867481165633618 0.49219556114032 0.0722492689562014
0.308199920904027 0.592492011686904 -0.744288939083443
-0.0450936155044929 -0.804274300202644 -0.592544864018144
0.076804529451128 0.92020554911484 -0.383826538470241
0.848430901099294 -0.405985000348441 -0.339619177244037
0.972203429448934 -0.00685837059824795 0.234037293012179
-0.356478010410793 -0.112318153720086 0.927527929734989
0.0227736807590245 0.907076235101444 0.42034992943841
-0.256549559673158 -0.0264724272757931 -0.966168481179984
-0.608287379602282 -0.63935463144 0.470331924360669
0.953733137072373 -0.0582331350182389 -0.2949610232489
-0.867615154622726 0.29095036895102 -0.403226767807208
0.504874403149615 0.457222459182808 0.732153986442159
-0.612233405082505 0.780855147233349 0.124239674582101
0.526235561645773 -0.345386944705441 -0.777035386637185
-0.458134477879063 -0.757300289894337 0.465412796455396
-0.690276292324923 -0.714071303420365 0.116708242578231
0.228391386782174 0.936710892972842 -0.26534897292007
0.00126028772202314 0.632449710249452 -0.774600397418076
-0.68427757641721 0.320189845648726 0.65516613248552
0.824977670622224 -0.0130866744902512 0.565013789146349
0.121049804346286 0.82736092173645 -0.548471375781032
0.821326093662665 -0.538261842816547 0.188938181521265
0.600660193699176 -0.173883224402796 -0.780366552317919
0.216066235622976 -0.239742102168472 -0.946487773968348
-0.541068792352001 -0.152456117538993 0.827043949356794
0.176969870939735 0.363483488408796 0.914637315242357
-0.400556899101834 0.739055098783681 -0.541619545016395
-0.688726480336855 -0.183044351496813 0.701534461497024
0.746109592757705 -0.565428656956584 -0.351583431758673
0.613483685183132 -0.720387733851586 -0.323541776174732
-0.462593923282663 0.884951700070866 0.0535476487218405
-0.702066379451485 0.623348109780627 -0.344296286469667
-0.0691542910268804 0.487665096780743 -0.870287560185941
-0.869661100272603 -0.292448827128781 -0.397697440504269
-0.908940391302603 -0.40455294440854 0.10081805507473
-0.760544832325387 -0.644941134765151 -0.0749832695405391
0.951682119938744 -0.1977300745274 0.234955230238204
-0.598083849005786 -0.506148817184085 0.621376765273353
-0.421312555579407 -0.854695282794991 0.303301342033201
-0.779100849137264 -0.459746471621546 -0.42618663600016
-0.226533336961992 0.76178048713947 -0.606937506386297
0.839379862082318 0.334425294345073 -0.428487070555088
-0.261627401849613 0.477299014596001 -0.838890191423828
-0.219333539894892 -0.244611150098388 0.944488318363292
-0.437453829627993 0.511661912114195 0.739483762252728
-0.472194461880278 0.760964412935283 0.444933199947649
-0.701576534017107 0.0507698627352655 -0.710783221491887
0.13615880849308 -0.411947544655711 -0.900977246839162
-0.771511102059971 0.636204728923043 0.00376328236591511
0.797351070773903 -0.19394367172316 0.571504262568749
-0.449055849997279 -0.47008060183327 0.759850690177545
0.430527124145775 0.0692030104059977 0.899920740246337
-0.462317881503666 0.649728008754766 0.60341999559306
0.48051658179166 0.875291620845964 0.0544829615577547
0.63088640723063 0.772965798365676 0.0671283526428301
0.0625689147870117 0.666858253155382 0.742553163821236
-0.602470126698287 0.415906533853218 -0.681213257016004
0.290625734007645 -0.064445561866036 -0.954664052056161
0.461550195097674 0.631147640151645 -0.623397203824584
-0.423628594361632 0.192600061676149 0.885123737271536
0.668390859232108 -0.535352556432654 0.516382900197117
0.371245136414275 0.592820184072454 0.714661652843531
0.282474164609004 0.415083484359157 -0.864820239900008
-0.59572348388864 0.489523558642327 0.636773284833569
0.906051357451746 -0.108053383560802 0.409139834238749
-0.955750206166465 0.291053120512226 -0.0427741096091508
-0.992681203313817 0.103416442591928 -0.0623623924257406
-0.94911076911193 -0.202890740680295 -0.240881911529201
0.521184834702663 0.618701463510421 0.587856161935912
0.617774233952153 -0.61476148409554 -0.490329800784613
-0.714231407586926 -0.363635164010546 0.598032577633879
-0.822510855727679 0.271917203673312 0.499536711920763
-0.160574079539069 0.93655398818628 0.311580795609348
-0.796233416387449 -0.0261672364543165 0.60442338006096
0.261932678901779 -0.860191476735678 0.437563589749686
-0.37275132045384 -0.918223220352043 0.133875205718768
-0.345567669552431 -0.911896312630867 -0.221422900284341
0.665445766275623 0.607879871626591 0.433202024253221
-0.275619348036921 -0.857263703217293 0.434894145895154
-0.644422822120708 -0.482651918103368 -0.593098939706624
-0.916407350755435 -0.296910240303219 0.268406178551258
0.264554420099018 -0.515981923276399 -0.814723028800623
-0.585775484895618 -0.752035983583365 0.302173726010557
0.308375122559863 0.223961766741686 0.924524694545328
0.843436989764614 -0.510723897046093 -0.16665876899479
-0.00182361056263381 0.973272626554211 0.2296455286845
-0.543636005911908 -0.829730092150922 0.1265222006423
-0.529574025171266 -0.736422301960812 -0.42099114603355
0.66136598861439 0.704907151028552 0.256321941185145
-0.367982777512605 -0.841615354499296 -0.395312876750978
-0.42652583605443 0.830524706266807 -0.35819606845763
-0.95983982852836 -0.121762755765342 0.252747571460299
-0.717893688162412 -0.141567264936005 -0.681606456832026
-0.834797271688988 -0.474217110100093 0.279699209274782
0.607310135923534 -0.792425261547024 0.0568911563133513
0.00522578183895177 -0.294504145981307 -0.955635913517273
0.901813866474773 -0.374454018993304 0.215675538468278
0.972265199181094 0.218363331942992 -0.0837725356193961
-0.309135415272577 -0.744714766876186 0.591468689805977
-0.347816591523223 -0.417584856593391 -0.839432252302141
-0.121404879206739 0.940773865740942 -0.316552347714626
0.143614299104961 -0.982949953218943 0.114823005358107
-0.506412441003218 0.275973245714677 -0.816936476873734
0.898679754401109 0.107447807539119 -0.425240717340895
0.321165118162148 -0.868503596918301 -0.377563860844581
0.473721234114253 0.269536405777512 0.838414168719619
0.0803777169090044 -0.11314252405591 -0.990322266676234
-0.91632735509866 0.235993409592751 0.323498514566424
-0.0571274054780332 0.0203181131976787 -0.998160124338492
0.294962968981601 -0.925310082783027 0.238323514638459
-0.995308533053595 -0.0141218028112394 0.0957157182288339
-0.348046764364617 0.358275255853273 0.866315353008702
-0.157242567103189 0.982383260152695 0.100984678355492
-0.663311859950795 0.237556694570682 -0.709636662886909
0.738412530832628 -0.444621618836228 -0.507009418426133
0.784119642724855 0.564522772622733 0.257818589483747
-0.584594196486547 -0.107775917941763 -0.804135546376392
0.136224320817737 -0.3281202421038 0.934762023800438
0.51522027271142 0.821916650998697 0.242901398510292
0.0403304196470551 0.489848173235136 0.87087440221268
0.329918547076173 -0.307005588739823 0.892693296030424
-0.17305650466464 -0.9814436965317 0.0825815762228478
0.812307353522882 0.572992333569445 -0.108795905636631
-0.94675204728325 -0.311746908220652 -0.0804638190731601
-0.558184995780869 0.69577870043902 -0.452019369607653
-0.387818502846724 0.125009970458804 -0.91321920486574
0.317601969053755 -0.930704889567008 -0.181431523692113
0.747384367732682 0.332337849194727 0.575298323360534
0.41590621333347 0.288831761713463 -0.862321422171635
0.140551380279749 -0.857260164054651 -0.495328497692642
-0.184879855712208 -0.926497654233752 -0.327752247362529
-0.555137788239779 0.0880521885468188 -0.827084547165743
-0.882198659098206 -0.402057799018293 -0.245102125926916
-0.287811955862995 0.658887607805764 0.695004603108724
0.199031302694625 -0.156255998006737 0.967455737299955
-0.15786621894555 -0.700986374909887 0.695482824451137
0.746184896027087 -0.369151483047658 0.5540174036118
0.731482015662212 -0.657210004045981 -0.18168398758457
-0.00932869643239961 -0.199605052291157 0.97983202566701
-0.520400865489633 0.585252252323982 -0.621822113105788
0.474628425407402 -0.842570342490755 -0.254564482499627
-0.307216772972555 0.951147506429787 -0.0305986178891918
-0.100497133149275 0.600764515338131 0.793084058180038
-0.182627384974207 0.633709717785912 -0.751704218320732
0.991455796690625 0.105303376741568 0.0769844273563323
0.976627442465999 -0.171800919591623 -0.129163782268072
0.304484127910212 -0.777744131936553 -0.549912248535178
-0.489875163350722 0.0221663382049044 0.871510744502149
0.455693050687066 -0.877390709349195 0.150097923713925
0.802136879381272 -0.463091114364682 0.376992104072421
-0.143504126018709 -0.530461488376454 0.835474221723833
0.722580664118218 0.625129073951836 -0.295111546271229
0.119683070480746 -0.744288234542074 -0.657047172250625
-0.916309714478255 -0.0830807396216032 -0.391757702996005
0.222236577342802 0.713344068261352 0.664643621775837
-0.206648670738788 -0.838655767626281 -0.503937327759183
-0.925775950393035 0.347188667843746 0.149662682706003
0.0060725877986323 0.999914787202906 0.0115560378329352
-0.736051043556477 -0.500102651187507 0.456208504474268
0.658862354768134 0.00056112101931805 -0.752263306703572
-0.710602202222988 0.684611454038217 -0.162331966031088
-0.155671862535355 -0.97813276928117 -0.137922285628983
-0.808247528523343 -0.203766778023911 0.552462698116046
-0.15203909158225 -0.0675174325590843 0.986065672727468
-0.576659716843455 0.77231164751063 -0.266455043280182
-0.0766605897270727 -0.370202225944713 0.925782623453409
0.440061294818749 -0.453365477784398 0.775116636613982
0.577728153562984 0.336165911567959 -0.743789392557052
0.883205854102224 -0.468554167198569 0.0201099895677984
0.310967171596232 0.949566408162025 0.0402871527873459
-0.753065170087693 0.149455367187848 0.640746395088993
