# command_history: dirgen -cart 0200 dir0200.txt -force  (version=3.0_RC3-1000-g3151ed7a-dirty)
0.138834205896355 0.828845988830072 0.541977296640209
0.372982108610546 -0.614297995261538 0.695357691892516
-0.796057594601892 -0.422782402598676 0.43306736904267
-0.469347270617168 0.201788704429749 0.859647868797904
-0.851828331963057 -0.347529873363931 -0.391933004459546
0.151764167777563 -0.967442281220275 -0.202541526325084
0.815900008061748 0.0594164238730832 -0.575132041725179
-0.209262672449183 0.737579220783206 -0.64201715474609
-0.0330398198786616 0.793759066879149 -0.607334268792341
-0.892513257522938 -0.392941670077274 -0.221397671764353
0.018538821886176 0.994733834176312 0.100801345367835
0.377041984862182 -0.737200762652377 0.56069098191066
-0.588163472474982 0.808726308646073 -0.00504849976414722
-0.880812549359444 0.0751638959152088 0.467460845035993
0.206974090156379 -0.610318813385915 0.764638916110832
0.184650595046396 -0.908463647726807 -0.37496394294374
-0.937325098574859 0.295120004220206 -0.185272347344921
0.349915695231798 0.466018635801419 0.812641149165013
-0.286013017484214 0.224910441625704 0.931456841231684
0.676724969967996 0.403379845625672 0.615896107444124
-0.693101022006415 -0.388362401333339 0.607277217195134
0.527734579445228 -0.718878247873197 0.452449199792122
-0.176605700746876 0.921500347120633 -0.345901050475795
-0.766058271172274 0.113448437181074 -0.632680154003363
-0.170467356893638 0.0812122641634589 0.982010920704623
0.976174125257018 -0.113924934116786 0.184675896004815
0.481234735052462 -0.480023693100382 -0.733478277688751
-0.931952355013127 -0.205780307182927 -0.298528513146043
-0.954158129833958 -0.174413037075591 0.243233130493839
-0.485509132936481 -0.853998102893242 0.186997652632354
0.626161306796615 -0.149521299044479 0.765222450665692
-0.945771391300996 -0.0126607812797611 -0.324586167317655
-0.419517284559031 -0.614612246942689 -0.668024725488717
0.131983445880159 0.716218315419111 0.685282200755142
0.441459337097749 0.716880827027184 -0.539625364053652
-0.326255762035097 -0.901209921221192 0.28526804172811
0.829876202566999 -0.240461717860717 0.503471598659199
-0.45887655643159 0.171464611770283 -0.871798252388677
-0.338014407919417 -0.936005637163761 0.0981820107583247
0.0787393460636545 0.568454826031349 0.818937864641229
0.662118870419919 -0.580736771590778 -0.473649029932683
0.0488280011296656 0.0664609213324455 -0.996593584286656
0.865084007814452 -0.3589916445494 0.350363609079771
-0.0163474827065762 0.892460650180326 -0.450828956133995
0.759992675422848 -0.628802781031224 -0.164372126198517
0.839654820356232 0.530917658972925 0.114482409317998
-0.792824811063819 -0.277749451040628 -0.542479549299556
-0.147799024408353 0.0480327823632927 -0.98785034301881
-0.139758369813324 0.990142491345397 0.00924364102790786
0.318279115674825 -0.944935303546248 0.0761293414999145
-0.976100950211862 0.216788835788237 -0.0151504347489277
-0.522691491358009 0.727705876410777 0.44411458239869
-0.337115543185987 0.906865758318211 -0.252878640719918
-0.338000095498036 0.904891371070151 0.25870357942267
-0.464050768493479 0.880307900016195 0.0985641183681396
0.600772292432374 0.744989991177245 0.289935450904642
-0.776881272288458 0.537013061015113 0.328743762019367
0.580012313030489 0.134367129520791 -0.803449557369574
0.922206431093885 0.386231217285719 0.0189932946871207
0.180868979751081 0.983506525574668 -0.00115165786952646
-0.336224330314496 -0.937168368595766 -0.0931055777497764
0.438966128169931 0.312378003248446 0.842453987708536
-0.627226912541701 0.762029562811229 0.160926522317276
0.387952086132721 -0.36306616588699 -0.847157681930224
0.568440382525939 -0.325514450922952 -0.755589752282344
-0.303934313833266 -0.732834515768264 -0.608750774433509
-0.835110771751369 0.255527329863182 0.487130149547147
-0.283640888593311 -0.725839572115375 0.626661600761819
0.0109160364429089 0.374949608911339 -0.926980922633045
-0.874675710464155 0.0577566997564344 -0.481255197537928
0.302916064687048 -0.473879350670809 0.82684957444648
0.0725581766994208 -0.212930175597306 0.974369566085762
0.25281488655059 0.602136315262413 0.757308715769611
-0.12170088786924 -0.235258397541277 0.964283350617519
-0.98146844091964 -0.187857985044846 0.0378031339132371
-0.791945307760742 -0.525411771752645 -0.311070891630013
-0.241238392843164 -0.0887672779204771 0.966397644962484
-0.0402993458600559 0.665749548448386 -0.74508623760208
0.306820135915117 0.831173564229537 -0.463693767828506
0.270873774817079 -0.191485814363677 0.943377220953435
-0.0945424936759916 -0.273870716063478 -0.957108430519972
-0.679746639193011 -0.532326870682716 0.504551889556419
-0.706483923888975 -0.198654374234063 -0.679276751320189
-0.502526573134922 0.81786079183558 0.280304777824692
-0.297567900560704 -0.266407833373147 0.91677707806932
0.175764451254812 0.965470957853611 0.192282831309314
-0.845188123329019 -0.470665841127778 0.253240403922936
0.386781536145877 -0.327237082748935 0.862157720472654
-0.526138280342824 0.603249859217598 -0.599389787460417
-0.0248618525915435 -0.101744998833411 -0.994499795624969
0.158594463464528 -0.971965536101973 0.173582236384956
0.879881945148072 0.140458156027672 0.453959545562985
0.459455448609053 0.289411051155227 -0.839727297527406
-0.999314061066734 0.0318601760131568 -0.0188768784157247
0.590978630559686 0.567226110551633 0.573584167956426
-0.506633080493953 0.810453919901247 -0.294087343260318
-0.520826729456627 -0.45066815209131 0.725008782411715
0.465969062354838 0.804942324965762 -0.367342736973072
-0.120340677737333 0.548675616780474 0.827328948382858
-0.608230553683829 -0.300114839469757 0.734837857418563
0.190134022681688 0.413715182420892 -0.890330725771793
0.290462175799835 -0.516417199766539 -0.805571226034615
0.977699628022811 -0.140158996015677 -0.156393392443334
0.623586738876461 0.775124669256305 0.101593928006176
0.732538502134778 0.591496888877487 -0.336925471489453
-0.175360220428402 -0.965357771538437 0.193217923655247
-0.836405647979059 0.548036336940056 -0.00904242346142022
-0.748544407751062 -0.641925990549219 0.166169468561517
-0.358622378353328 -0.442635024748853 0.821866305800271
0.558300170808712 -0.313674643634828 0.768055425874674
0.00539932144001238 0.95786052716727 0.287182969242307
0.724323647007583 0.187467525467512 -0.663484122855041
-0.740493450641002 -0.478201579260831 -0.472221027856903
0.929195527016199 0.336240517215164 -0.153420947578769
-0.533869699886905 0.0344767359740451 0.844863597404482
0.204050919280608 -0.817987173140151 -0.537829161462004
-0.920185577074704 0.181744811909025 -0.346738124652952
0.275876003625843 0.290189742008554 0.916341827189201
-0.123455540180404 -0.705479153935153 0.697895330949925
-0.765656509766325 0.617825233770154 -0.179058899721028
-0.66010938049794 0.673514793124561 -0.332616038730855
0.0392076511715117 -0.794939416794878 -0.6054205841524
-0.724703154543558 0.689019209831626 -0.00760698873519637
-0.509834053518911 -0.474317025511249 -0.717699517334823
-0.715917795949476 0.296330207992314 0.632178864937825
-0.338976562956415 0.0274356947004395 -0.94039468970351
-0.0222403993271591 0.890610628765472 0.454222492362212
-0.394939988028904 -0.595653700555427 0.699441973912314
-0.3600333501769 0.0582294503731759 0.93112046367247
-0.311430158965068 -0.829805689276956 -0.463069945181706
-0.418125543441298 -0.114600651918459 0.901131355853176
-0.0921443233925834 0.24858410327285 0.964217489608312
-0.370425851531378 0.737493799123695 0.564701323507704
0.76065046596589 -0.410565764016046 0.502838564594835
0.52573803305052 -0.612194923541222 -0.590607226669746
-0.588609245257399 -0.318397350388518 -0.743076230048496
-0.95980174830439 -0.25106499626527 -0.125486937974263
0.486001876681701 0.705818740119198 0.515385372278273
-0.618508708399278 -0.739669679015772 0.265208867836206
-0.361012736695463 0.833689747236566 0.417888991594997
-0.633600743791229 0.754073189561336 -0.172984745720524
0.209556265856743 -0.69415039800655 -0.688651868789685
0.675098619657759 0.0215595295981025 0.737412395081407
-0.633318873673276 0.459240208079487 0.622900983730419
0.654313214309887 -0.684414035007621 -0.321638999911471
0.921050838886248 -0.389270714251346 0.0115612807761941
-0.489455132275541 -0.872028398521941 0.000381654807046014
-0.236729087278898 -0.580710595762722 0.778931667866318
-0.5492105851074 -0.576167325322602 0.60530896774836
0.707233391904013 -0.285849812130806 0.64661488869398
0.180111472460047 0.437921260335756 0.880786482204522
0.651343043134098 0.635559156372342 0.414507899698051
0.561620788289276 0.15494867623496 0.812756419780469
-0.472852207238564 0.873082035219128 -0.11890563437972
0.0404373204192463 -0.67624727249359 -0.735564034984237
0.989764847991596 0.0401475401808657 -0.136944224769059
-0.479161123877833 -0.857355992656873 -0.188003508529706
0.776081076449298 -0.123153117536936 -0.618491287261375
-0.867117542203042 0.463425887909397 -0.182602339577408
-0.102554533497462 0.499333731452288 -0.860318773649077
-0.812779647727728 -0.258696309568745 0.521982244578398
-0.139152772469514 -0.82635429274043 0.545687720938918
0.197590718010294 -0.841962824782777 0.502052297913259
0.950644121279373 -0.0154166703628438 -0.309900114475443
0.0179401285329297 0.995407256957158 -0.0940348051800443
-0.517565953492404 0.0101292814206751 -0.855583357390383
-0.214302391653934 -0.121105843867345 -0.96923055023693
-0.589645663750607 -0.68005266139158 0.435713631820643
0.0717073196119815 0.546429376635643 -0.83442974339584
0.46275621205883 0.803648587327812 0.374173270406874
0.799351345107543 0.0676541297368888 0.597043001637492
0.692330105522119 0.0114110969130295 -0.721490687296082
-0.370712631246538 0.61847063394013 0.692868111539247
-0.198471394553494 0.385400682275145 0.901152273284512
0.629085808907264 0.772753058180548 -0.0842837831620323
0.888771729470728 0.302394433417183 -0.344445089284072
0.85091951076702 0.519412605752326 -0.078399816208926
0.763164751888023 -0.423897203819562 -0.487740424887715
0.935588004928425 -0.31384213732332 -0.161796779555031
-0.865129272138971 0.375771785111407 0.332185050841367
-0.728493667065714 -0.652512628800574 -0.208624654106156
-0.190012149161821 0.348685603768029 -0.917776515768317
-0.324689629160153 -0.902183459818561 -0.283974733991693
0.749814739161681 0.661406920481338 0.0178533603361802
-0.362190499787745 0.83532302231209 -0.413586134026395
0.300650879948591 -0.949136616850291 -0.0935346510129875
-0.639092702011253 0.160842135311749 0.752123876595015
0.985067812763844 0.0787890021684356 0.153080689160846
-0.897922062462855 -0.123787713110279 0.422389123706304
0.475411593155966 -0.470012344381912 0.743688250022498
-0.923250470609312 0.202456085224997 0.326527337408453
0.863047569327692 -0.477718070323872 -0.1641168436316
-0.00241800403965838 -0.96057745469267 0.278001990627075
0.158594643356337 0.912873500951355 -0.376177764307637
0.396703980235876 0.139908922527166 0.907221828144749
-0.160278260367092 -0.912030302049366 -0.377507095823962
-0.66383750525255 0.569186867218193 -0.485124805391778
0.780134122201662 -0.522946291716321 0.343391798616086
0.628032489578353 -0.449062314683816 0.635545615644408
0.0104818999588588 -0.419139381586992 -0.907861392821683
