# command_history: dirgen -cart 0019 dir0019.txt -force  (version=3.0_RC3-1000-g3151ed7a-dirty)
-0.857970454884649 0.154011220572876 -0.490068609974849
-0.750433556027448 0.0202241282460167 0.660636407280652
-0.254835890946154 0.429890225718302 0.866171497174519
-0.0616577345871877 -0.994868336416665 0.0802204273306598
-0.117892996174132 0.869503314375471 0.479651152133671
0.488839397769827 0.4712565648773 -0.734134383643812
0.95856300629753 0.22579257521067 -0.173708594886883
0.65071238494063 0.715255374528359 -0.254917910891279
-0.148857479011064 -0.0763441022867986 0.985907211145397
-0.0488702468662037 -0.813786092916773 0.579106116308998
0.487342407892887 0.828392286884209 0.276158643717543
-0.509015897178848 0.860444530522391 0.0231953942263127
-0.259341666655594 0.439296847936029 -0.860093122475565
-0.486071243141555 -0.0732151723446439 -0.870846878118862
-0.674861927141185 0.554631684589754 0.486770041954533
0.939600392567793 -0.340652156327911 -0.0332747753650473
-0.586058465455398 0.664226487308849 -0.464045955294744
-0.315837713623229 -0.564314020700138 -0.762755678244676
0.839879241390325 0.394827265702708 0.372443673780795
