# command_history: dirgen -cart 0203 dir0203.txt -force  (version=3.0_RC3-1000-g3151ed7a-dirty)
-0.187187179480463 0.0252624894982639 -0.981999371925715
0.836118515407563 -0.41499396938985 -0.358728077466357
-0.481549231266736 0.763232275057631 0.430797901778512
0.700519992883113 -0.713569711454074 0.00948717378318868
0.446543298470453 0.766646856558067 0.461358515604473
0.861272702141591 0.275516844816705 -0.426965807492789
-0.806265748178462 0.586423679433907 -0.0777355228542514
-0.768482613869531 0.571713567440176 0.287364000850978
0.985481668019983 0.0451593198174231 -0.163665872527475
-0.519838259861687 -0.848699459708538 0.0973519936848136
0.333391477260684 0.44464201419807 0.831350468875686
0.0401628933174362 0.998988439920801 -0.0202247102569001
0.594864552064004 -0.223888036957546 0.772017041006861
0.53683037545251 0.627544771639872 -0.563915514575524
-0.182187635379478 -0.939261388704707 0.290853415320055
0.20209769781079 0.972576886461038 -0.115111773773724
0.787988359842643 0.00530663535932391 -0.615667267583445
-0.751011386625552 -0.376847839629898 0.54218779304319
0.317924181686841 -0.872353097230433 0.371381594120148
0.152299028243298 -0.768091029313698 0.621965575159888
-0.107698025964655 0.848754271944986 0.517703893223195
0.243072141532163 -0.191016614205794 -0.951014504152446
-0.123668985323854 0.990365548088025 0.062306205383363
0.85692624544886 0.274084898695654 0.436525919239526
-0.712778110244425 0.529802512997238 0.459626655861253
0.430215052418223 -0.232353667634795 0.872311172580889
-0.0229848575872163 0.743459278357953 0.668386114267171
-0.687126252956626 -0.55800608486835 -0.465281336126523
0.00994164279574532 -0.00200565747713282 0.99994856921574
0.949521773488016 -0.0984152321598373 -0.297863800672552
-0.0275389457398404 0.488843570280183 0.871936677897691
-0.152046145472534 -0.466095677257 0.871571448183845
0.834114388840553 -0.502793418692651 0.226830254702734
-0.0718576521447456 -0.834597986262316 -0.546152615259812
-0.296171220426244 0.955128709849607 -0.00342867499974937
-0.687932343691019 0.101506328033631 0.718641465456114
0.764770463042745 0.635973484258797 0.103265997197098
0.331793068237745 -0.380192833321128 0.863346262724659
0.86039108342603 0.509587314550664 0.00692476786795506
-0.402035280277655 0.69901483299642 0.591393182800625
0.439141231602431 0.559437902683575 0.702982369443006
-0.26881288888281 -0.808083865943728 -0.524156557120024
-0.842096139399088 0.104157520728115 -0.529174170651709
0.087904512636344 0.610803362456635 -0.786887570793843
-0.796405634506918 -0.465534708950467 0.386025258354992
-0.143222286356537 0.341615819052451 0.928862750283339
0.342312629726358 0.870461952373166 0.353720303347887
-0.261462524102496 0.208125573054626 -0.942507874943565
-0.671600598212236 -0.087963009873468 0.735673259929275
-0.679420465536235 -0.553802340334462 0.481342704162637
-0.93772848960685 0.328238365646586 -0.113687532725948
-0.212870786351689 -0.97493997461952 -0.0646380244662732
0.999563820242047 0.0234285177427292 0.0179798170041614
-0.0724696623521947 -0.620277476476487 -0.781027528461398
-0.984459707386493 0.128806257334242 0.119365123063837
-0.604216727607819 -0.700122851207739 -0.380460430656914
-0.654546644031513 0.359756801761803 -0.664938895217601
0.050470119689703 0.984637253123149 0.167159345477922
-0.0123284053421056 -0.84009098793365 0.542305395892744
-0.973266197805268 -0.179431324031963 -0.143378199757891
-0.534770792951999 -0.639565649990773 -0.552246302257761
-0.117256377462084 0.627708982095047 0.769566355645612
0.501933776197102 0.407267570368774 0.763017437833784
-0.806651127925529 0.425564226962495 -0.410132962033396
-0.50119027216378 0.384865683758655 -0.775039816108424
0.980359432305067 0.00208501318299641 0.197208103815522
-0.610348389801201 -0.694609049197397 0.380779610588814
-0.558451473707844 -0.199349639987356 0.805227714718296
-0.214065826766341 -0.305578991458203 0.927791626277275
0.305560441310709 0.127238844698611 0.943632922860244
0.840369017396842 0.510693004009365 -0.181583507663435
-0.171012305199563 0.0200340048555014 0.985065190796925
0.367334580268014 0.913734714924603 0.173649580710624
0.936395093262907 0.0842800743321165 -0.340677411026507
-0.271554642208917 0.944424297574158 0.185258798566617
-0.156942035465412 0.87128487532432 -0.465007380086658
-0.570963052871791 0.213310826008969 0.792779719570762
-0.275327418666505 -0.132518434483902 0.952173133969015
0.431627759072081 -0.190443699504214 -0.881719158756099
0.157722613043829 -0.943200206633692 0.29239861070256
0.307023059259209 -0.814983702536935 -0.491465569172761
-0.280884694991097 0.660247707887255 -0.696546303090745
-0.357449540946643 0.0492869324932322 -0.932631022410493
-0.653831803092129 -0.303612396854607 0.69305373943259
-0.463515951263145 -0.757753187084796 0.459307163440171
0.873629593098472 -0.243521019710541 -0.421270515253248
0.141979405066509 -0.983033950640308 0.116129670736934
-0.0962083495702992 -0.159216368418329 0.982544707125654
-0.862537363582116 -0.116271144543737 0.492453365681769
0.36060365738589 0.694213749237748 0.622922364865148
0.19857602121787 0.948508329785295 0.246778265098835
-0.381713729086213 0.47763733837722 0.79130095539878
0.909108613960463 0.320671832098291 0.265877987282909
-0.448783276131531 -0.535883275761497 0.715138228473194
0.679756949220861 -0.71073352790018 -0.181075515474933
-0.0176445192486217 -0.733437765712045 0.679527567334695
-0.0368224576342244 0.49290586863736 -0.869303118179514
0.462804597989188 -0.76865495109424 0.441567061994413
0.447002592948459 0.0971599793328353 -0.889240473838993
-0.124837445233377 -0.154445351262034 -0.980082774943602
0.610923818988945 0.471390545986581 -0.636052702648481
0.760108566423877 0.643796844905074 -0.0880942094539103
0.165192204587429 0.898343063273701 0.407051933064527
0.776244268991542 0.211640121022212 0.59384618718275
0.598669273588593 -0.730230335607608 0.329178914603149
0.161735907050987 0.871425743523475 -0.463096825615285
0.155367332138948 0.472937635725761 0.867289446965748
-0.154164451019092 0.357488709948261 -0.921105392613413
-0.54693363108839 -0.240086599660603 -0.802011239227904
-0.20558344879913 0.904228076771293 0.374308737218815
-0.520254902379743 -0.848956748322169 -0.0927754063752518
0.0844442062514446 -0.183929934727646 0.97930534315996
-0.799607713767848 0.59070515785758 0.108143056011044
0.986105590876809 -0.153638347270474 0.0631745351347848
-0.33729432757493 -0.86919935932899 0.361559138078197
0.594066309434991 -0.791991218901372 0.140837243573593
-0.85118462074142 -0.488623048453624 -0.191656614634539
0.740408847610308 0.606530166829057 0.289682403861008
-0.353494699792762 0.0435245491669543 0.934423410900133
-0.979424117307269 -0.197978156781105 0.0391541552639426
-0.878623077731059 0.441592386067901 0.181707599855537
-0.379815416418713 0.869099269915901 0.316870176069516
0.677691545158111 -0.297566977881928 -0.672449301654353
0.33700233460284 -0.335726790373598 -0.879611817052089
0.30111790580217 0.795269512824696 -0.526188567698774
-0.736963404586481 -0.611559637732851 0.287888432897827
0.932489271114772 0.350572385584134 0.0869641404355316
0.658976004282394 0.324710507369307 0.678464230585503
-0.00128479572011548 0.926337980481005 0.376691246537971
-0.394709747808775 0.531217330312906 -0.749674838153157
0.606710096112255 0.491657773322406 0.624640291053268
0.0220057864816219 0.979534192528794 -0.200071264874018
0.573947644390452 -0.816837070155492 -0.0579767394602675
0.522142074954576 -0.378158092857781 -0.764437119957094
0.484064039998289 0.0942237211938203 0.869944765801211
-0.765723728697233 -0.201566698257198 0.610768399201938
-0.552352730685197 0.521760819121967 -0.650132377699942
0.37399520993113 0.676710441399469 -0.634184958391088
0.263892033546553 0.597248600922031 -0.757400226648594
-0.374243930073898 -0.927274664499572 0.0101576266937555
-0.636732515139437 0.681219509074172 0.361264009584335
-0.171324440185851 -0.72765996382234 -0.66419794733579
0.487147335274831 -0.556732498348034 -0.672856893416266
0.632104460986353 -0.465003182133226 -0.61985158788788
0.313355567918265 -0.930573861234669 0.189316076552997
0.360883468484308 0.913178087061491 -0.189390874873766
-0.928153841082439 0.275107320345607 0.25069186180683
-0.650350216397147 0.0336686039370163 -0.758888016206026
-0.954590805590962 0.174252140800496 -0.241645577877277
-0.731251132522113 0.170837860661725 -0.660368235569861
-0.0584113068039029 0.175393420642413 0.98276409541294
0.888536644216377 0.365420346533944 -0.277435762337358
0.210360665319264 -0.488612127065664 -0.846762410461638
0.464804433478999 -0.845787746833833 0.261915875662424
-0.652252368691424 -0.757990604097204 -0.00413420328271385
-0.642657409354459 -0.741862140236378 0.191394929623845
0.25999126097856 0.596748472678495 0.759141491798901
0.748758743007438 0.394672644280339 0.532535302704607
-0.792321236536929 0.183919520858785 0.581722157030026
-0.926677296927272 -0.36385116479166 0.0942418019740499
0.185730300141559 0.739396595918801 -0.647145215197498
0.223162349600703 -0.515895875737641 0.827073159471147
0.664677116370138 0.136520129613822 0.734551962208327
0.571713745257756 -0.628774143630336 -0.527054522592576
0.429634912924509 -0.894468295544907 -0.123856004542931
-0.390333856113237 -0.27525660234849 -0.878563192738767
-0.883044701090104 0.0663573287982313 0.464573740962027
-0.715346326765416 0.66724639508086 -0.207513568315001
0.889959676969771 -0.455975692756685 0.00761189745872272
0.22049692569255 0.306861946831141 0.925860060347749
-0.00539001713443439 -0.927378031132627 0.374086801541919
-0.538655279454431 0.804192995723742 0.251245130390108
0.768771641154313 -0.365322318613956 -0.524909294335152
0.950051128163396 0.215051542351434 -0.226176232190138
-0.38956095639268 -0.274067508699538 0.879277693296975
-0.454244114574668 0.888035608500948 -0.0710988214292432
0.723044045054494 -0.583896263631898 0.369151001932738
0.515337655947262 -0.0749363994181774 0.853704654084198
-0.312332361755794 0.781394157463878 -0.54025148447863
0.691409265812098 -0.485972229592933 0.534587896620986
0.92715666161267 -0.0432246912828845 0.37217220596217
-0.551920935125158 0.0300305356311158 0.833355535351076
0.442284653453879 -0.662321543424144 0.604743299620129
0.936261571756243 0.142305851248956 0.321190463670452
-0.643974757968944 -0.739833013727859 -0.194791229004785
0.500724789981221 0.818392622866617 -0.281971983600785
0.590799304647604 -0.637282502129509 0.494800155726996
0.206733969798359 -0.746499706647175 -0.632454942037054
0.0417974959193645 0.329379498847629 0.943272026020997
0.895526744186731 -0.348059219049079 0.277284385570589
-0.0297035908364633 -0.332436268118837 0.942657851147828
0.107513657406433 -0.63506054196213 0.764943737482606
-0.504454090104912 -0.378145012098006 0.776229618606392
0.813450411338856 0.4499403457245 0.368581217077001
-0.951719848175899 0.298765393857107 0.0704880842515359
0.501663232379496 0.818791759364073 0.279130894162653
-0.330287015103883 -0.442856591810372 0.833539757146514
-0.10314057335885 0.964831502977097 0.241789563443427
0.781298404331556 -0.303316951373572 0.5455012652583
-0.882043023468827 0.229939417914029 -0.411251709831494
-0.298294268754218 0.622408108719705 0.723621914696029
-0.774068163974879 -0.0248254490848069 -0.632615344896326
-0.869245646535153 -0.0895428973584648 -0.486203738686095
