# command_history: dirgen -cart 0103 dir0103.txt -force  (version=3.0_RC3-1000-g3151ed7a-dirty)
-0.425525359741882 -0.875568198651442 0.228710510748436
-0.0825934168937404 -0.323030250242874 -0.942777696444842
-0.700122795631383 0.403289293112932 0.589224759406602
-0.946682105429263 0.314364714269995 -0.0704827474064552
-0.93544962093538 0.18974456026291 -0.298213025440688
0.611872900761724 -0.64087979670364 -0.463556511647216
0.170560358208183 -0.977786720804885 -0.121828949045479
0.719806196894518 -0.662469137565555 -0.207397397971625
0.607330263099167 0.684067927004704 0.403981463395765
0.630140842230724 0.727366709174113 -0.271772311573449
-0.119526666349297 -0.847502054484956 -0.51715920534706
0.502632486805845 0.834695495233167 0.225042248133169
-0.663562336591536 0.378381873965151 -0.645377550672319
0.352411968721928 -0.409365256213817 -0.841561579034197
0.612200543870879 -0.0288806322006936 -0.790174919348803
-0.572483535636556 -0.455883086555607 0.681493369606485
-0.616787275053587 -0.612868024121611 0.493929390035907
0.387137172840267 0.790196151818015 0.475094570645935
-0.0293706964629226 0.172917605708472 -0.984498280255142
-0.668484275150017 -0.486503919590918 -0.562532408044043
0.686556025539966 -0.688589038175006 0.233422278928098
0.289181643544216 -0.898525738002895 -0.33019005918322
-0.178039330516106 0.252081599768391 0.951187081413318
-0.596298651744279 -0.318158792599026 -0.737022998704848
0.0224529280781317 0.0896672405341823 0.995718661066319
-0.569262025207277 0.287179045776472 0.770369354481228
0.260796770330735 0.917787341434359 0.299418503917025
-0.265090154730413 0.644474643012911 0.717202652238813
0.780839277030203 0.617947856216282 -0.0918175933285737
-0.642158133793892 0.141423874827908 -0.753413710275441
-0.792449719750217 0.487928164895613 0.36599118509795
-0.390367664026989 -0.626801616470787 0.674338802436669
0.911550790902165 0.289241069576979 0.292258035433763
-0.278373744839112 0.873394698182275 -0.399612011044891
-0.0118607114269741 0.699504526299124 0.714529734308856
-0.974398834173349 -0.221375049029236 -0.0392428290127276
0.821342828721077 -0.358289120791615 0.443874828787161
0.972242726797296 0.0479507606291075 0.229008307152488
0.811838500337472 -0.145346152750649 0.565502206229463
-0.498482721671205 0.542711071822905 0.676002713541967
-0.200968877239209 -0.965141176743996 0.167672357096887
-0.756922316076433 -0.361565177667929 0.544370489394353
0.765815122881447 -0.147928589084476 -0.625814932785684
0.145838824463713 -0.829203903912753 -0.539584954400039
-0.716175025944396 -0.68011466879621 -0.156644085434996
0.247053282652779 0.694389153062009 0.675861213297755
0.106326999880202 -0.495481846146316 -0.862086021946716
-0.869357149573438 0.259843287874902 0.42035652990278
0.402393914168962 -0.138483377620551 -0.904931760942551
-0.186565635031788 -0.547047325191142 0.81604686619483
-0.792877328370433 -0.507595121327912 -0.337183533050277
0.488479539776163 -0.583360424839126 0.648905504639607
-0.792614012859049 -0.511004553802758 0.332621966521033
0.878934579660339 0.467801505351318 0.0929287698635058
0.36258451695027 0.931326632334605 0.0341053070976149
0.89708036239055 -0.414371846062884 -0.153436620803759
-0.388459559408134 -0.432349662884886 -0.813740093462135
-0.279593573304966 0.731472633948201 -0.621912549761976
0.269248260157129 -0.951311647165757 0.150038409646108
-0.179499479359212 -0.753228112294091 0.63279328991358
0.19845865534552 0.888093860648208 -0.414612417562969
-0.418974180452113 -0.131316570410964 0.898452332875809
-0.679608762546252 0.572235419183443 -0.458997336487154
-0.90972979819715 0.00963179103754835 0.415089054148121
0.724655077578565 0.0920512471276619 0.682936004646003
-0.788904048218186 -0.108781154424204 0.60481159309912
0.0433971326263861 -0.660593579264166 0.749488366764132
0.118467523355626 0.98686616967437 0.109820804323328
-0.622667551928601 0.782460959726245 0.0063218889207722
-0.913002523470167 -0.378564780674631 0.152036505385633
0.466022213057435 -0.372359196025005 0.80260321832937
0.615954960863486 0.221296806723223 -0.756060321351257
0.033276207491102 -0.995714714753621 0.0862838388003527
-0.187919914819733 -0.290187258100362 0.938337604943092
0.0386848431224294 -0.943453900474702 0.329238850368032
0.472696676053955 0.599478632025474 0.645897222623235
-0.520831634790853 0.807483528116088 0.276956242071348
-0.204479066903069 -0.0248098149048173 0.978556479863497
0.811464993852436 -0.5841967508071 0.0154505695199982
0.263804892833877 -0.537734854467535 0.800779748000464
0.588836905628383 0.80779506406374 -0.0271704443145264
0.978443063232615 0.0972144984206082 -0.182204591898249
0.487041754487125 -0.848701953946276 0.206143936980637
-0.0510130757235284 0.831714007528059 -0.55285574591103
0.420454964547863 0.778097993891708 -0.466670263343138
0.395437849861016 -0.755163258869071 -0.522835881851601
0.963924461768557 -0.17374780053224 -0.2016465566639
-0.517793157326605 -0.106807117249647 -0.848812397370919
-0.0196081554965406 0.943863434288991 0.329753449792743
-0.242633424970964 0.297782038706459 -0.923284830651237
-0.886711875809086 -0.0562641812170459 -0.458886032922237
-0.311794543361569 -0.22596684644497 -0.922888480282242
0.894103392870408 0.24716774273842 -0.373479892105611
-0.391288178606059 -0.385442331002687 0.835660080866837
-0.245569810380575 0.0120541081751344 -0.969303959914407
-0.0297792545223081 0.438282741678878 -0.898343717263354
0.439384803060865 -0.130367648591667 0.888788653752873
-0.410727109827924 0.909344805000475 0.0662968089054673
-0.846442087511986 0.477591355813537 -0.23546186387723
0.997209567406142 -0.0717029790015061 0.0207788709020637
-0.494780439066192 0.747344150138551 -0.443473830536993
0.15856284568074 0.527534423479194 0.834604850222008
0.80007580963828 0.283777883063677 0.528534589138259
