# command_history: dirgen -cart 0240 dir0240.txt -force  (version=3.0_RC3-1000-g3151ed7a-dirty)
0.958165700725263 -0.204192066678946 -0.200559442208657
0.97123384996393 -0.103563166855403 0.214428261092427
-0.914553707707543 -0.149937913569801 -0.375646293463307
-0.909071917517741 -0.413606886120345 0.0501756169314264
-0.294991346595619 0.15393373326532 -0.943018828654394
0.607496511229124 0.520104406415789 -0.60036605106495
-0.159748180599326 -0.771730905946243 -0.615558224380599
-0.286288119645462 -0.955750489262501 0.0676765456000504
0.994490670771023 0.0735576512716959 -0.0746831821014064
0.297601266757291 -0.00396177476804015 -0.954682036263982
-0.683970351043767 0.728961904255002 -0.028268375227234
-0.0226292299125935 0.443907614196272 0.895786775975252
0.878260184571968 0.399183690860837 0.263270638595216
-0.0116272094338421 -0.999920899606624 0.00479609535583978
-0.517579007388335 0.310524285747841 -0.797299591792006
-0.249359542800725 -0.936374147939599 0.247028892003757
0.0962641120527723 0.949030841129566 -0.300122780400954
0.826760903261686 -0.162224458859769 0.538655394278732
0.458748110829776 -0.873121647303219 0.164950779993985
0.747820525889749 -0.65642871780713 -0.0993267310247734
0.235777035771058 0.445654548558346 -0.863597830446713
0.268324516060137 -0.313270354272282 -0.910968517137235
0.750259175172928 -0.305250763359198 -0.586458132808698
0.671057502476552 -0.209570008118429 -0.711169628195112
0.0664260073503606 -0.584972286900776 -0.808328527954795
0.231438647211792 -0.597611268359271 -0.767656775197614
-0.395822534812225 -0.437581890135331 0.807370181738474
-0.112527789306495 0.4523234208441 -0.884726522485725
0.0544643025658606 0.79943206698066 -0.598282550329729
-0.558219879796378 0.305065484824889 0.771573467512118
0.276116703517763 -0.690482525265189 0.668575686322716
0.930315665450587 -0.122722423396595 -0.34561824230341
0.10826275645646 0.554818703266254 0.824897194849395
0.840255729781705 -0.523114271292901 -0.14255443780785
-0.389243201089265 0.00958177551141994 -0.921085186062522
-0.0267762995938409 -0.691901641112232 0.721495078851035
-0.902730343369932 -0.240398279150578 0.356772468865868
0.775106926011618 0.307489484019521 0.551959663803642
-0.137790735726305 -0.416776017948637 -0.898505127426038
-0.533536803042972 -0.797907723794365 0.280502663281439
0.783653429591806 -0.00391595543703697 0.621185936400701
0.147140108790742 -0.98714898594401 0.0623431466543131
0.116503945693008 -0.153263782199778 0.981293556334586
0.389386891782162 0.289014863543585 0.874556034316332
-0.133382225097841 -0.00597554738379622 0.99104665624854
-0.808234712022905 0.587855246122778 -0.0343927301501398
-0.623478732379554 -0.267791467835128 0.734548841143387
0.646242199180345 -0.689485370192227 0.327079415875471
-0.228903360790133 -0.152838798721758 0.961375864594214
-0.0870635865356401 0.85822185648062 -0.505841058988404
0.416319334832032 -0.588371807328779 0.693178784864107
0.578860025798799 0.585335909713803 0.567717309346587
-0.185589452397593 0.953008117946515 -0.239441187532143
-0.521343206023217 0.845594606721286 0.114765075773539
0.66345927861301 -0.588903307608726 0.46153513399286
-0.658871499459128 -0.684104441868445 0.312872913203338
0.0381630043301629 -0.00780507083095951 0.999241044978547
0.794361393746662 -0.139353862099023 -0.591244853882845
0.691678748615091 0.573660339740557 0.438741750148092
-0.227436952641806 -0.274659181626589 -0.934256263838365
0.541752218325688 0.138270757253018 -0.829087288304358
-0.447198024332773 0.6852734618406 0.574816674714525
0.762308986254483 0.552752240907389 -0.336674872313814
-0.85634646029643 0.223060257999183 0.465741195557268
0.595490824535593 -0.637940179881893 -0.488285781880015
0.145941735062616 0.579331679156219 -0.801920080489913
-0.864719883372941 -0.298898600238477 -0.403632444279404
0.13116233297226 0.983348328852772 -0.125787545296559
-0.910143254826295 0.374435954926166 0.177304741484059
-0.111117752704776 0.303253462211467 0.946409099010887
0.138181262104573 -0.637680944340069 0.757805352335773
-0.62366326948872 0.705884708618784 0.335813794280126
-0.939444073017681 -0.247498040381099 -0.237043358226857
-0.0693239795747445 -0.438783681108838 0.895914653886462
0.924726856701631 -0.358236530770613 0.12863447639011
-0.497002616296138 -0.855581256080496 -0.14480716017696
0.260202002223126 0.888064368705899 0.378994188707518
0.667226397041798 -0.463529487628432 0.583051755155187
-0.506767401862209 0.816359205862015 0.277027882015813
-0.97474330460365 -0.0852836372666522 -0.206402982887665
-0.135116316842675 -0.134824329230567 -0.98161396748946
-0.312645263288313 -0.134689034752125 -0.940272196367053
0.19245748823986 -0.292734461958001 0.936625138463923
0.646609387016541 -0.318323260865054 0.693229112353435
-0.593771821357611 0.022141418343667 0.804328777152351
0.317933578725326 0.301509857724619 -0.898893789729235
-0.792048139656666 -0.539725276316671 -0.285230381571298
0.0254250808149216 -0.308579315013497 0.95085875481659
-0.956507597931821 0.288163047949986 0.0453351176779332
0.940817216047397 -0.00487195893457992 0.33887937382639
-0.394808195710495 -0.899102417788502 0.189053777869406
0.0526978921520621 0.282910287240942 0.957697604432619
-0.43963996893457 -0.439498193787508 -0.783299454469827
0.0275476355959105 0.692577446237391 0.72081731994755
-0.186540481653987 -0.656608233366286 -0.730799751354571
0.8302512477827 -0.466645227791651 -0.304836180488059
0.796396542894998 0.0475821821158266 -0.602900060051408
0.358821649210784 -0.867724423192568 -0.343949632145143
-0.963185377189052 -0.157046184144992 0.218198132931244
-0.524759660259591 0.161695676395632 0.83575224031958
-0.542399951671087 0.00434659893671818 -0.840109159279249
-0.530734214632966 -0.838462174848735 0.1237027678181
-0.0560944981411143 -0.160408505928816 0.985455487834931
-0.725212438089796 -0.688510026838809 0.00456755758322665
0.70950071514618 -0.0549056910003423 -0.702562524123536
0.0175089094455892 -0.563197511412507 0.826136793290788
-0.00663043483555922 0.804683971714863 0.593666356633998
0.229645741101797 -0.943816959574262 -0.237639181141919
-0.801412646096031 0.391970846882316 0.451770545599995
-0.61398016021358 -0.152021056432227 -0.774543711655666
0.673427021043161 -0.00490221810632952 0.739237455481371
0.462544154812294 -0.155015407503332 0.872939361173247
0.937554090933166 0.334782249737142 0.0944095960981862
-0.375103602231424 -0.781053461910745 0.499252218052409
-0.657304853354239 -0.738272820742773 0.15133926096513
0.736253433585841 -0.653273316895608 0.176535704505546
-0.547996622212771 0.46255334587239 -0.696953444833764
-0.288824234061703 -0.425952173942644 -0.857406150743162
-0.543257078452652 -0.788132143147507 -0.289343172804901
0.266400518260134 -0.422590894796362 0.866283844652515
-0.690249335727411 -0.450982052876316 -0.565836586402233
-0.976596496811026 0.0238795481372082 0.213749969817996
-0.634443681339975 0.396783346613519 0.663358267498006
-0.131735239541899 0.712885636583642 0.688795975464124
0.598276214658424 0.801075157124466 0.0185516471506066
-0.0275445819594191 0.98274393793963 -0.182908852840942
0.756952082812564 0.217292239101509 -0.616285345559972
-0.345916568375543 0.893624461735623 -0.285966867155981
0.324955285273598 0.690701994095475 0.646014564793464
-0.0612357413526326 0.933254314446277 -0.353958427712074
0.99746308138966 -0.0135994068170157 0.0698745833538183
-0.964898055883896 -0.252699657893029 0.0715166040316877
0.269815278561164 -0.557789877236738 0.784901374891895
0.181569926571328 -0.459869667104952 -0.869225086523429
-0.485645551017818 0.455635707915496 0.746019101933017
0.976406752747468 -0.198099974367315 0.0859433147185676
0.252384791928622 -0.801071387276227 0.542758278877889
-0.853375908008686 -0.482929087179018 0.19628819726818
-0.475947116994522 -0.291555142742965 0.829740887605723
0.895298281321289 -0.445431865589167 -0.00560719010738544
0.608786925269293 -0.770896592038106 0.187341730549269
0.991720518393583 -0.110200597347853 -0.065926032349434
-0.348472727149481 -0.689322724361759 0.635138520412269
0.57279142969748 0.450622899772278 0.684725478031846
0.0427593580413162 -0.143184617344933 -0.988771865829363
0.37053650701254 -0.161580922037549 -0.914655291683398
-0.500820466639102 -0.654664289791277 0.566209791391385
-0.929010318118246 0.262566678571428 -0.260765350715549
0.40995835798565 -0.912103980782415 -0.000687719842632281
-0.390154890107024 -0.149909606718907 0.908463687518086
-0.483021758461046 0.761911002168465 0.431487665672896
0.571938040427803 0.698864756190181 0.429505448704489
0.236921250862607 0.881674776350051 -0.408066060384572
0.451264699062864 -0.00770805939888248 -0.892356855299496
-0.549679006470295 -0.415795994874579 0.724545844299785
0.665168176556937 0.307144761914087 0.680597819659055
0.213972384477018 0.95027558196656 0.226256794371649
0.692008555952109 0.373911746341663 -0.6175064084176
-0.982801965660452 -0.171292441673815 -0.0689869242637739
0.860003504216605 -0.412828299607449 0.299944607850153
0.649227505083593 0.74373166716851 0.159269751973444
-0.414830625434153 0.447809195427076 -0.792074792360459
-0.369749975610228 0.29361770813042 -0.881517780313293
-0.73522030477771 -0.155446170939534 -0.659763284354933
-0.524062454938314 -0.736179715591485 0.428249891623651
0.560444468910413 -0.827374828144822 0.0367816669014949
-0.850271193911694 0.30555825653595 -0.428570937729909
-0.907828532450101 0.157223354481029 -0.388752070702175
0.425128841060619 0.807145899279148 0.409610749096396
0.549464723324945 -0.553757147029536 -0.625652890934862
0.304544069911108 0.577015997403671 -0.757829432143028
0.50263602132552 -0.804594078779793 0.316204678109841
0.757885227458053 -0.317418596726898 0.569960890283519
-0.335924951650241 0.464402461319974 0.819441749472611
-0.410783424867998 0.712081151896447 -0.56938336028334
-0.451262859363586 -0.579226963460259 -0.678865197634706
-0.417758236016015 0.315477124133364 0.852028309617309
0.458832608323532 0.555629306264257 -0.693360448510964
0.835695406638785 0.155803883110473 0.526629221872974
0.203002690352757 -0.892902845507297 -0.401888561910532
-0.828682799178605 -0.55902022442158 0.0279500810939512
0.603854682081002 -0.16195755396892 0.780467343097234
0.843660675198419 0.40507065219535 -0.352355547499655
-0.453548295775208 -0.704685312267748 -0.545630418940799
-0.72514391341112 0.164859446450175 -0.668571363250736
-0.861082179510584 -0.146025764189852 0.487046154201089
-0.76450453888586 0.561568338221326 -0.316502466862829
-0.389454810643969 -0.851712689089281 0.350585860682623
-0.873216557592372 0.00319013525022933 -0.48732193320598
0.190224985959828 0.701942462403377 -0.686360862951601
-0.126795340184129 -0.865474895861613 -0.484640223610175
0.209433072421597 -0.154836649673622 -0.965486095235917
0.790907404908073 0.440885893583805 0.424364354889035
0.0731156795863027 -0.953807189009988 -0.291386244684778
-0.29743340436679 -0.801472103602664 -0.518821585049718
-0.051622155996831 -0.983743070131574 -0.172002107482276
0.681789980307814 0.667629356474533 0.299054284579358
-0.218080194667898 -0.802933447069179 0.554742199829089
0.304912389048794 0.557712724637126 0.772000616439126
-0.547337674932505 0.597621608729939 -0.58589238122587
0.435616096965057 0.900113001816928 -0.00593296090078007
-0.642634616406905 -0.610740267957004 0.462619795178888
-0.0411609931586766 0.891707133879281 0.450737351493071
0.289764369780946 -0.713007520646969 -0.63848013712747
-0.217451799492084 0.00986887368787212 -0.976021167920956
0.170077966608327 -0.816010682896293 -0.552449138539923
-0.330070776997363 0.802083041208322 0.497710836910717
0.737986526706699 0.469887427303696 -0.484336341875454
-0.876430188342552 0.0381724257154833 0.480013531972625
-0.302039789445036 0.945580563538454 -0.121034554777954
0.383563347806042 -0.814563166577032 0.435162045536856
-0.723372851544442 0.558718363583841 0.405666744807432
0.638465247530389 -0.751647605508316 -0.16549321686877
-0.680086473207889 -0.112630899781575 0.72442851225918
0.742468845016501 -0.618343865071305 -0.257664275188748
-0.845388340786368 0.506903363461664 -0.168426640926324
-0.0776655232363297 -0.885689875204595 0.457735197969849
-0.894774128355193 0.30269637467426 0.32825929382923
0.390557112952821 -0.591005659760251 -0.705816868354185
0.383702846200082 0.884621726552667 0.264984012213822
-0.687570277584831 0.483820320958616 0.54144714461286
0.47202551579821 0.145180421272513 0.869548479220434
-0.329521370344132 -0.937600559608338 -0.110999356343436
-0.113749340013033 0.760039397397069 -0.639844670252789
0.261945525828234 -0.963183925267944 -0.0605084093660199
0.534423049736865 -0.712121010560707 0.455275378455661
0.171695581754666 0.983726236952634 0.0529463684962095
-0.919890234139937 -0.329488762066328 0.212694881945879
0.0890454622161142 0.936938557108212 0.337960124663696
-0.222545843640162 0.88895632070864 -0.400287405935593
0.770167293258413 -0.453479720638987 0.448551539250726
0.770373959902184 0.621822377207505 0.140928680929876
0.932834442808025 0.0609654804109144 -0.355110000576312
0.536482277548808 0.300094737741844 0.788752124723412
-0.86621219177387 -0.485314480426918 -0.118938193656448
0.811741209005657 0.31504888749665 -0.491752384934896
-0.107580130045553 0.987160871619889 0.118067477156254
0.379399644326536 -0.907865323720794 -0.17842775532477
-0.152163963018764 -0.300937374866678 0.941425952885715
-0.765191117648475 -0.619351346821653 0.175745448481837
