# command_history: dirgen -cart 0132 dir0132.txt -force  (version=3.0_RC3-1000-g3151ed7a-dirty)
-0.330050263188822 0.872128472548541 0.361190740660857
0.0879326897874972 -0.703447768668771 0.705286522501078
0.27998989675452 0.908943069884392 0.308914475906408
-0.300357931908321 0.465794850804253 0.832358258025954
0.207312494894143 -0.977995873242965 0.0233581116637471
-0.777179877693979 -0.6244555617699 -0.0777604596321996
-0.55123600328079 0.83258276686607 0.0542660575743287
-0.74752408417039 0.105183210196587 0.655853822035033
-0.61166134741663 -0.791101033384588 0.00543608814412037
0.850536067196581 -0.100300510552562 0.51626369810463
0.095348429707882 0.353369812839116 -0.930611869861055
-0.274011572275118 0.778852136525575 0.564187032542281
-0.467888803141105 -0.223286409282373 -0.855115926249166
0.0630760538488977 0.963494919983918 0.260190220023803
-0.858228565808052 -0.356956142507552 -0.368817083602676
-0.988047954525935 -0.0804343317959339 0.131497368132058
0.552484158818386 0.801722206799194 -0.228041130894781
-0.845563784182389 -0.306185598211469 0.437346848996359
-0.540571661491689 -0.254486533570975 0.801884582108388
-0.965858355135587 -0.258516661990493 -0.0169343818331425
0.0901695197743063 -0.919415965070001 0.382810319712087
0.242591574947103 0.965985661926462 0.0895601960537092
0.657066319125187 0.658811106522218 -0.366376552462421
0.467668045087747 0.758293861893519 -0.454177298660355
-0.134237638787751 -0.92631269681924 0.352029890839054
0.777833321860161 0.280655321997248 0.562323673375582
-0.532516568448869 0.799442000187582 0.278062210060122
-0.476442124609366 -0.805889238344352 -0.351490309138779
0.0421859045729204 0.622759875246767 0.781274911435146
-0.456778421121014 0.521555186981083 -0.720648083971172
-0.820776875200259 -0.496723385925646 0.282119122023057
0.64112202521504 0.736330611391123 0.216286336860518
-0.370452360317661 0.357896978493184 -0.857131729386168
-0.269759477601583 0.170444950943567 -0.947722714163782
-0.768126070110304 -0.562613538951852 -0.305693222373304
-0.364702826331194 0.920698250712127 0.13894811838117
-0.929835716441921 -0.129735366655263 0.344346155877722
-0.4854045250899 0.726986369778524 0.485667854792235
-0.587891949103528 0.340543999387922 -0.733766202996659
-0.891348008945338 -0.424799173821968 -0.158254190684971
0.894063446363671 -0.408061949466639 0.184759300912841
0.638698483830509 0.254893795557033 0.726011983192522
0.156504279481715 -0.965687511665709 -0.207253565269215
0.639407822666747 -0.508927452116623 0.576324981928297
0.857543946267693 0.014964521271961 -0.514193002016493
0.851010660042173 -0.220555172488538 -0.476588158039137
-0.409586002446577 -0.908770578023582 0.0798457457759524
0.728429088587119 0.481201254427579 -0.487684750261338
0.403085724342554 -0.619221312093574 -0.673859677885798
0.37978573808308 0.0254955507347335 0.924723077489376
-0.693846441115519 0.143214064007551 -0.705738512497207
-0.514103832262959 0.433901681055228 0.739882815606625
-0.67871504033931 0.729258566433986 -0.0867631102477172
0.913416504547735 -0.307918323655168 -0.266189021518899
-0.134812447988488 0.358550293652983 -0.923724683435877
0.337108880885628 0.787338668681717 0.516193203390495
0.828680480599846 -0.55967263406004 0.00742992308871883
0.40293192253542 -0.266709022170986 -0.875506803682591
0.308864559905795 -0.680123346237544 0.664857065493664
-0.788651566573773 0.443048995360252 0.42630540021328
0.952196777019912 0.194753652423882 0.235355715249173
0.931124078420634 -0.362183813370842 -0.0427882684562018
0.32034550614972 0.333370476965578 -0.8867033786884
0.641886365989098 -0.658640450095148 0.392650799891927
-0.557704141724841 -0.590355285926654 0.583478128708709
0.260211555993353 0.243895557420714 0.934240281297032
0.185365412878112 -0.274288502838184 -0.943612993191231
-0.041548645652338 0.156403626693348 -0.986818937597787
-0.455419230433605 -0.470981936482332 0.755492779620438
0.454104128408638 0.880110657297839 0.138544835605651
0.603624417860376 0.658952668144382 0.44879721847191
-0.194357208931383 -0.971815723449604 0.133414673078058
-0.602159362448897 0.225805096302277 0.765778140651101
-0.160154618579555 -0.447506419514928 -0.879822995062397
-0.768053009914065 -0.192871101097682 0.610651547384687
0.226175877830857 -0.532999100503736 0.815325966193675
0.392729977199715 -0.829528744385868 0.397045623633251
-0.184198487238512 0.640730575572476 0.745342368865213
-0.0676741757032185 0.0604856691016201 0.995872326041958
0.11242613009824 -0.898887006582141 -0.423512118680129
0.3498781543444 0.886455322950197 -0.30295583428252
0.510442771879547 -0.0529628810772321 -0.858279156139728
-0.140336948657382 -0.698119577543708 0.70209301114007
-0.590865816379292 -0.0338792581797766 -0.806058175877908
0.705169272426798 0.482217039780956 0.519810565273497
-0.399431498865807 -0.125960395046344 0.90806853078035
-0.951979044147773 0.0420686385716848 -0.303259178182982
-0.763485179481857 0.30780079348075 -0.567757916936592
-0.655589449612094 -0.0720277404521931 0.751674449587495
-0.286633019110465 -0.600006765535017 -0.74688244969863
-0.00519579873701844 -0.542215444039195 0.840223432142227
-0.98526294522861 0.146248486713843 0.0887034886199894
-0.71001269698234 0.347191524527925 0.612649994221692
-0.0315782391274325 0.983833686006829 -0.176278453282943
-0.358870211691398 -0.662940618128665 0.657055483194346
0.707240787927611 -0.69118507684391 -0.148572061437573
0.387844302800022 0.423370249255542 0.818739536623745
-0.876888133003417 -0.476797459191702 0.0610850645094077
-0.548229725530284 0.798481345135971 -0.248740245064685
0.182536171948939 0.144032193279303 -0.972592038436148
-0.256301869114392 -0.816194435712122 0.51781849619441
-0.486008787149618 0.687845770737419 -0.539132316312056
-0.92932595903494 -0.307262746864179 0.204799575813206
-0.761861425792841 -0.0656393236526533 -0.644405654133576
-0.215626412973995 0.820704263650126 -0.529102789308913
-0.65125934509336 -0.374015021366872 0.660283294670179
-0.291096163700384 0.072492106057758 0.953943351587624
-0.165956681859115 -0.747832770644026 -0.642809868388151
0.831441010263188 -0.512063000833651 -0.215632394666861
-0.94690697155929 0.0906203345448987 0.308472271329829
0.790277778630702 -0.459492665726289 0.40537331281952
0.462539277948093 0.636114401712642 0.617588766323534
-0.735578463168535 -0.661406628945477 0.146511418359105
0.158645639137653 0.0438559572763258 0.986361098276885
-0.970148767696155 0.201165993674343 -0.135438589503312
0.99597162741429 0.0248322657591502 0.0861619171269853
0.262271875663652 -0.931867035683155 0.250673674411495
-0.0558468915399503 0.784114585819847 0.618098245435056
-0.771082661532814 0.59430869178768 -0.228536010180209
-0.417505435905694 0.902754760029522 -0.103552181209457
0.0189895711185251 0.998957659403537 0.0415089256394595
0.677731317607158 -0.636804387960442 -0.367641717720925
-0.0299203230368575 -0.832482483007054 0.553242884957213
0.887744612194398 0.121008119129102 0.444146978628308
-0.0391807989581622 -0.262620830157259 -0.964103295586377
-0.234108994636613 -0.527515665892898 0.816651823525673
0.612205506549007 -0.550736059883278 -0.567357215601703
-0.56341079094392 -0.457253736470418 -0.688104135383438
0.0755700333141004 -0.46214908623644 -0.883576477819396
0.895753360634308 -0.259641266181066 0.360849455879093
0.493989327964732 -0.167133089764501 0.853253229799175
0.11257832323209 0.877637313117559 0.465917232737792
