# command_history: dirgen -cart 0212 dir0212.txt -force  (version=3.0_RC3-1000-g3151ed7a-dirty)
-0.36313714790111 0.212898699406667 0.907086299976577
-0.851962489137516 0.229338399330997 0.470705657173253
-0.503272442255319 -0.294424234924338 0.81242305405225
0.624156874131928 -0.742771186728452 0.242320367777593
-0.736415997602447 -0.468869155227524 -0.48770195176093
0.0874094652178715 -0.943800000520323 -0.318749344168995
0.816433577441785 0.57048887443709 -0.089323332725057
0.838778378615493 -0.452633380922321 0.302611721587242
0.948588719834718 0.29731750932742 -0.1085437204525
0.421670025626631 0.0754952137017315 0.903601052564774
-0.0165035140204247 0.260282240383618 0.965391521283392
-0.545932074158857 0.0280178565880331 -0.837360836268822
0.843280611229045 0.259492211458252 -0.470682061393542
0.421383407166827 0.899862173156622 -0.112623680841632
-0.830843142310693 0.539105701497845 -0.138075035715402
-0.787332036887752 -0.127924782182236 -0.603111526828837
-0.171954763305044 0.545941285047314 0.819987605185343
-0.471002379053958 0.717790781180303 0.512770078473853
0.799948088567542 -0.598917414099679 -0.0371616292066152
-0.421474741370864 -0.266109326330599 -0.866916875384392
0.899282287224608 -0.284147282379994 0.332493142485888
-0.835053416308242 -0.0798397777449692 0.54434492906756
-0.386284274723429 0.550001026373464 -0.740461565572131
-0.897490702756997 0.440965261488427 0.00775091124937633
0.780146854115584 -0.52757846325247 -0.336202098633724
0.613026139071306 -0.66660475220766 0.424071995243132
-0.689648829703384 0.538616022229003 0.484021975004193
-0.344114042544566 -0.915897180499882 -0.206683043513499
-0.00191891982776893 0.945195918039368 -0.326498076975059
-0.0257554528448287 -0.786938856514042 0.616493221987987
-0.111685314101947 0.496592594870079 -0.860768369152904
0.499283665124958 0.839185976341141 0.21559851310191
0.162426581782276 -0.976719766700437 -0.140128879490165
0.283689109735286 0.177408770505985 0.942362253682285
-0.69328072269772 0.402995591045786 -0.597458277315985
-0.446820269322169 0.351019045927029 0.822883513213956
0.447293545951946 -0.378414299250959 0.810389475420393
-0.0468146523785653 0.654167942182211 -0.754899126866474
-0.0181651272243942 -0.370412584458433 0.928689692754122
0.79780434824607 -0.095281065027846 -0.595340020968541
0.978999751322963 -0.0345070751236637 0.200919756808499
0.65480332224165 -0.132205087286447 0.744146775896315
0.407442184850679 -0.91170711134004 0.0527352741161514
-0.483494919022542 -0.620597106908738 0.617326408130974
-0.24723071615148 -0.337702456159285 -0.908203734904902
-0.119799090141178 -0.162327812880125 -0.979437521829188
-0.50976033049992 0.479476867238144 0.714315293992861
0.339230700320618 0.787737309847338 0.514191075996522
0.647324548855712 0.337290395628558 -0.683524774580614
0.825998386469042 0.552723002605244 0.110561964262507
-0.961493873005114 0.206523191330773 -0.181322099083862
-0.0768695221386403 0.867305798266257 -0.49180456368349
0.592197355529295 0.57271428285883 0.566833875411135
0.989801137714993 0.141387378354075 -0.0174159989741686
-0.928148075005694 0.336497510604589 0.15909297979527
0.62610352201326 0.513117214590535 -0.587115920252077
-0.192956002716545 -0.400737823686585 0.895643443387263
-0.980839729221718 -0.124597536569498 -0.14976274390208
-0.186071497066108 0.87053234448103 0.455577474412353
-0.751794410138563 -0.212766494071145 0.624127858603574
-0.735207723390265 0.644952691460112 0.208580030793128
0.746047312862085 0.391489520704521 -0.538655142136234
0.516139012373868 -0.852800752429472 -0.0795700732779218
0.675410585705515 0.240014076268733 0.697290315370722
-0.591922260566345 -0.8042504248185 0.0530027511105838
0.10027762990689 0.882043192447836 -0.460373982319469
-0.952739151731942 -0.292087918068605 -0.0835030351271604
0.524338408026797 0.450785623571656 -0.722399858422631
0.292326019563891 -0.934984775035854 0.200870527298273
0.656149811560776 -0.426686552859255 -0.622419481055859
0.72410275145819 -0.680930847020837 0.10958278562879
-0.30035193401941 -0.953219827612037 -0.0340686949864212
-0.1146437945796 0.976453543520396 -0.182743748759985
-0.114094316082855 -0.0729978464748186 0.990784437427044
-0.122788182818413 0.784643381849195 0.607665883097291
-0.391575328785944 -0.751355041893545 0.53116321682448
0.345967705540375 -0.517539059220438 -0.782598025108901
0.246178282865943 0.95962393897304 -0.136081405030382
-0.92901757770818 0.107667967732982 -0.354025350834479
-0.915375754345327 -0.119393025196842 0.384489965917279
-0.33238720629178 0.273806018940565 -0.90252368893313
0.249214314241542 -0.823605218270878 0.50947685915466
0.48046663237084 -0.634799496295088 0.605129254524789
-0.403634195184365 0.632725537561314 0.660861430706632
-0.607081024468192 0.307380045338284 -0.732782462575685
-0.80972362757531 0.350007451515395 -0.471001518925341
0.821026033522464 0.428718800720505 -0.376983344707882
0.52379379706999 -0.172554130270959 -0.834185309315283
-0.102535183508462 0.408737266235632 0.906873962209252
-0.938860207252517 -0.0819574416939338 -0.334401688076998
0.317364906319016 0.593403978059196 0.739696718297874
-0.293509669131072 -0.0946051523366962 0.951263338554535
0.279221307299188 -0.385726610357922 -0.879346600386855
0.258370639881561 0.894860903384506 0.363962327777283
0.678741841963299 0.0536326223158971 0.732415902197507
0.913113561929297 -0.375500552381759 0.158817373677397
-0.18042240164323 -0.964924208697682 -0.190706655506412
0.490866300420877 0.513755877403811 0.7036371035869
0.38428859237225 0.551347171791617 -0.740498868284037
0.907903729964305 0.291953063180789 -0.300789338268922
-0.0703633563716959 0.0228257039436915 -0.997260239516038
0.463407502866179 -0.860792572595476 0.210451023404008
0.200505118446275 0.504418255901921 0.839857083431288
0.216744453201513 -0.607955282039405 0.763814255592788
-0.0546789094296231 0.671513544421472 0.738972108081285
0.850893083148098 -0.175652061829716 0.49510333691634
-0.261157537740016 0.922703623389725 0.283574970448812
-0.164986786573377 -0.845929411355937 -0.507131926878194
0.869209821963077 -0.370651942912975 -0.327248258387655
-0.0869669328254259 -0.383747195145238 -0.919333912576437
-0.22865114091091 0.972874457098817 -0.0351275744226947
0.928842301109544 -0.204618793058966 -0.308841592400733
0.502331421416758 -0.205672460186451 0.83985831077526
-0.872611273651922 -0.0112692411515385 -0.488285335945529
0.238820471528931 0.72831906379528 0.64227418108707
-0.518799360245348 -0.710012742393271 -0.476160823092582
-0.623246697726381 -0.171330800138009 0.76302641546491
0.96570733344398 0.150244458339822 -0.211745009080949
-0.876878154024014 -0.438428742227378 0.197141931065811
-0.0567425936293145 -0.532473723300468 0.844542486831039
0.733157154952241 0.679734837520417 0.0210032569719447
0.625995774426725 0.77050966846214 0.120183780961693
0.540888453217531 0.348107465153701 0.765676742418242
-0.598083025164099 -0.736562061568085 -0.31586868231772
0.086918212093758 0.934433475649026 0.345368359860753
-0.128183376393624 -0.646330231940134 -0.752214233643942
-0.419765278038301 0.0382277118677537 0.906827300757307
-0.177055581876277 0.919596166942612 -0.350705304594769
-0.676287930282417 -0.613020332677357 -0.408461389948263
-0.675027985101407 0.735837246000252 0.0536727745574853
0.74487761031474 -0.237153626433915 0.623630902955463
0.517392107036611 -0.775256804233527 -0.362328987338627
-0.246121469057191 0.073072132342766 0.966480566769975
0.0658394481518271 -0.0949796195199188 -0.993299571601093
-0.639853266665249 -0.697721784249238 0.322136786042621
0.312964229195529 -0.698893114798067 0.643118811209798
0.419723566472696 -0.75483667883539 0.504037415309814
-0.958902697434862 0.0292600467763221 0.282222370684524
-0.200981396237278 -0.792508933636021 0.575791688437417
-0.581234921382363 -0.00107219750282634 0.813735102203508
-0.345123161231343 0.866024611137864 -0.36178913262451
0.739568846875296 -0.513295517233713 0.435391355816029
-0.433495410085351 0.868920453563079 0.238870204953792
0.600258305394257 -0.305106110100627 -0.739324170025895
0.380571452852472 -0.100268594869094 0.919299504055526
0.192242569827212 -0.242902530483445 -0.950810788238632
0.605085287250726 -0.767259673416062 -0.212566198399896
-0.964093423257216 0.265281295611643 -0.0122354170664809
-0.0110441109515144 0.87381857971476 0.486126647447524
0.467527511295862 0.882487228139443 0.0513256110753675
0.976115412294876 -0.168117267126779 -0.137605546306202
-0.540004863380687 -0.812216981373689 0.220676964573601
-0.336559366491663 0.935374253676029 0.108640684767461
-0.424585449885305 -0.661707878751642 -0.617956211186274
0.889079934823665 0.412188227799412 0.199092275986606
-0.126859370007253 -0.99181572560611 -0.0144314476678227
0.542991152639669 -0.473119227684762 0.693771435380572
0.847115829096482 0.364796941635839 0.386416826066514
-0.244492080009123 -0.00910855445090597 -0.969608507104093
0.740039512391294 -0.264807929188714 -0.618238045366379
-0.283032388075475 0.446195763280341 -0.849000593716499
0.777819880088662 -0.057125923003114 0.625885662928862
0.0238179321940547 -0.20031762287454 0.97944145106887
-0.375641330918539 -0.436145983377874 -0.817722612925126
0.0504084308401565 -0.998680914006121 0.00976842362574182
-0.644370205305467 0.664284498654084 0.378831286145276
0.772358117755822 0.306784721070516 0.556188882354161
0.0104089812821515 0.985671609380772 0.168354184888249
0.870207532427637 0.197310014553351 0.451450560596795
-0.300477205385914 0.765575670209613 0.568864959569996
0.286959910671222 0.856215327462788 -0.429592042157854
-0.579191323491033 0.811143183725687 -0.0811427525294871
-0.222565571650701 -0.553049066172108 0.802870660020626
0.567977810917851 0.670658441385177 -0.477093765735595
0.144830614723478 -0.753532241487932 0.641259116174572
-0.0572809046585173 -0.772537511448961 -0.632380179453585
0.361483569895492 0.891162172535387 -0.274152532247324
-0.355796384420812 0.838533074848832 0.412639328248824
-0.505363949882424 0.782858833695697 -0.36295912257973
0.333619647114871 0.256215151580901 -0.907221983397297
0.559147941304478 0.161493166706382 0.813187270462412
-0.707385605541406 -0.556888580655402 0.435293824684467
0.773119483000432 0.574707608003152 -0.268323368919741
0.472864533013 0.794457541750427 -0.381098868765398
0.234071201426495 -0.667758451224877 -0.706618230362415
-0.849829426191215 0.496625778696053 0.176501507965372
0.123426268085167 0.680585235740688 -0.722197821402391
0.296611117049842 0.682449185845364 -0.668045622679652
-0.180102253448108 -0.936251034052391 0.301657387674728
-0.894511959926793 0.0596419178065979 0.443047621806368
-0.363794588926982 -0.409286319052928 0.836742616402173
-0.066374841256125 -0.985105300838578 0.158625113736631
-0.425207436433319 -0.82559921980351 -0.370923933255378
-0.899343882169673 -0.437228773032025 0.00340318040820732
-0.15763694017646 0.332189325761752 -0.929946690376258
-0.725180717070678 -0.653087242374149 -0.218151281080325
0.721862612485919 0.0402056144664375 -0.690867481692676
-0.619462912951018 0.557116060844127 -0.553070876314928
-0.64637338800598 -0.416500688488812 -0.639318871742433
0.0141551256181089 0.536707303459978 0.843649751278014
0.797173935404774 0.518826226726582 0.308760527224455
-0.4675212713613 -0.131054270395004 0.874213154234107
0.56193866931896 -0.591796602093755 -0.577928813673728
0.783392358077989 -0.389290681292679 -0.484509214322792
-0.993651813807754 -0.00311714792725775 0.112456019426972
-0.928725118320959 -0.251873199833021 -0.272083711025844
-0.157149720103308 -0.239577347451668 0.958074454340306
0.737721608480921 -0.611531212226238 0.286000707784843
0.201121119767889 -0.161732849577811 0.966122549447404
0.671985303655909 -0.133436941052634 -0.728443775752798
0.996414552197448 -0.075853062409215 0.0374746993624084
0.69573598510911 0.701194736569642 -0.1558120034891
