# command_history: dirgen -cart 0189 dir0189.txt -force  (version=3.0_RC3-1000-g3151ed7a-dirty)
0.382276963146669 -0.0753248798792615 -0.920972576094715
-0.157482174307919 -0.507712333533083 -0.847010951023445
0.857339999998786 -0.384738754390373 -0.341971073736109
-0.367116401921256 -0.872880355094008 0.32141162569414
-0.525778937344295 0.538898017275086 -0.658137854876989
-0.172523635756749 -0.973331711357076 -0.151198461539721
-0.638034356349563 0.712238582812187 0.292623241167353
-0.857263924041649 -0.398763757634145 0.325708504853974
0.566874412989434 0.591570107716935 0.573322080120467
0.119398308065314 0.718289114657633 -0.685423075038691
0.833446591522603 0.549706458439986 0.0564764431309464
0.158244872029716 0.827013273054384 -0.539451208792949
0.457995995669241 0.833678138117433 0.3085780776011
-0.978614764474969 -0.20404602738821 0.026045373076456
0.171389268422527 -0.508084193555257 0.84408303556516
0.496370407438882 -0.797082138330228 0.343913482396183
0.515828936548032 -0.747973389752592 -0.417679681624259
0.91874299141644 -0.0427323890764162 0.392536951951015
0.502007551472372 0.0944698108482687 -0.859688241808044
-0.802538721529651 -0.295009875344443 -0.51855643270025
0.865039459256524 -0.46832470026084 0.179940848766407
-0.934619050021819 -0.311474182926881 0.171671385811218
-0.432659398268893 -0.562754835787181 -0.704352780847597
0.441722303863153 0.268797638353288 -0.855937635511796
0.363795824003519 -0.796813984337492 0.482431417718427
-0.433287499731193 -0.566664617592968 0.700823197208046
-0.762082990729248 -0.64013090690798 0.0972724897508617
-0.306209156483227 -0.705725431962684 0.638895583931298
0.0295551792276184 -0.811764656506545 0.583236344741679
0.920299202743774 -0.391132014423864 -0.00806998896560229
-0.707956771213654 0.705115289164155 -0.0401203075722044
0.0106160000383187 -0.444819872652462 0.895557134657881
-0.474920834710514 0.657907887807065 0.584471908579972
-0.771334100842559 0.52312994828355 -0.362462083653244
0.743470364722007 -0.225754560211882 0.629513062075495
0.240768060479565 -0.633922508517824 0.734964621085517
0.817658948490482 -0.276527220169221 -0.504942115948871
0.516747150286926 0.765516990949918 -0.38334856102159
0.872623797537121 0.126206701618053 0.471804595609863
0.525600771354904 -0.394046127953319 -0.753970475679338
0.14782158747875 -0.949515723213667 0.276710443686698
0.658399676571959 -0.544231041972389 0.519925416616257
-0.744801607550307 0.156486421283843 0.648677551133269
-0.745299891042523 0.455960531228945 0.48644430963207
-0.137321357730062 0.320377772943095 -0.937283802972821
-0.362439827292297 -0.435349429700281 0.824080242240991
0.0856020630394575 -0.222300551801903 -0.971213030942212
-0.0711409485825347 -0.286392049715469 0.955467717557506
-0.700211181204442 0.0554937220171096 -0.711775771246091
-0.685416837458659 -0.286177696086773 -0.669556633295972
0.0651014109241043 0.951105348380012 0.301927843331197
0.548986281232386 -0.0817434498639506 -0.831824543652672
0.638897643730189 -0.611823941151171 -0.466348867126598
0.148263630444475 0.872251045107752 0.466042927417484
-0.558207750482251 -0.436052814462641 -0.705876795411745
0.876180686114288 0.433983567004925 0.209679919997071
0.37690334438334 0.91225591964074 0.160415105501573
0.0413685288253676 -0.893406577764393 -0.447340286169421
-0.208361208824319 -0.337268818114357 -0.918060646681369
-0.605983027203283 0.223616735912385 -0.763400370815627
0.0574859433319123 -0.148872369095017 0.987184067962646
-0.10104084742889 -0.188217036392025 -0.976916114291629
0.38328987503868 0.288276697296836 0.877488129542765
0.862417628160929 0.486579410354695 -0.139557558219378
0.633760126487563 -0.764026871082192 -0.120876144622603
0.285347984245725 0.143647258100039 0.947598012412037
-0.695547552136265 -0.449484234998432 -0.560515410319041
-0.933734317864722 0.193688466741682 -0.301039866949477
-0.980361167009176 0.19701477142009 0.00878419391270706
-0.396839868326052 0.852658501696619 0.33984054848037
0.053235577471479 0.585663584284725 -0.808804141516379
0.177454894287635 -0.00364294345327478 0.984122192340139
0.538940994272949 0.283579343319323 0.793174231007707
-0.159440917858431 0.399825151146131 0.902617550363073
0.312107813675544 -0.36577765261235 0.87680979778517
0.495903980006455 -0.375796055049144 0.782851561679006
0.894195710547365 0.282666565036528 0.34715075147426
-0.644653624582218 0.390898028880814 -0.656978260926572
-0.999366963653145 0.0104937111358405 0.0339934403273865
-0.104977317095941 0.686531681669033 0.719481766940642
0.448034419751399 -0.249967095994158 -0.858359836920551
0.662301715456457 0.0306337320683649 -0.748610721378607
-0.683922266435698 -0.59359342917441 -0.424142870168087
-0.763269137854223 0.559262406167907 0.323490006409091
0.281049810017319 0.959683956213195 0.00420814403501227
-0.592026595237698 0.51287607366634 0.621661196787976
0.746593968147964 0.195023077428135 -0.636053021371282
-0.648895520844426 0.671018993008605 -0.35870337892158
-0.566089953824985 -0.810879902285391 -0.148377721535481
0.0968713819937279 0.994362700828445 -0.0431132758183061
0.714549064888701 0.692139100641621 0.101799308591422
-0.0340409763295434 0.541656937350985 0.83991009884992
-0.344333165804362 0.783903284463682 0.516652989475719
-0.803863392820564 -0.447363091234849 -0.392007538554824
0.291957633829259 -0.682373769734139 -0.670169216263803
0.386831867261637 -0.921695618853513 -0.028953284047144
0.866347581875048 -0.093417805300918 -0.490627130346475
-0.443744798945384 0.879731122136611 -0.170773845050057
0.767111803964536 0.119655607786288 0.630255516234146
-0.949353149875393 -0.267491117877464 -0.164854780574705
0.25749145175207 -0.18175441621021 0.949032920642217
-0.982628640112755 0.0880739134502981 -0.163352200474026
-0.818456856996635 -0.30189063184693 0.488866464014716
0.392823987307642 0.704509402072593 0.591063293892492
-0.609569246374781 -0.224377655177862 0.76031572503202
-0.976756335007459 -0.104444195136793 0.187185662178022
-0.372132325797473 0.512782790427622 -0.773673924814469
0.975792402540212 -0.105468145384714 -0.191587205872182
-0.762550767927596 0.630082726333361 0.146669984350422
0.916225686035403 -0.203037635681473 -0.345407311367077
0.271137973894549 -0.243303211388927 -0.931282849858299
0.921796102609541 0.387367938300688 0.0154280779922545
0.481831094376454 0.876258567293098 0.00311764934445352
-0.210600647909308 -0.958196769761372 0.193665478387483
-0.0855998387069539 0.992131908940759 -0.0913616050368481
-0.324179724730232 0.891480277075065 -0.316497111613987
0.532441256743913 0.822529868313976 -0.199877271965466
-0.490983123796007 0.850992227440492 0.186407620507811
0.222358864013392 -0.888800134042208 -0.400737891047536
-0.685861054390391 -0.369856620743706 0.626738138429876
-0.85260099981673 0.218250031723495 -0.474803600201395
0.0136167776791502 -0.0349887571170455 -0.999294936563296
-0.350659271059852 -0.453139042183762 -0.819574941093587
-0.180442812758209 -0.441045360359939 0.879158336950107
-0.197965782748326 0.978500489916373 0.0578475591037358
0.141676854618364 0.115367953441251 -0.983167281892672
-0.527976616691105 0.683401438939626 -0.504185645851469
-0.0805023746343527 -0.665803965344789 -0.741771155687106
0.0145051343728077 -0.993906089795795 -0.109271614537629
-0.37039434627067 0.0357895485613998 -0.928184861148087
-0.224490959006199 0.555081233699584 0.80092985542994
-0.483236750236523 -0.680572857951618 0.550729360249125
-0.77260726839311 -0.562945389252345 0.293548117939227
0.436237965052153 -0.215370144500243 0.873677365338659
-0.663615590110302 -0.704947979059543 0.250325179281713
0.246736980170319 0.586335832339177 -0.771577056638905
-0.0245446333858617 -0.795028939558671 -0.606074703511183
-0.546752021457383 0.0579195170742551 -0.835288906052361
0.0702354620272621 -0.684283808427974 0.725825495141308
-0.943635489071714 0.295325934998352 -0.149447836657935
-0.771876762993394 -0.58512260402842 -0.248672075243364
0.53659631566132 0.403832530490168 -0.740934329975744
-0.00253486867152212 -0.906956780422452 0.421216064373806
-0.63340286763107 -0.717288147728775 -0.290342074809285
0.830056824419616 -0.557432673827254 0.0165675098979958
0.768229258155962 -0.38753052399364 0.509552646824993
-0.522446687803154 -0.725827779475288 -0.447463398442249
-0.742510005160863 -0.47648637681217 0.470786177524814
0.260994875499037 0.623751346941324 0.736760430636802
0.64242666229694 0.632129819884336 -0.433243435475958
0.939192131523216 -0.294944022638662 -0.175858362310706
-0.63176060986457 -0.11374308947487 -0.766773135562441
0.328331261669233 0.103405377774468 -0.938885461841863
-0.263128632435004 -0.276958945940969 0.924152078965444
-0.341757410116577 -0.803620284156256 0.487233323494019
0.273752013162683 -0.953484060963803 0.126206104358516
0.414240873336756 -0.546479131888113 -0.727849611711112
-0.0343364676913713 -0.969445458293079 0.242891972657398
0.824386159952215 -0.0502358259879756 0.563794130039101
0.918286495703765 0.212657892153257 -0.333955884381506
-0.214750815501475 0.768488415225061 -0.602750066699562
0.180922090515821 -0.873998626900663 0.450991792984242
-0.635055377984934 -0.770928231631341 0.0487270824715169
-0.950701211285063 -0.102308120225072 -0.292746059575748
-0.755510666536302 0.62361409913582 -0.20077123327034
0.20295652175179 -0.0640195431908642 -0.977092702033972
0.939089888885587 0.00456479034265314 -0.343641300314709
0.610981522587763 -0.767565157124052 0.19376611836301
0.391487670864556 -0.670292785198803 0.630432379935767
0.863994321019377 -0.473198333370711 -0.172038224070836
0.162978100457676 -0.802776126575503 -0.573575304011286
0.187413940742598 0.907864224921222 -0.375044749228033
-0.211176459950088 -0.762318499933162 -0.611780195350097
-0.337194753693436 -0.821948109087708 -0.459021790385559
-0.0260488816588416 -0.375522785737154 -0.926447026632679
0.120706499480223 -0.958402785520995 -0.258638824790148
-0.689971321609011 0.350208151359191 0.633477565568578
0.471372061395267 0.114058307081758 0.874527919692459
0.381444058270738 0.913151193720949 -0.143719615279043
-0.617483318421211 0.22421377468366 0.753951281392661
-0.867271450389017 -0.115755850478437 0.484190886345608
0.597199055239208 0.534300003654168 -0.598228045578401
0.261996197807764 0.913318823259539 0.311779921441528
-0.301579350693937 0.931496153111791 0.203383411253129
0.785321389380067 0.0160358876393575 -0.618880574658616
-0.54602338332982 0.837467290714314 -0.0225167013721781
0.867260034523482 -0.365058387702465 0.338515001272331
-0.344265870206312 0.409874880499737 0.84467958004584
-0.988982253163828 -0.0873265813058635 -0.119533138185311
