# command_history: dirgen -cart 0053 dir0053.txt -force  (version=3.0_RC3-1000-g3151ed7a-dirty)
0.537001526028141 0.828648884999689 0.158020208936136
0.923535796221296 -0.0813054403230395 0.37479468842524
0.950033884920646 0.268979239366878 -0.158384930761105
-0.539369326624733 0.438459817730289 0.718911481152098
-0.0434766459409746 -0.503615558099138 -0.862833211517856
-0.0263662711350261 0.0361191836721103 0.998999611770342
0.259804929596867 -0.644808447196957 -0.718834796723571
-0.797270002930971 -0.579032137960333 0.170535408744153
-0.229893517727955 0.311882792614775 0.921888330643943
-0.685220882505124 -0.533395255725559 -0.495945403596369
0.588898906616381 0.261067401722924 0.764880310600079
0.447328653459785 -0.0435006339863706 0.893311127567904
-0.124627827504046 -0.722842810472201 0.679680936881617
-0.502404941512459 0.680423569696437 -0.533491368763751
0.628913075180881 0.20617624409598 -0.749639713620485
0.94185921592728 -0.106388067767773 -0.318720561635878
-0.109752906587847 0.985764120598382 0.127371103616238
0.442656827280748 -0.886964389519364 -0.131716001253775
0.0898110732782453 0.440003236615747 -0.893493773276723
-0.78834532750982 -0.591356402981927 -0.169732876148706
-0.909617959995675 0.395367062182295 0.127593310932228
0.204574382899793 -0.871846911471984 -0.44500818511341
0.772710531731876 -0.452476126978402 -0.445178378479083
0.900880207146569 -0.383374955421673 0.203564476092919
0.717114551958501 -0.68437796260296 -0.131808663117339
0.180473170501136 -0.244051212710275 0.952821305546802
-0.296554437034714 -0.166513569735245 0.940387524890164
0.528531263372779 -0.716211630105556 -0.455736332257059
0.101039604869415 -0.973787192957624 0.20378788256308
-0.179161898323668 0.837052564416292 -0.516956495841932
0.0900160445891376 0.77030579179592 0.631289235487338
-0.940854212622343 -0.281508373364387 -0.188537493132076
-0.433424017033552 0.87428066707416 -0.218579360047698
-0.220326369633252 0.590731525385446 -0.776203939541675
0.459346771723574 0.72669195335865 -0.510802650963089
-0.422613421162604 -0.485631937301875 0.765218607801501
0.762386204575249 -0.141095651291653 -0.631553079526916
0.829930464102055 0.225015988410452 0.510473534784141
-0.707875782754343 0.671695973915042 -0.218486600999351
0.546134920823871 0.81612017517773 -0.188903435449374
0.856162218925194 0.189181207922449 -0.480829206115946
-0.249036903337199 -0.968075816897725 0.0284575739307006
-0.499893602628829 0.384361767261525 -0.776126547618601
0.747307305773693 -0.417687965933629 0.516786758587613
0.711305649411654 0.497424185322782 -0.496601905927707
0.727744972683484 -0.0936904269776881 0.679418397327195
-0.433212620655855 -0.762524731719592 -0.480502714685829
0.382681980220776 0.540458215826127 0.749305958177529
0.493688891329288 -0.107132338361025 -0.863014449853163
0.175973542187093 0.931482785695168 0.318391476650518
0.998489322005658 -0.0472262034956794 0.0280848632552404
0.246858209615977 0.234601291402745 0.940225110501394
-0.194230094487125 -0.906397037707414 0.375125419600895
