# command_history: dirgen -cart 0220 dir0220.txt -force  (version=3.0_RC3-1000-g3151ed7a-dirty)
-0.880284076755522 0.449744442593709 -0.151095600752478
-0.313125692386583 -0.0467040401576007 0.948562614380506
-0.107383335475396 -0.966567517316952 0.232843410321018
0.560104584864072 -0.810549181179664 0.171151625476422
-0.697964364232647 -0.686293476714886 0.204565417605008
-0.949934951537608 0.0511974993990828 0.308224599768616
-0.571785029155522 -0.228861101134088 -0.787835310722559
0.282809033162643 0.139535033867595 0.948972615561261
-0.124914470467738 0.909774853325366 -0.3958612020956
-0.0882485528686048 0.877033927731262 0.472253832726503
0.487063108621836 -0.135937856347464 0.862722682807917
0.119288517328903 0.247557174167011 0.961501791548989
-0.951843570448989 0.292262407525629 -0.092609408497425
0.830177574676847 0.14555918487945 -0.538161423924921
-0.475020174283794 -0.32662420822789 0.817112269289171
0.445493385217845 -0.888143863168649 -0.112854428548516
0.97024407068601 0.227334633113913 -0.0833391137798106
0.800491927916711 0.44233724700874 0.404413690728833
-0.907590382284482 0.167027245726649 -0.38520331926098
0.124034534392884 0.365172515543923 -0.922639945032332
0.041861437155175 -0.658941518032065 -0.751028425489276
-0.538671956999068 -0.0528298290597517 -0.840857616903309
0.511323185321288 0.837146356701977 0.194253899866897
0.409247060239886 0.662028736134755 0.627881195941422
0.60910977791276 -0.644964278382325 0.461526118504505
-0.0642371999774069 0.63530687162839 -0.769583498394301
-0.814848665260517 0.561104867035483 0.145543742264127
0.130725498907612 0.583515642928124 0.801511284008861
0.065123980518382 -0.780446818420212 -0.621821220914186
-0.976346876535268 -0.0867784523072398 0.198030999833325
0.390835420303646 0.862541130345906 -0.321357235328038
0.433058606997547 -0.89855234144826 0.0711613138102027
0.951675445807513 0.155240242047196 0.264979835263364
0.782606905179374 -0.590645762839737 0.196631672944691
0.218958426192102 0.907504559179469 -0.358458760065861
0.0366838159356716 -0.0950775365790452 -0.994793727205021
-0.797141998455531 -0.125498659183102 -0.59060538504281
0.558015019453983 -0.754315283579131 -0.345872362328513
0.687022672878047 0.561059315512388 -0.461749165054227
0.940433738369616 -0.232101665161085 -0.248421417686963
0.822405867445526 -0.172719119734906 0.54204860932316
-0.966277913811155 0.146326462614748 -0.211885723019311
-0.367031832270001 0.706188320428424 0.605463203003294
-0.331255535297585 0.480816414374904 -0.811840714673988
-0.489295210411022 0.579954969034609 0.651338952436364
-0.877408642925918 0.0143539787997585 0.479528973693472
-0.330185164748991 0.187499235524184 -0.925106368834162
-0.2131416880553 -0.746520485080589 0.630299758978201
-0.672959434874965 0.625076129392999 0.395481265644575
-0.840668313198686 0.328450745297502 -0.430577397336636
-0.622530704004521 0.436367908181259 0.649644957866331
-0.333768927449178 -0.942558674433631 0.0134702753996154
0.93049535299139 0.36454715700943 0.0358297136155242
-0.154261388472089 -0.428134025827769 -0.89045195263707
-0.281217106758808 0.947191997332052 -0.154091722867661
0.578012010732505 0.391383985735314 0.716045173965237
0.223861488755658 -0.828764590616016 0.512869659068625
0.276393138573043 -0.903745837828636 0.326879631603377
0.154462149940705 -0.987170173380308 0.0404535909900289
0.398748800960117 0.190494303752119 -0.897057029386017
0.186126155527366 -0.559334046202599 -0.807776255523293
-0.142148609598987 0.743548900237016 -0.653397892363756
0.416544008130597 -0.318994127548167 0.851313006995829
-0.632824307968162 -0.30962913982042 0.709692321375034
0.0199019925825579 0.99816227454489 0.0572362155161859
0.439676901495398 0.519750394267351 0.732491467493198
-0.568715961175506 -0.540938574278576 -0.619635065471349
-0.676799997930126 -0.0907386614595146 -0.730553391695855
-0.81064745648201 0.309172203715311 0.497255718669044
0.523596266661922 -0.770280119347825 0.364026767250979
0.714153138858192 -0.483448659386938 0.506223950436922
-0.959918433928082 0.26866239823822 0.0798568467819004
0.714215870572628 -0.299908479595004 -0.632416472025513
0.115478685715406 0.635171846533666 -0.763689333771564
-0.155755016195388 0.501357263387816 -0.851105909613049
-0.805983774250225 0.148811358876474 0.572926989340439
0.218873794913767 -0.101127396227631 -0.970498589196433
-0.386320854913722 -0.782879448211461 -0.487704794549787
-0.245508024171001 0.352029131984051 -0.903217194423471
0.308277136448473 0.821616251686928 -0.479491336842546
0.585478858316407 -0.28949774075029 -0.757235474977893
-0.278171803630696 0.266819927425173 0.922728331630535
-0.745480207994661 -0.665494464130111 0.0370995646930511
0.274394092481761 0.631395099000595 0.725291741969492
-0.694187584836901 0.712994341158404 -0.0987049468588309
-0.767481505923108 -0.562421880684859 0.307658522054737
-0.209065317240343 0.69500023294602 0.687943580050117
-0.375177459243097 -0.47599211736102 0.795407680555115
-0.23356351082851 0.0529519843934644 -0.970898642371208
-0.00322153564277401 -0.363169247856304 -0.931717617693037
-0.150493697192198 0.215828015527525 -0.9647641757543
-0.417906860741862 0.593142291070135 -0.688139577621396
-0.132166750389022 -0.848200724179925 0.512920541207171
-0.427982356264177 0.85750428633363 0.285512699623001
-0.700195658138931 -0.256030462860797 -0.666464134376844
0.914439156433563 -0.306203443252956 0.264651621043794
0.0614203758743511 0.918328047738692 0.391025746165001
0.701214507811361 -0.208760557552274 0.681701726303619
0.0398613854784842 0.973482799304817 0.225260536724465
-0.0256169440818257 -0.507613643860263 0.861203901955173
0.78548937872064 0.423007490850364 -0.451742292243644
-0.0380223378737534 -0.925046077866247 0.377947159860855
0.257520880129856 -0.886978721410512 -0.383342854455535
0.114080388309077 -0.965190045056187 0.235358963984136
0.438476899462128 0.360162187103467 0.823420431868754
-0.480234149660531 0.438900314565861 0.759435102805905
0.770189260937924 0.00590892291345227 -0.637788042350982
-0.701627170968873 -0.409659742774904 -0.583007897123028
0.708225095152864 -0.702373749530326 -0.0713325351184757
0.302257325265487 0.345604185666102 -0.888368311103804
0.623511197362744 -0.563181488762722 -0.542273360472633
-0.301608344639055 0.952648058185193 0.0386533786371991
0.208513926612025 0.936026461521142 0.283507329254545
-0.979025363647737 -0.184998046616945 -0.0853525634197996
-0.0411547143378725 0.84279819835289 -0.536653972631239
0.446838977189045 0.882763844610859 -0.145130710438916
0.882647771801442 0.3095745536666 0.353689845282665
0.889144849707537 0.148520371188342 0.432854635623367
-0.128093303566237 -0.0831192762434825 -0.988272883113894
0.039305460508597 0.222588248608675 -0.974119886028167
-0.511593322804206 -0.781158688564319 -0.3578594351734
0.729689010276737 -0.577262527137836 0.366499553947607
0.702010344255708 -0.671384273552298 -0.237538699551537
0.300137958235077 0.481960783943025 0.823183459969589
-0.580997576438202 0.793798893432044 0.17979191572203
0.793342311052001 -0.520565690970186 -0.315625314066224
-0.545053080192247 0.13033181959879 0.828209367595545
0.858529829932622 0.469063451754449 0.207137657957371
-0.232702522876113 0.806057733596048 0.54416951950389
-0.868949133609482 0.0130027700799553 -0.494730564216098
0.286803389495856 0.622321911764772 -0.728326337510273
0.438570244445701 -0.283000565893841 -0.852975275368873
0.317248359200611 -0.722630365757653 0.614132585904282
-0.169067158514901 -0.983820743705313 0.0592709048928932
0.205350959434093 0.499650869463406 -0.841534308334461
-0.343433549409852 0.578096932045278 0.740173854104283
0.539294936202985 0.454090842275641 -0.709198476272487
0.393319391428909 -0.80241124425064 -0.448816278031592
-0.544852866164075 -0.795138534192946 0.266251883888708
0.631424063271288 -0.395698077055288 0.666878312840299
0.0839980721343251 0.833094860161891 0.546714987767444
0.482031314349982 0.0310916549994469 -0.875602147653502
0.761445098290418 -0.0404267031457223 0.646967575665321
-0.751681789106559 0.331924201853184 -0.569912986472224
-0.423258707745573 0.869852863593486 -0.253393097806079
-0.636551946200428 -0.0173028353210841 0.771039708237066
0.573144110970042 -0.550254511567684 0.607227964243883
0.854909235542428 0.517996482398216 0.0284577442418848
-0.193030600981204 -0.974529409859349 -0.114156105417205
-0.64161172355024 -0.667161216040863 -0.378457802157344
0.985692706701657 -0.0937135473073056 -0.140098747340023
0.660039318711571 0.459148530755765 -0.594584497325307
0.908849074965392 0.396915387254453 -0.128263534549763
0.626114718430602 0.686878110513343 -0.369024146448694
-0.430804448274788 -0.190375712831691 -0.882136392691335
0.0395650143588661 0.750731317390234 -0.659421791214324
-0.492215333267741 -0.870070837487741 -0.0264726925247226
-0.76258575340322 -0.573891305138924 -0.298515893366478
0.80655860717516 0.2897268963833 0.515287821225931
0.82993579736344 -0.454340494743549 0.323699377649848
-0.651058111577766 -0.725542039345925 -0.222962069622949
-0.251114991994613 -0.761365108694363 -0.597716012884352
-0.392286610810754 -0.00116353675335563 -0.919842302332762
0.57751042133854 -0.816364445629626 -0.00555023938358342
0.744805483345328 -0.461219460744008 -0.482225466985868
0.515853870194333 -0.693624306876877 -0.502772419206842
0.327634555928386 -0.429717184051846 -0.841426609688665
0.823630200649754 0.548613866564898 -0.143722364266522
-0.388069129024772 0.118745395023262 0.9139485118204
0.602995243698311 0.79131601080721 -0.101072781288427
-0.286073861538138 -0.311446879736953 -0.906180217642591
-0.757525140760555 -0.303150664425482 0.578148195339301
-0.921874168657088 -0.115966398349048 0.369729376188521
-0.0471651334901717 0.0742700307135254 -0.996122187646007
0.932865276666817 0.256593016515857 -0.252828794769577
0.0620884805071647 -0.366605723516642 0.928302355955834
0.480851718453733 0.757743015287366 -0.441143001353646
0.22880822736603 0.864272890122826 0.447972283169788
0.103309503071167 -0.241688477427506 -0.96483875671221
0.451590059298777 0.586341524328254 -0.672510249134499
0.166223459753946 -0.406468639399481 -0.89841694474902
-0.220581824954725 -0.20603845175664 0.953358177652749
0.112130528044859 -0.944686180261131 -0.308212208557701
-0.491545197415356 0.444539196283265 -0.748844591264254
-0.894225606076232 0.406534265487315 0.18732446829575
-0.654823616083201 0.704084624623978 -0.274719626506429
-0.285025526810369 -0.939101019133504 0.191962821736101
0.567764920034618 -0.268519568113399 0.778164659386609
0.991494845679692 -0.125502602649298 0.0344538491152592
-0.711513252484606 -0.159412680043441 0.684351144501231
-0.00292555361169713 0.993549982325376 -0.113357283653542
-0.998503600302284 -0.0471305923200181 0.0277356710923119
-0.357713432533511 -0.920228717383806 -0.158808714771101
0.136716384659847 -0.981029116746683 -0.137442723564265
0.132667571473861 0.0586920669700702 -0.989421324186016
-0.92804019774286 -0.317470720655224 -0.19481717814414
0.988388691916662 0.0172721752116495 0.150961801972315
0.639426339641081 0.766283035907096 0.0628033840984082
-0.68483153342318 -0.544616973654174 -0.484146798850334
0.90044101647088 -0.434525819814999 -0.0198314843365802
-0.385013328921993 -0.713611318764319 0.585255177067111
0.555848423440985 0.626201727461407 -0.546721068445804
0.943780056137443 -0.00526830188908629 0.330532072017847
-0.564769283825015 -0.173874376064292 0.80672384208974
-0.378917870950619 0.812932387248166 -0.442224129641573
0.532355916415963 0.674483152188117 0.511536563376757
0.768114643203112 0.626596630073004 0.131820173259301
0.244572935107435 -0.620984966351206 0.744689029715576
-0.0192463867642752 0.517699765597783 0.855345853615087
0.865217658713141 0.273720310446581 -0.42008998405101
0.470368269242375 -0.696099172274047 0.542401727181357
-0.107045822685787 -0.720283207732939 -0.685370916003496
-0.286253799509408 0.9335791215519 0.215612583280315
0.863961567176623 -0.364081867028682 -0.34787182200147
-0.893830504980659 0.180980871362886 0.410259616056407
0.366546564971606 0.871226640938681 0.326508431477993
-0.861109803837659 -0.416024274756625 0.292256237825462
0.628872957433938 -0.0816061240187383 0.773213582350265
-0.686740563153012 0.141261105832496 0.713044668235633
0.811700429544111 -0.583515787176103 0.0255291753520907
