# command_history: dirgen -cart 0147 dir0147.txt -force  (version=3.0_RC3-1000-g3151ed7a-dirty)
0.917937307183161 -0.0647129723727836 -0.39141197131412
-0.599664373225553 0.694780734166957 -0.397092395941334
0.41623214494779 -0.570432108122207 -0.708066389214611
0.350981801398325 -0.412477022823978 -0.840639328564548
0.649707808614914 -0.166407706277849 -0.741746748369113
-0.777824635628908 -0.549244190504764 -0.305482659746054
0.15438877140541 -0.980610160460798 0.120697226417912
-0.138392793198468 0.376459717173935 -0.916037944703191
0.347979806428895 -0.91800364600535 0.190208728082055
-0.282072493742514 0.663551542364639 -0.692917353585106
-0.224574887353576 -0.973264224908173 -0.0481961459457367
-0.116294381655162 0.377427584611515 0.918707807286823
-0.121939963819323 0.12611443544896 0.984492658375436
-0.0940823986789749 0.935335784251034 0.34102122068621
-0.195135752493623 0.919101379440185 -0.342307891246897
0.397367641592782 0.91347198466096 -0.0875664927615383
-0.249343992796157 -0.503734697254239 0.827090640763544
-0.791271151132233 0.369684570216197 -0.487055729798898
-0.0175556937426793 -0.235134769054631 0.971804217936328
0.649605183981901 0.5932076939601 -0.47551838741565
0.660888050731827 -0.175494512105783 0.729677093391755
-0.640076090810003 0.547033228874551 -0.539497214525217
0.357746802389721 -0.0265710562673466 0.933440519984411
0.661195925114907 -0.370853846348594 0.652140608503945
0.799318254052601 -0.598680283134236 -0.0516937841970628
-0.276572608869878 0.245804852819588 0.929025062284786
0.6638679546716 0.388284660646668 0.639151281831343
0.0219711565336431 -0.544216211472064 -0.838657250282598
-0.486990563168123 -0.658697655361419 0.573548245753192
0.222441829744802 0.304499776651153 -0.926174669486908
-0.902615932344682 -0.217676268442036 -0.371350940263643
0.473309423787635 -0.865675447975928 -0.16304664401788
0.839603978512002 0.528182170950609 -0.126841450467579
-0.828615061998609 -0.552447605612981 -0.0905467949820737
0.267348984005333 0.920218059990066 0.28587277383381
-0.638558910332785 -0.207221050865566 -0.74114907684809
0.801526906285341 0.392829452135181 0.450821073194037
0.447760893047361 -0.706512018714721 -0.548042835980071
0.0868208032921428 0.640882729740927 -0.762713232372118
-0.00610563359716052 -0.963412823708532 0.267952332239021
0.663105855251528 -0.748507066873526 -0.00527215056038278
-0.112946813896053 0.576127198975279 -0.809518664288619
-0.405979524250313 -0.904592325715222 -0.129974421124373
-0.635966528126163 0.741605164506573 0.213467456724279
0.849564750933378 -0.265609425755905 -0.455731683034135
-0.15911711351182 -0.627376170115348 -0.762286616279641
-0.217653006037516 0.569613242499256 0.792570452977094
0.660020477013005 0.552870355106379 0.508632814875398
0.968504837526507 -0.163558416032055 0.187741908568226
0.598007507493743 0.424636838751278 -0.679757733428934
0.581583201643935 0.0190642912730115 0.813263507335629
0.182328344613553 -0.144124318148606 0.97261737372344
-0.736659746367706 -0.420785981020786 0.529406815462213
0.329170924123867 0.499961199889502 0.801052620816191
-0.491532855477616 -0.358973519232322 -0.793431449134696
0.529464443393638 0.757858556467279 -0.381205733916997
-0.499386445908289 0.364195871261937 -0.786113570038608
0.203273227425934 0.962544938288603 -0.179408017621381
-0.980399017178867 -0.180509023617284 0.0789573271295737
-0.998454912315625 -0.00764875078916888 -0.0550389378909505
-0.307028889786564 0.951117451515017 0.033299463359169
0.959056620836409 0.0292778334010411 0.281697011878346
0.800133775618016 -0.111605432632974 -0.589347239343721
-0.32448290028727 0.281316771656387 -0.903090095951666
0.568591534768058 0.821226857952209 0.0478551394110169
0.105297171227403 0.899863141524688 0.423271582151255
0.17185810211814 0.901994249761773 -0.396069648083576
0.858960608665199 0.283277986009149 -0.426544552660226
-0.210424796199351 -0.111561016798668 -0.971223735642467
0.447321243900122 -0.704189026927113 0.551381464243307
-0.980151654732373 0.194250909829513 0.0396146154316557
0.294458052221396 0.300425569540123 0.907214931892369
0.444743167737965 0.162793259444241 0.880739387917857
0.985273463553848 -0.0197085008482529 -0.169846333522151
-0.281745166811471 -0.679184215220132 0.677737753688098
-0.50515108966198 -0.542688284675612 -0.671052756710795
0.332198324300623 0.680293779288258 0.653333488498452
-0.48965668514734 -0.704475935546772 -0.513760631934774
0.0345446063929782 -0.877643779934446 0.478067009645648
0.543740794360539 -0.807166134168353 0.229845122636714
-0.903385168919189 0.417358806279493 0.0985234154798001
0.766725226187835 -0.587751241439629 -0.258226462070387
-0.275152689423723 0.84385951135793 0.460643161887428
-0.497884611305286 0.866359335453099 -0.0391460815235592
0.705450581878125 0.0439297572010869 -0.707396390265082
0.372025235442491 0.879029729692581 -0.298167668452748
-0.700338707761204 -0.660750296431941 0.270064325997473
-0.0434913157765513 0.710406188036499 0.702446833184886
-0.904525229554813 0.168903589951002 -0.391542700609368
-0.0733268323877255 0.839855867388152 0.537833894121296
0.862623694247931 -0.408665575573168 -0.298115429764216
0.847740003953585 0.0900364846924674 -0.522714374320238
-0.422680385461347 -0.355485411703069 0.833649454994452
-0.624198461531409 0.659151461697763 0.419399131095339
-0.707271145616003 0.681211419377225 -0.188993462027378
0.719254659622344 0.6924115954213 -0.0569114851121936
0.882855046744736 -0.362620597613128 0.298451451033579
-0.475431560042687 0.205285120119781 0.855466452394706
-0.873777339317374 -0.0278978389704815 -0.485525356573915
-0.761241398622548 0.543422013720123 -0.353841840413982
-0.893064067229674 -0.385580633369512 -0.231870970571046
-0.927400945920211 -0.373941814952259 -0.00974702705997071
-0.126801019070409 -0.796432718288134 0.591283710923005
0.546710133467714 -0.378727759932511 -0.746775276653035
-0.791597957108703 -0.21559534937505 -0.571744103274515
-0.479164342958596 -0.823593857242206 -0.303471070696965
-0.335123146486534 -0.799114479874769 0.499107728595183
0.390228585747621 0.16042766919113 -0.906633671238452
0.931758398033228 -0.351016555571688 0.092809834657437
-0.466413156216466 0.80642140062233 0.363515188577471
-0.942607750029129 -0.135187086661674 0.305311449482251
-0.746973778590855 -0.0231897035708308 -0.664448953453911
-0.117416555301379 0.985996902882322 0.118420690960776
0.17889321194753 0.0927837571687471 -0.979483738060386
-0.837406523379795 0.527913965956182 -0.141623300164132
-0.800671463220144 0.173389357326935 -0.573464330844269
0.0319088050404096 -0.00690751451990757 0.999466915112276
-0.0360588120794287 -0.998685313572566 0.0364335906257825
-0.287964381065904 0.922521030853449 0.256965878805767
0.714570060646415 -0.329459696770106 -0.617127164069066
0.311376593331208 -0.485726666626325 0.816770605772227
-0.341887981319766 0.0426443520888217 0.93877263885566
-0.746653324784125 0.478476248925028 0.4621355772968
-0.563679946846908 -0.807543778826808 0.173602888227089
-0.0757122212379586 -0.97591975135157 -0.204568566688786
0.0560413352794449 0.450281091436863 -0.891126426178982
-0.435785588769537 -0.534681437232545 0.724021188432858
-0.240269813596918 0.809997061471547 -0.534953434498333
-0.968070723201335 -0.202767364219517 -0.147392234829091
0.481509200031193 -0.546844085837884 0.68491637158813
-0.807478106248987 -0.485819592800445 0.334601899545951
0.141876421729367 0.784973022921711 0.603065862275774
-0.317606422949195 -0.822931686610566 -0.471072817379338
0.39840445594228 -0.831018513176765 0.388177949197035
0.688603980887689 0.706961193538288 0.161339481642116
0.916790835293933 0.337634288892041 -0.213301784534067
-0.490589505102939 0.163993616568089 -0.855820092781054
0.135836422689207 0.428103409085191 0.893462890891747
0.076119362264272 -0.745533203746604 0.66210730610665
-0.595914327762999 0.533176229818176 0.60050747033126
0.73570431351678 0.239496089200058 -0.633546199049983
-0.580200156501674 -0.22026590380798 0.784124167472911
-0.6260256258496 -0.695502578461604 -0.352658587209892
0.251309221356792 -0.725105470270368 -0.641144080722135
0.943514974579871 -0.222747554992264 -0.245281510694374
-0.0515461121249649 -0.247410138967111 -0.967538744165357
-0.538874867021376 -0.00884012725451529 0.842339438612973
