# command_history: dirgen -cart 0137 dir0137.txt -force  (version=3.0_RC3-1000-g3151ed7a-dirty)
-0.0926665777862457 0.607259210963508 -0.789081210054684
-0.440218044390122 0.010236149039235 0.897832553790618
0.90137329770066 -0.387673273746962 0.19296531039166
0.0649142690167095 -0.182852292982401 -0.980994993172292
0.157667553130115 0.851068978677673 -0.500821860767385
-0.448303554062389 -0.861482489767948 -0.238478181891443
0.412705873906847 -0.641237699517757 -0.646906542214531
0.852767256511078 0.411685364436976 -0.321408100288345
0.792018488451356 -0.511163064239973 0.333794900662114
-0.737449713119813 -0.607063829896775 0.296042947983169
0.409953007291553 -0.429964379116585 0.804406094272975
-0.208173658752847 0.976819849573208 -0.0498669156979671
0.911048387730293 0.277518074017805 0.304917290109109
0.620719541399275 -0.344918022376905 0.704087216731477
-0.694811565216584 0.678458521169459 -0.238602019886319
0.67064056456148 0.309950678310895 -0.673922703415811
-0.316377671118947 0.795622685789736 0.516613696173533
0.885662354746023 -0.198963205616848 -0.419542412869542
0.795046790164196 -0.583396626197389 -0.165978848023214
0.774316798599569 -0.36312129857992 -0.518243589371009
-0.642902902637123 0.101593294784508 -0.759180255430547
0.130697199788596 0.227411510916164 -0.964988210637958
-0.492341659433389 0.233490318137938 -0.838499828099101
-0.820084783886361 -0.262794459266554 0.508330620184207
-0.160859124057906 0.949448110645254 -0.269578610797445
0.0962140062258515 -0.983766029331463 -0.151483545441015
-0.21250812958828 -0.971599554617482 0.104089386231263
0.933603200350786 0.338322971932067 -0.117994198831233
0.62577698988854 0.767192281741253 0.140780544688134
0.404403832457559 0.805363708641405 -0.433413009838193
0.853349852873429 0.162733496147768 0.495289650439438
0.968814608093615 -0.242889368908272 0.0490205019941273
0.412079659646839 0.892091962758205 -0.185370666739802
-0.079036040173013 -0.388788453222524 -0.917930739759056
-0.637764635715544 0.0639148906263873 0.767574853800485
-0.154026340584944 -0.18379024254272 -0.970822863941769
-0.985085584778384 -0.132117053960041 0.110233727664218
0.254579799621098 0.911378136421132 -0.323386793296242
-0.769423763918377 0.209464638399714 -0.603416636146001
0.569342143107194 -0.811468752637901 0.131787660933779
-0.338839583870836 -0.938284057412459 -0.0693596713361006
-0.436610691534841 0.836400616558925 0.331368545063224
0.228204101614301 -0.0261706369568628 0.973261519719999
0.243345045555639 0.921890239717087 0.301498880127101
-0.698100889693789 0.71571941184665 0.0200217710162264
-0.0231604705710799 -0.940915486643668 -0.337848545352849
-0.709407562363741 -0.64188195588547 -0.29108154384945
-0.292252673787035 -0.372959091949229 -0.880619038175269
0.728948349815811 0.468763464366328 -0.498893894306279
0.475619103371975 0.356292563575567 -0.804264930012735
0.600171818524214 0.450211053396594 0.661138257589793
0.571478576677813 0.774091677293319 -0.272386327747039
0.837847006315206 0.533543588066453 -0.115514646871393
-0.370074812757474 -0.168526129808718 -0.913588297065049
-0.782503275974616 -0.371062065406793 -0.500001566702585
-0.14307918893466 -0.848072436787568 -0.510197498675755
-0.290116482954332 0.849608835412874 -0.440451192649751
0.586980411818569 0.111696056307558 0.801859081850822
0.532706325967392 -0.543827018258924 0.648441319230916
0.948840774709658 0.0632047797733344 0.309364413050663
0.879315412936363 -0.0730578352061217 0.470602759540942
0.62070599572514 -0.519094411434653 -0.587592596012045
0.743786351019238 0.0987409493269205 -0.661084025645383
-0.0495052180174857 -0.955076385918768 0.292195705733994
-0.250122063535666 -0.397343522461829 0.882925296098309
-0.94926994174295 0.167188208376701 -0.266335654171807
0.994017709912904 -0.00727881558496688 0.108976195672204
-0.341686819811673 0.363604531627165 0.866626714189665
-0.398543408846001 -0.524231215687808 -0.752558824122003
-0.669891098749577 -0.558732145481271 -0.488942026647312
-0.296346832890964 0.23558181312149 -0.925569967080764
0.0422917419050917 -0.572532577143918 -0.818790483991831
-0.265626807367732 0.552465184529229 0.790078868905321
0.0650352729892639 -0.877069762634762 0.475940169284979
0.12456338510705 0.984615888886585 0.122537808217515
0.642682950055181 -0.717683601868273 -0.268121004991685
-0.53747318229706 0.698492160824968 0.472473575533637
-0.492902650801498 0.451785952144219 0.74359695418822
-0.602064236927612 -0.65300298231863 0.45946246821231
-0.545478118406062 -0.740375228785926 -0.392808023009166
0.353711973789196 0.811216117070177 0.465635319755424
-0.000755961669403083 -0.997409084928805 0.0719343160351015
0.502171911357217 -0.218784579680586 -0.836634136966589
0.829382984280065 0.470983896912893 0.300496313181108
-0.512369434045095 0.780195213712671 -0.358849538882453
0.199230598256258 -0.43422327711528 0.878497190849078
-0.438157457875603 -0.672698153650368 0.59623421252338
-0.13386967806189 -0.589228876797389 0.79679874500635
-0.782265641119492 0.135161679532277 0.608105079003559
0.972210697505498 0.211955258575123 0.0994048691877131
-0.177492345221467 0.714656404076092 0.6765816222015
-0.314293096512069 0.93380054794921 0.170986508633315
0.133527598108747 -0.38380361391028 -0.913709563533576
0.858736730745173 -0.302868891145378 0.413329967514407
-0.992272672494159 0.0810784425312042 0.0939214010650038
0.284048715261876 -0.17217260745336 -0.943224745540949
0.568962003539556 0.151858994388459 -0.808220937832954
0.273855966174465 0.706000036557961 0.65312086030903
0.903249249663777 0.418912341134271 0.0930228113272633
0.567303704662891 0.502125129564108 -0.652714992118296
0.691257528131984 0.716675392567644 -0.092408936195979
-0.0871765580118672 0.23428903161637 -0.968250431137248
-0.00937122093934308 0.0241303770438822 -0.999664896413706
0.312014691334928 -0.60597586199738 0.731737717401326
-0.953476095836845 0.0230038078579416 0.300589686269775
-0.629099270915375 0.626340510602818 -0.460360372003874
0.65499769851057 -0.29891672403222 -0.693993376798152
-0.788686423093717 -0.608869005840202 -0.0851602005328931
0.213992662026833 0.0262327749055389 -0.976482965606377
0.0521094381786733 0.727558033238756 0.684064262129266
-0.854774291749652 0.417080788047189 0.308876231532659
-0.180607023068232 -0.565974536349852 -0.804396623204002
-0.358201668330714 -0.197301799321146 0.912558800729976
0.72284146678375 -0.436701052945996 0.535530021804358
-0.241400999256127 -0.722580693376616 0.647767473031421
0.524688401298919 0.851082252547336 -0.0190021299158236
0.722674343832082 -0.564227991214565 -0.399234976795428
0.203765008008042 -0.911520126938576 -0.357226650317926
-0.925869757443444 -0.200767831099509 0.320089784665517
0.022489953722843 0.42751499424663 -0.903728461251414
-0.764140487089061 -0.0322483680749895 -0.64424324501526
0.441472080308981 -0.0322370014910402 0.896695699801514
0.423752323837323 -0.713354060104204 0.558175557486456
-0.409532447766268 0.911953761296561 -0.024970211925894
-0.70048758705412 -0.249239001738498 -0.668727941987991
-0.356326580383454 -0.54350387485274 0.760022964213774
-0.903299134903344 0.424799140532207 0.0599696847246045
-0.370651469483076 0.897672717302668 -0.238329982965807
-0.482285953334243 -0.647950810716233 -0.589542200447649
-0.537981898141836 0.83355503357014 0.12554474613296
-0.503225632341394 -0.317125214915057 -0.803862899392479
0.19793117064433 -0.756595879817042 0.623206166794939
0.818923182673836 -0.56712508065024 0.0879429575168674
-0.0193906863306801 -0.751456821960798 0.659497267630581
-0.079493797722883 0.845546446698915 0.527950700916698
0.870209346778138 0.0381630530467828 -0.491201867018149
-0.944525818448633 0.256192300984938 0.205515165377114
