# command_history: dirgen -cart 0245 dir0245.txt -force  (version=3.0_RC3-1000-g3151ed7a-dirty)
-0.950879955966987 -0.286433799997823 -0.117400969157109
-0.902686581168663 0.399507632933334 0.159845511060006
0.4470530676891 0.87192368731634 0.199731415071448
-0.0524033343917347 0.478339138580282 -0.876610266336701
-0.38991364946845 0.829199438978933 0.400494240102423
-0.670634020749434 -0.51107086804319 0.537639821861279
0.733999663507455 -0.549202418947228 -0.39952621565231
-0.404940005516565 -0.912775521967621 -0.0535204486993707
0.839509641260685 -0.32632448272799 0.434437445672752
0.935330798690313 -0.127188643136372 -0.330120199440249
-0.132725644229748 -0.589904933479065 -0.796489844769447
0.977844744371345 0.151421199955092 -0.144538147592596
0.945913357217092 -0.242997502551422 -0.214942165226047
-0.988778633322675 0.145615833959856 -0.0333593043200588
-0.957438306576776 -0.285597184384515 0.0417868085767844
-0.510293218558779 -0.819589507288889 0.260526141941416
-0.431284497282647 -0.757758397621262 -0.489689588656029
0.991941490076086 -0.0109470942374832 0.126222982825591
-0.891600918192934 0.0282719819586933 -0.451938599495157
-0.12528460015607 -0.874652179077665 0.46828125586919
-0.505582676960041 0.387975571226732 -0.77062384656148
0.901287390325008 0.421101657534285 -0.101756739644186
0.932797545503239 0.179141798733954 -0.312725047045319
0.226167948008927 0.336231056794213 0.91421919458108
0.0223457184687052 -0.544325623050827 -0.838576344143124
-0.873451225824649 0.45454044964573 -0.174573582598503
-0.927664692514142 -0.304761719651478 0.215774216480369
-0.277510520809814 0.166995413303906 0.946097480588191
-0.574393944057193 0.4964075666991 0.650884878265197
-0.129749030587466 -0.0134892886144054 -0.991455106474464
-0.989003273038499 -0.141873261525349 -0.0417672549169247
-0.642561527176844 -0.271751241304505 -0.71642581377392
0.362569047444992 0.899621501466226 -0.243361541609359
0.350493294803799 0.169618671880859 -0.92107760609351
-0.885984334426031 0.327561337960732 0.328230603425456
0.245732326127973 -0.0957553334518717 0.964596568525545
-0.661850927675735 -0.414328056995024 -0.624728429576802
-0.736472667042684 0.673623404277535 0.0619638596972595
-0.659873516767469 0.702877253085336 -0.265575806436026
-0.449162576356304 0.765458988923541 -0.46078792983011
-0.55713331557989 -0.662536722375751 -0.500647141382587
0.308113921443012 0.946984128193823 -0.091032260007061
-0.713402474975622 0.586468514928391 -0.383551286917858
0.0543037247688874 -0.900530775720126 0.431387792429426
0.144734262058863 0.825124581658875 0.546096528215062
0.461407523340943 0.108203897723859 0.880565167333879
-0.641490362844608 -0.720054861200485 0.2645961285413
-0.858497302685248 -0.19625065197565 0.473780606273922
-0.0576887031609714 0.385263706475217 0.921001568945777
-0.379419521467903 -0.333371361296651 0.863078421811301
-0.760404192733553 -0.277173891509441 -0.587333038010587
0.620858106582442 -0.596557135284815 -0.508581159532714
-0.53487722113238 -0.403587294967515 -0.742309675037654
-0.251274873562031 -0.440856463800854 0.861688178079165
-0.631906942840256 0.446616950507821 -0.633424750944717
0.302653259806133 0.0643752391553226 0.950924199351566
0.0942387189063149 -0.958489343654951 0.269104518651763
0.175133319190117 -0.479600263708951 -0.859832488081113
0.400478305609572 0.826241894205626 -0.396158376152248
-0.227746832040472 -0.282426697422853 0.931861868024628
-0.315245145420923 0.946718795817835 -0.0659091794348032
-0.632271310845127 -0.249037989376122 0.733630062994752
0.416060930954862 -0.0526449686103519 0.907811549283764
-0.772063130473887 -0.496316550862597 0.396974059483385
-0.601409321771492 -0.791407100361091 0.109460628467062
0.316204960396041 -9.5985698814917e-05 -0.948690894763771
0.0018572166869984 -0.827148495901626 0.561980352391304
0.625026124542189 -0.157696820390681 0.764509029690586
-0.839530883792012 -0.126662027483359 -0.528341391482068
0.496657970788409 0.216635235996971 -0.840476076147844
0.822974680382707 0.0555041011189469 -0.565360035913363
-0.555461048653281 -0.539115682837486 -0.633101337818574
-0.79146860438323 -0.609344797172239 -0.0477112820492628
-0.416788237670979 -0.518405135079461 -0.746688476449426
0.0715963568044325 0.943224382492528 -0.324348155480992
0.156064289692282 -0.0588450953516706 -0.985992490963241
0.917791557586467 0.121655852583155 0.377966282034883
-0.850661991335713 -0.457818936764427 0.258410521528535
-0.816251434387077 0.574642767075806 -0.0593235712723092
0.803434121754146 -0.0217939047497225 0.594994653519596
-0.69188255256277 0.0119147609204692 -0.721911748021483
-0.345093741313582 0.423755427709244 0.837461430271956
0.578263708731672 -0.803092231378023 0.143714825484917
0.735646586446189 0.133744172580896 0.664030568686956
-0.969774381266669 -0.0160688990203609 0.243473694519805
-0.434001998066594 -0.645419715012839 -0.628550441211324
-0.776617512136383 -0.375348645273263 0.50594331138441
-0.833029272072788 0.542462920716876 0.108610365606592
-0.755833683752989 -0.600757653437608 0.260395246386192
-0.857157774840711 0.234867451866706 0.458386113537225
0.0795174796223063 0.958658145784257 0.273224321677273
-0.725560811811911 -0.120927080161884 0.677449739572142
0.466395062991736 0.051073974224706 -0.883100840433202
-0.606235962398593 -0.123128721146422 -0.785695409127162
0.504483139473871 0.25902248235878 0.823652909676935
-0.865430917423809 -0.332569117431219 0.374736052839869
-0.0340465201377785 -0.0513016929012537 0.998102685484802
0.249631737137092 -0.814809068236561 -0.523230521026235
-0.0892076001989772 0.16104025774442 -0.982907950650696
-0.526270640307436 0.722285474434796 0.448712498790598
-0.59140343920535 -0.78060804295634 -0.202220313934967
0.204011309470224 -0.902460698532254 0.379399622051633
0.0956394588510062 0.387210640468915 -0.917017455569052
0.639208094112986 -0.747026287861114 -0.182660169891764
0.505591474797467 -0.851548558829197 -0.138716662906947
0.885532164837802 0.4620450502439 0.0484474620882122
-0.185722532794518 0.696424999046277 -0.693180612478293
-0.271356169396511 -0.936403050860376 -0.222520011841253
-0.229694405452421 0.327797026186914 0.916400343587274
0.0245535592403843 0.986561718783038 -0.161533580906532
-0.191507997026247 0.980080780262677 0.0525961142547453
-0.900749364402207 0.434243507002426 -0.00911916417521191
0.387101572652539 0.377198423560254 0.84135231723315
0.347673576902048 0.225857098479421 0.910006403818453
0.91451856041033 0.0502487855748116 -0.401411088802083
-0.678814447411275 -0.732685553418797 -0.0488141966759238
0.101957533289066 0.443472399054036 0.890470040306167
0.0618436584751214 -0.983736897190111 -0.168632971311029
-0.497386493427622 0.389384743441979 0.775232995769916
-0.484372413590163 0.633356874706802 0.603525007116087
-0.347345566886163 0.61818762409537 -0.705120641152882
0.183903669182248 0.1753487927383 0.967177461144814
-0.22240754464934 0.950885690745908 0.215293490885649
-0.0248762908895506 0.729576933477377 -0.683446170732798
0.641616342758573 0.679088876516309 0.356604495901174
-0.721233152509317 -0.684193487774594 0.108175833753699
-0.435641859722796 0.113266354371466 0.892965230579926
-0.49822700817869 0.530771336943986 -0.685603118575175
0.359961519108942 -0.490211739041081 0.793801080666373
-0.238967413242707 0.896714131826046 0.372556493959707
0.285308866767081 -0.565751881039627 -0.773643108703366
-0.43056619519302 0.884517603320538 -0.179558795309776
-0.838157114424799 -0.419292292148612 -0.348836100889598
0.955710539292607 -0.0227678797933319 0.293426291825988
0.552769892896945 -0.0332078389118382 0.832672015226587
-0.763607305068936 -0.247140048092998 0.596511257457851
-0.891583519733784 -0.40728287488111 -0.197988603630853
-0.964722275399406 0.167005584768232 -0.203519203036013
-0.707994079148498 0.0309081098499179 0.705541687383656
-0.325357362189171 0.731352815376876 -0.599387726192004
0.198273824387664 0.908776270464467 0.367169144677741
0.296021425890861 -0.826887171780486 0.478151566512555
0.663955765350441 0.625931843302042 -0.409111316390072
0.616927694778709 -0.574738781982407 0.537657467073979
0.420974757646033 0.72841557054909 -0.540546954488236
0.524180588726607 0.370659731160357 -0.76671120645153
-0.215150322063075 0.270691673355424 -0.938315702145176
0.353093855704448 -0.930880397622063 -0.0937358756653805
0.645771014324626 -0.681510095094377 -0.344272838519969
0.587746910473462 -0.689008945087544 0.424052169925177
0.265564848450099 -0.937690101781247 0.224081646479916
-0.707838845135951 0.698760227106907 -0.103432656013979
-0.144939105861627 0.635247472170991 0.758586385781078
0.813230221651641 0.546354959967679 0.200381796356701
-0.154520604841738 0.752178313606118 0.640586580580642
-0.374535947022746 0.865015370291392 -0.333873079998106
0.394624746793325 -0.272878551516102 -0.87738737473295
0.998591033884043 0.0130178261860474 -0.0514439816478946
-0.675308973648297 0.192098724879335 0.712078556066546
-0.0467798818356744 -0.898338151675005 -0.436806831334604
0.828808522795327 -0.48309573006845 -0.282302936809839
0.160731466994051 -0.809592112224544 0.564558240876654
-0.983547321985282 0.11370175551111 0.140380113296977
0.431304441807243 -0.538770401794063 -0.723673222268177
0.748729823028377 -0.621798506655109 -0.229717803466279
0.00189774372059008 0.685510389740677 0.72806037120994
-0.875145642369662 0.077707813786693 0.477578894338815
0.103481838186057 -0.866983456804431 -0.487474301674533
-0.523283556602879 0.79897979631932 0.296320104722208
0.764054960305014 0.418399123614258 0.491082672258067
0.542619439379622 -0.234072986603 -0.806705634633908
0.501868540343473 -0.226380388131044 0.834793320578902
0.479690250213391 -0.656758624882572 0.581863706113869
0.739206044882664 -0.461058296883261 0.490917172325471
0.663011972540835 0.382110501425567 -0.643744272959234
-0.741873346318453 0.170473889785449 -0.648507972906794
0.377817383852574 -0.891295968252025 -0.250690090423379
0.748322408748025 -0.32228831380754 0.579779109099876
0.0625692598988986 0.282693525463883 0.957167413975479
-0.602678803065205 -0.0906421353689902 0.792819187224705
-0.362749850165482 0.198831308625302 -0.910427732944944
0.552518952660845 0.62834601124866 -0.547635003536537
-0.633789081265874 0.306836089268396 -0.710044375226392
-0.91399967946234 0.177138792088124 -0.365001964762248
0.110516587029329 -0.226649829537239 -0.967685867811517
0.26911030622163 0.58128582723246 -0.767910431068608
-0.287405090698394 -0.701544233223847 0.652099687678971
-0.758585557906549 0.290646181577561 0.583157567446392
-0.125642754789166 -0.664101835977084 0.737009260200206
-0.822323294388152 -0.558808366015262 0.107320126621107
-0.261953639527401 -0.485060141776442 -0.834324247279297
-0.548584075510551 -0.503718427639374 0.66732545115015
-0.366030111658022 0.34936710999865 -0.862533813720255
-0.278142139684862 -0.811592166450195 0.513765613376573
0.193458803956531 0.957788780560597 -0.212636645486973
-0.474448237859945 0.880027882180524 -0.0212083987244153
-0.402754699467534 -0.482344217881325 0.777902762260984
0.211362514163291 -0.425932616852025 0.879720008586913
0.37179976015082 0.863999202821113 0.3395148242364
-0.53963140059494 -0.735150771052068 0.410306343252811
-0.801087365044876 0.400132186483626 0.445144096788098
-0.749826134403972 -0.558400272698224 -0.354894214682836
0.917943530526055 0.268478398233645 0.292059967210945
-0.195444309342289 -0.113063339216135 0.974175653191463
0.0100100010060054 0.120974923197552 0.992605091583358
0.698557688255011 -0.450991497936094 -0.555539220009869
0.615855922213242 -0.787630898368082 -0.0189486413962945
-0.15030876520558 -0.71892200264557 -0.678644552924767
-0.579207344964715 0.0725419615534553 0.811946128356372
-0.142475385446611 -0.988571245923129 0.0492712520221758
0.820576880132552 -0.462235417487747 0.336142830671511
0.636535201562309 -0.346847656981674 -0.688853859696201
-0.246921348284564 -0.898732897778881 0.36236587340878
-0.298150079481783 -0.735198573723435 -0.608760697893708
0.00321598752161369 -0.798928879683002 -0.601416912493093
0.463948859513824 0.879757982284964 -0.103814008504201
0.838424857891771 -0.178840107582067 0.514839755253222
0.0828859884843721 -0.940492012868731 -0.32955225176456
0.422944982852232 0.610676068028379 -0.669471643475303
0.712605775252028 0.671182123273751 0.204224304320507
0.256900295428025 0.963805666853495 0.0712802549804809
0.145240517601707 0.774536229522831 -0.615628801473212
-0.777384404400159 0.587957022304071 -0.223562133910775
0.945234778798417 -0.305670418184457 0.114441287990161
0.789058926956743 -0.125443234157172 -0.601373432065354
-0.3076986458467 0.681768835605326 0.663711381657318
0.286847660983754 0.61917302637395 0.730987813030473
-0.852586434744127 -0.27318670921692 -0.445494549009894
-0.51627090373974 -0.782003122802595 -0.349192597113314
0.549389862529002 0.834152185502486 0.0485892001559106
-0.0706638331738944 -0.223296798512517 0.972185765404551
0.287673297954059 0.831338613904077 0.47552095923974
-0.0404145459212596 0.612588645307824 -0.789367985237496
0.10977423875105 0.534466806774018 -0.838030338927781
0.389809292799296 -0.744814364718711 -0.541572042627734
0.958518112469421 -0.280449585989897 -0.0509024339904729
0.668939106229449 0.549467716276171 0.500605334497342
0.147126557755291 -0.983068333832124 0.109226494128538
0.968376454871876 0.132225370790453 0.211573847554714
-0.0228917470877864 0.999725055452173 0.00507754039056696
-0.905579930095988 0.320656874015533 -0.277676357210932
-0.201880326849473 0.568178893940515 -0.797757530902519
-0.105382597980643 -0.98695886271382 -0.121682830972542
-0.0614659076335291 0.328252944095009 -0.942587898761567
-0.524101708070467 0.795727848838771 -0.303536802019197
