# command_history: dirgen -cart 0040 dir0040.txt -force  (version=3.0_RC3-1000-g3151ed7a-dirty)
0.805272786171533 -0.342477930398384 0.483988230271746
-0.180946834278225 0.890244862176407 -0.417998000633016
-0.493846598168064 0.860254891270372 -0.126795345037707
-0.838243267708567 -0.545222591980746 0.00897492813677134
-0.630337043355479 -0.697035931835519 -0.34178373499051
0.349325597249061 0.0757214860055592 -0.933936766416066
-0.242387486737725 0.371527174108129 0.896223111268727
-0.982838438683918 -0.179171662533425 0.0438875698845022
-0.0188352579385008 -0.0922161717766947 -0.995560852344668
0.539130841522692 -0.675021716705137 0.503670147711262
-0.544756349876257 0.319512316429754 -0.775340182706397
0.538120085125997 0.721250050227787 -0.436148070075296
-0.726267162591577 0.655343909334572 0.207509925158437
-0.403420114257908 0.869079913246101 0.28627314894046
0.589441961529023 0.438388255775536 0.678508593303652
0.103284228189158 -0.69303546779971 -0.713466333178383
0.309701741406543 0.747372772553874 0.587808446872695
-0.761931722021725 -0.0496378765942919 -0.645752376832033
-0.806465950268449 0.367795061532589 0.462968102324389
-0.920777424445508 -0.00399969828667771 0.390067862102367
0.110477715563036 -0.993825785318227 0.010246111485963
0.960370079765364 -0.0555912493663776 0.27312803386938
-0.590885767645796 0.241352070762154 0.769807240504049
0.205817396626467 0.449870798149108 0.869054350555009
-0.86484065545383 -0.346414408446142 -0.363383679180971
-0.814491440688907 -0.421681316614716 0.398482823045846
0.705196538911789 0.130446159883239 -0.696908631657372
0.957290738023182 -0.280869780708663 -0.068604731467293
0.288840468405035 0.939486932572823 0.184215871565043
0.0355636259395498 -0.914937100904606 -0.402026528848914
-0.568969514350265 -0.82003087691906 0.0618308389024532
-0.2007399018348 0.247571516091034 -0.947845892659636
-0.140308189125953 -0.425383660472119 0.894070664694652
-0.492116794154023 0.626835634648723 0.604067999521659
-0.801223264795304 0.573220033704968 -0.171639368764948
0.218490595757457 -0.624683554884266 0.749688145713074
0.165180701752488 0.756778619365377 -0.632456683923879
-0.441295166263053 -0.0999737900972603 -0.891775654257534
-0.498961931948949 -0.462972820299407 0.732593446687715
0.210155660349925 0.943482510106803 -0.256272026459099
