# command_history: dirgen -cart 0020 dir0020.txt -force  (version=3.0_RC3-1000-g3151ed7a-dirty)
-0.156972197782095 0.836527159826085 -0.524959084116813
0.795321865172531 -0.464549725351627 -0.389431230712452
-0.132246630790985 0.00645424024618556 0.991195829000141
-0.778857433389587 -0.591727837080103 -0.207940533033578
0.861606200733384 0.150748501093909 0.484674781967995
-0.359599148828247 -0.836618224891989 -0.413229231711138
0.401491064147197 -0.431590184474097 -0.807796285009758
-0.402786663720917 -0.8850841747787 0.233214294340808
0.18323464077 0.546988392952679 0.816840721558943
0.205516851439993 -0.397740849672116 0.894184008063382
0.334564459513813 0.549419225783058 -0.765640344267578
0.653816218977979 -0.452687838295649 0.606298666385266
-0.925727166336096 0.343642607258376 -0.157920777556366
0.0564358423169418 -0.998241398722706 -0.0181412672686781
-0.287391463638999 0.833242534241054 0.472348415641442
0.763831769374719 0.519121212312314 -0.383502535873336
0.698307808718868 0.0524519067537198 -0.713873239280023
-0.984485079920548 -0.0903357724815821 0.150427974871656
0.493489843082851 0.123096842067689 0.860996482133943
0.588550712067739 -0.80410956756054 0.0837607466666723
