# command_history: dirgen -cart 0048 dir0048.txt -force  (version=3.0_RC3-1000-g3151ed7a-dirty)
0.660202142228062 0.532910459246033 -0.529282130648352
-0.133719502505396 0.396028900302312 0.908449340786293
0.0761466649969166 0.96815583290258 -0.23848683113866
-0.230344495653905 -0.339544383951215 -0.911949025247101
-0.0103676019044125 -0.870517047563285 -0.492029046634905
0.941027382195315 0.108059614183307 0.320609709368239
-0.865035364879439 0.247470470739848 -0.436431190017044
0.972796237447604 -0.221627844749314 0.0674431526513875
0.399076883263093 0.916253752945119 -0.0348812479564648
0.618032654826308 -0.778946372268281 -0.106198807424709
-0.469814525505349 -0.659079173337807 -0.587272470746362
-0.0328243329613443 -0.990949398044441 -0.130160876153331
-0.82693945421634 -0.164625808338611 0.537651822548051
0.336665854708312 0.880501190280324 0.333727068408385
-0.547293827160584 0.794775193838616 -0.262301082747881
0.878492800653347 0.397370741832541 -0.265229886580857
0.775985007519399 0.423867664207085 0.467101136098757
0.360779170751928 -0.6104429867927 0.705122506963973
0.24669959106991 -0.855889484344907 0.454524479377897
0.758021018973028 0.0498341943248335 0.65032352554024
-0.236663275052036 0.295088584900676 -0.925696073937316
0.138073900394301 0.64892931186668 0.748215441053004
0.426565030339972 0.810909071943452 -0.400585511384108
-0.652871539776162 -0.72103732871964 -0.232086025307748
-0.594945079444699 0.284121024457086 -0.751874720885066
0.658367000806584 -0.0762716331885702 -0.748822762888317
0.0928749962470464 0.814365627502077 -0.572872463830529
0.179557252382752 0.279440754563109 -0.943224288176442
-0.352390160478002 -0.583373842123356 0.731776014313479
0.556641799175212 0.349526789077706 0.753645096267475
-0.990615321454853 -0.12673025102382 0.0511930500589488
-0.335003842209015 0.069009036377017 0.939686212841028
0.0396964738456207 0.0278522809405779 0.998823528162323
0.581838706669387 -0.664813880170675 -0.468493568956615
-0.820883244348964 0.547473484668647 -0.162553015142411
-0.65949928137839 0.553351911253182 -0.50878518077263
-0.0193335809369764 0.572949644988358 -0.819362506437699
0.940932836517884 -0.110529065221841 -0.320044876390163
0.479980643130094 -0.413178926838139 -0.773887431502351
-0.537003163875556 -0.267826753607729 0.799935267405799
0.849598482377711 -0.486712085357443 -0.203208672818116
0.435985974508749 0.0177972547863079 0.899777465684559
0.319251179614752 -0.89427357443852 -0.313613549413196
-0.883417569994675 -0.454899653885582 -0.112426428919009
-0.256834578335337 0.693199991813486 0.673431340762437
0.770490543132147 -0.346912458382914 -0.534786003147663
-0.282137220550251 0.957192003881534 -0.0646688215868582
0.694196793806741 0.703858882217744 -0.150577174205223
