# command_history: dirgen -cart 0129 dir0129.txt -force  (version=3.0_RC3-1000-g3151ed7a-dirty)
-0.761977088781716 -0.315607409040958 0.565493483189854
0.36902022698443 -0.502526672291568 0.781851018872473
-0.890877201618946 0.403881736873234 0.20788784056759
-0.0688748531874016 -0.766884443799012 0.638078760387379
0.820970143331532 -0.221679614858722 0.526180740919213
-0.922745987773563 -0.295183140701101 -0.247803864969106
-0.630659213739553 0.51643945713466 0.579274756259814
0.778710342859609 -0.480665116584273 -0.403201249529931
-0.0653232265813872 0.994694547578024 -0.0794709575099427
0.565990279061965 -0.334569907400249 -0.753470623892895
-0.981556325217729 0.130122471066348 -0.140054714125071
-0.319416950668273 0.943524420304105 -0.0879458919767437
-0.864252100243955 -0.12794861305895 0.486515631444873
0.892164622199509 0.129121118037164 0.432862592253525
-0.916216048591653 0.336155152928229 -0.218054730429994
-0.341955591877029 -0.0447550152425699 0.938649754591492
0.07936464982837 -0.942464204704473 -0.324749865601798
0.531712150612633 -0.345434168488783 0.773277068153034
0.540505739629649 -0.557374763127234 0.630227672239379
0.651762207114557 0.0529042045501761 0.756575951585876
0.370517216475247 0.333297597877844 0.866965802984347
0.636269596006363 0.494018096410479 -0.592542928079365
-0.449142364145457 0.525975485988877 0.72223328978149
-0.920506431889256 0.0608178296178596 0.385965154451906
0.496168352361395 0.847695225883297 0.1876959512873
0.14093225854221 0.374580125761448 0.916421206589377
-0.878440865169002 -0.315831968094301 0.358597008256922
0.16958219547576 0.223687850116615 -0.959794574212538
-0.0441115455050271 -0.409927671234437 0.911050753750563
0.355784696603706 -0.688576849652111 0.631885410328315
-0.484940363864567 0.807049032516596 0.336904589771241
0.551737560130315 0.0709180420067453 -0.830997169705996
0.609798966315475 0.677531082036991 -0.411213878114981
-0.143329413001517 -0.930461481152971 -0.337191505615519
0.808063156586241 -0.0976154892146127 -0.580951935389901
-0.146761424705731 0.777784497757888 -0.611156575081913
0.294977184783373 -0.843265472801449 0.449323717199777
-0.181266043081484 -0.883609877703975 0.431713105719004
0.998530970072479 -0.0155965839132837 -0.0518907349759962
0.219534676489014 -0.541245814523985 -0.811700372107302
0.982146779067493 0.182927681827313 0.0438767317451293
-0.798657653665425 0.555678294269814 -0.231014253930418
0.623678453876991 -0.767286384399998 -0.149321098589528
0.669817664558076 0.424781808415736 0.609019467246346
0.432467260906867 -0.860205988599218 0.270217922095768
-0.488670527118919 0.690913594701611 0.532765915371673
0.0998139757047973 -0.0155486374921603 0.994884621514545
-0.963049576831881 0.176853329998139 0.203121668545
0.118177750161618 0.0167429425132521 -0.992851294627114
0.606232835176881 0.287827042638654 -0.7413753051453
-0.261817834129693 -0.421958650531771 0.867987510839323
-0.578100257783105 -0.2772870988813 -0.767405992122227
0.462342686505747 -0.148496117358714 -0.8741785534798
-0.281672714860707 -0.76026215303093 0.585373334182361
-0.0490214737465357 0.849084808898008 0.525977074034935
-0.186408617943217 0.944130967745806 -0.271787679816189
-0.781313969500479 0.598802848482492 0.176021673985502
-0.190171129750122 0.976339435795207 0.102938076146095
0.0184067959941203 0.54735940354298 0.836695209269364
0.827636124354152 0.510068034524652 0.234198731465815
0.16061186025061 -0.621113440071895 0.767086647588716
-0.868050847767185 0.277821908615215 0.411464108743485
0.417270986267065 0.908361275141682 -0.0276535321918977
0.138374292459009 0.697010023404729 0.703583386998164
0.762556716393901 0.510289883492824 -0.397632354175855
0.336261338653311 -0.283095731670036 0.89821217918557
0.172204788130325 -0.431592283305736 0.88547931197512
-0.188382836145573 -0.980942071282419 0.047587391543424
0.712059659305118 0.565881472028112 0.415631087871895
0.309617101850966 0.921002170989285 -0.236415420974253
-0.546320896653679 -0.74223529484903 -0.388098241376966
-0.530955754800865 -0.81997295145293 0.213846546218112
0.654926412342496 -0.122672393169207 -0.745669416276627
-0.810957131634993 0.00904833380529167 -0.585035604306005
0.45901058783863 0.108131022026436 0.881825925184531
-0.63662013149531 0.725345440877881 -0.261894634486022
0.964098315127171 0.101711077182463 -0.245294303943922
-0.0890675788985995 0.227864314353614 -0.969610654145931
0.944985951771785 0.293526246395444 -0.144374144606905
-0.822814062461804 -0.358962881272253 -0.440593541128129
0.545026848584119 0.617640574344844 0.566979589796171
0.0484747248054873 0.99039763499523 0.129470945199634
0.174101864135998 0.828489903019131 0.532252779701263
-0.922622488949194 0.123417276159719 -0.365425667996256
-0.969745339629178 -0.0668655738070053 -0.234782817316239
-0.511446606303565 0.120837005744775 -0.850776578746267
0.474603052770351 0.645770339806086 -0.598107524219346
0.0457835128582236 -0.893719011806545 0.446284884222952
0.275443148880751 0.607783710882313 -0.744802008939813
0.419991905504145 0.809240623560368 -0.410775379606208
0.683215976176374 -0.175119743644745 0.708906908756829
0.683376593387593 -0.580311804906214 0.442983792814659
-0.294982909054462 0.910299010137976 0.290414867917585
-0.690472435181414 0.395182491575851 -0.605870130148822
-0.907356828247555 -0.41815010860371 -0.0430589468895986
-0.728944659143958 0.683189312861582 -0.0434976631236439
-0.757287091126013 -0.21298203919351 -0.617377447429752
-0.308857891851456 0.0696542893943087 -0.948554206469008
-0.956653945188553 0.291010181716503 0.011238473762254
0.823380108613402 -0.400723691999668 0.401827972408514
-0.00320252935973211 -0.194106445431876 -0.980975245175689
-0.728056157086583 -0.100462659058396 0.678116130366498
-0.621568018059342 -0.783356568775939 0.00238434086669042
-0.301711250976605 0.689275316662582 0.658687982943236
0.735600781707284 -0.316232388897735 -0.599073089166643
0.505831529708338 -0.731324366222118 0.457492223893194
-0.86854584397955 0.495098905896432 -0.0224764384635746
-0.549389793844004 0.832265074180439 -0.0742004091597235
0.410226944952388 0.253253130315134 -0.876114550513012
0.431504699379156 -0.895586248083789 -0.108300353909423
0.35744245781856 0.846341762448198 0.394893036764014
0.685485205905321 0.697531460906829 0.208710070504813
-0.05763123665351 -0.602056364599823 0.796371002992093
-0.241332365286479 0.175368018282671 0.954465686983478
-0.0847148591244183 0.712770736264394 0.696262357282543
0.355268109775355 -0.357832057885817 -0.863562845730319
-0.11485998592754 0.372542303699939 0.920879696587273
0.470974658696907 0.491559499262425 0.732497187400884
0.787001105149525 0.616780748526086 0.0145178766018593
0.265762035603064 0.541763469353053 0.797410110110638
0.243194321909522 0.164608368074678 0.95590826283214
-0.0689306177155571 -0.965480894453531 0.25118760396676
-0.464697982659165 -0.463349953148422 0.754561200851102
0.848009826861003 0.497333381428765 -0.183136127685945
0.655906014237768 -0.659511933357752 -0.367193831981753
-0.709148717290291 -0.674995649106899 0.203688415115568
-0.355442606780767 -0.706071794894404 -0.612472998375836
-0.28968899809699 -0.942449570063387 -0.166940385374242
-0.274139044483778 0.826332885031692 0.491957058496696
