# command_history: dirgen -cart 0242 dir0242.txt -force  (version=3.0_RC3-1000-g3151ed7a-dirty)
0.847463299131588 0.467996984170727 -0.250568911543529
0.737698712200284 -0.628293595729484 0.247078464426502
-0.190778222945488 0.60579942366412 -0.772405805220275
-0.705566326667109 0.240011623262661 0.666761261151475
-0.817079948118142 -0.391567683915024 -0.423149036743177
-0.136672495898318 0.327193976733008 -0.935021245991001
-0.539664024502705 -0.811991830758172 0.222333100188739
0.958445489551341 -0.282126662393575 -0.0422704379602571
0.171522366854074 0.976634985840955 0.129476569695888
0.866243286582149 0.0266851600174643 -0.498909281018302
0.89353975914109 -0.430836010665671 -0.12636071679036
0.802886610871731 0.11578043125949 0.584780285081733
-0.178339714585244 -0.49872175263312 -0.848216693806602
0.465316420156621 0.852277622571452 0.238963351157829
-0.457176945761383 -0.180239726062627 0.870920709027614
-0.692507631336252 -0.118969316679376 -0.711533191235585
0.192967656388466 0.933961932550484 0.300796595949004
0.199469020633985 0.635388174781849 0.7459852392338
-0.225687680121652 0.0648100302779471 -0.972041527413659
-0.754281167571685 0.556384862550852 0.348562483596508
0.702153992613699 0.711593536271436 -0.0247872909644098
0.02231969885865 -0.564512268302 0.825122857506317
0.308286042596168 0.425437521229501 -0.850859936458693
0.7051409927909 0.542406712779673 0.456695892490192
-0.59810676808654 -0.555993762320004 -0.577182146493047
-0.58311251964809 -0.257319590771999 0.770562403465538
0.208561193149917 0.759097361833699 0.616663136541339
-0.957773396501635 -0.137823221772547 -0.252338820822238
0.981022346005172 0.0199327906289272 -0.192867416885929
0.693261508479179 0.14340508454147 -0.706274353625294
0.452663340276662 0.346196207817275 -0.821732368878404
0.532605236366495 0.676988271346786 -0.507955256547149
0.469089680494535 0.414647005452229 0.779758124371292
0.475539026940494 0.781487325878747 0.403906168989004
0.22641757701223 0.798324539178445 -0.55804391490763
-0.0389487923134087 -0.973467452559211 -0.225486386252489
-0.179748681102585 0.983684507624186 -0.00742974441312173
-0.650082030151651 0.0371840830729121 -0.758953686360331
-0.594995093984826 0.793769374386102 0.126138885442529
0.80184638746093 0.181305946531506 -0.569359749778793
-0.619776052846151 -0.702579067429699 0.349657401363189
-0.151399810448789 0.364201585552443 0.918931609249109
0.261641024837087 0.69215929402994 -0.672651087719461
0.722045971450568 -0.687043153316634 -0.0813714974222722
-0.615397832509673 0.600771732383187 -0.510253695049532
-0.989713777356053 0.132411568591616 -0.0541647063568208
0.883925172184623 0.45946107517086 -0.0870161501172168
-0.136670860561416 -0.990061847460435 0.0331453477373892
0.104260039714316 -0.649731532654762 -0.752979933061209
0.0428852143376399 -0.994052001095732 0.100107329945344
-0.793901792756024 -0.51533009621713 -0.322730282730974
-0.296146418271301 -0.248081062401384 -0.922362773220429
-0.928879596802433 -0.323476521118331 0.180404087895292
0.0759667674017071 -0.872515776860608 -0.482644040033506
-0.427217030644485 0.210022856699425 -0.879417994125161
0.478924503386771 0.680415372161376 0.554676699873207
0.361840398809478 -0.739417359713139 0.567744215245077
0.827509686068917 -0.540439748768161 0.152159775938091
-0.686746013216893 0.0718934612948913 0.723333424883534
0.725407701998768 -0.326593353608228 0.605904651954247
0.735289581819123 -0.45285953347425 0.504249416271098
0.598078519518976 0.6727505372989 0.435555735875481
-0.215172827247975 0.961421111648371 -0.171377071076978
0.826824831982186 -0.562102541155351 -0.0200357291937969
0.451101263966276 0.265956421704439 0.85192419345984
0.307704401890303 0.951041892919661 0.0289364643506935
0.633106570942684 -0.662239928398461 -0.400767198088862
0.205695772065361 0.860433947565804 0.466200247995175
0.714241530744621 0.269818963944529 0.645799320575271
-0.564218883389097 -0.118468843963777 -0.817081504280355
0.165872454692119 -0.472943297845856 0.865338642265036
-0.0824799759636701 0.800439805698691 -0.593711353283794
-0.318282838355614 -0.264050426859718 0.910479767421273
-0.305777004008803 0.362590555164191 -0.880357037300847
0.88207857365945 0.402845822251042 0.244238885900244
-0.0134537756300981 -0.440261357271587 -0.897768864026078
-0.310140915057268 -0.0934863440068732 0.94608293309396
0.44607886174212 -0.879115940574052 -0.167835670033085
-0.127949364416004 -0.192406678699327 -0.972938143017034
-0.22818193937352 0.830151223002448 -0.508706152401638
0.498034877084811 -0.808440900055604 0.313663151046473
0.80638026819642 -0.276501280204851 -0.522779021297287
0.617620560038122 -0.785622724884238 0.0366302875181449
0.23064816935838 0.931488167843939 -0.281302710862107
0.519800090559742 -0.044014135065651 0.853153340126209
0.295968594858527 -0.427304954068736 -0.854290973314002
-0.0920420638730507 0.944952620566787 0.313994909770766
-0.171231238636108 0.197142741120147 0.965305445203112
-0.987552600389936 -0.00315299629906137 -0.157257496092916
0.213315869816454 -0.80394452213424 -0.555130205460663
-0.983504767476301 0.135289959471921 0.120062480473594
-0.173922522121268 -0.179273231099435 0.968303704893328
-0.697257993058983 0.188733688918495 -0.691527935648717
-0.782961815356064 -0.467686717889777 0.41017061036089
0.591020375687273 0.272936735453032 0.759078687596165
-0.600627613532011 0.344827578400326 -0.721346249063103
0.724700826269062 -0.567483017333337 0.390860253086945
-0.671562206102935 -0.716746375756647 0.187826611995933
-0.265059430821439 -0.0935865497800945 -0.95967966313394
-0.00119409408393089 0.998108374945672 0.0614674385559427
-0.0907567807313683 0.895722216631153 -0.435252705200844
-0.331722630731497 0.499023133552742 -0.800584791536647
0.665341227041992 0.582503890649645 -0.466915697933024
0.457977258228001 0.886036837693617 0.0720801858755762
0.674953188895943 -0.535816487846895 -0.507285801250751
0.56911583878673 -0.199201840015333 0.797762990478114
0.0511654322221571 0.935826469708168 -0.348727568653622
-0.895623216658943 -0.437869158737665 -0.0782921043774999
0.174861218990109 -0.00891090129018491 -0.984552766453627
-0.346075405499967 0.816954156582797 0.461321709602013
-0.789872388090374 0.421461269896112 0.445501973631954
-0.421544511125666 -0.109352817606669 -0.900190083494206
-0.00447791570535872 -0.422664223694124 0.906275290560203
0.496243260759487 -0.728248114314189 0.472649246427644
0.617366301443797 -0.478438671623844 0.624464000032362
-0.865453628559475 0.0222481237138283 -0.500494792984355
-0.772320525871415 -0.0276594878778448 0.634630568163901
-0.8293915079312 0.320639607182634 -0.45749313533361
0.378201987421271 -0.0543585543539548 0.924125751334281
-0.349037146203034 0.933681310742545 -0.0800767165943106
-0.345382295223087 -0.66930558532818 -0.65783060402731
-0.22837593883777 0.910685593303965 -0.344232742063524
-0.400275324166024 0.859794619985851 0.317069197979194
-0.308423223472972 0.0920615531726724 0.946783917084557
-0.245847249535192 0.694336030206132 0.676355385173779
0.879466540779691 0.329826339936308 -0.343151845592041
-0.9490572520566 0.134194978981642 0.28510005249893
-0.338977165330053 -0.846276568331302 0.410987166804752
0.602224900721956 0.41954675908356 0.679194880643922
-0.271475647203768 0.217050179119273 -0.93765142388821
0.482932582547509 -0.494198559094221 0.722871983758667
-0.960798974793367 0.142396675713734 -0.237883410059829
0.810544161860878 -0.182631341952624 0.556474576786605
-0.384401844316433 0.717476104242511 0.580915881971834
0.490166940370361 -0.620433759146382 0.612207743400431
0.496383584668878 -0.854909876786305 0.150772807377525
-0.037804976511488 0.113411250492731 0.992828621672764
0.0375771549895867 0.583791440312806 0.811033606973464
0.319197124777199 0.396792805275492 0.860621092708966
-0.0766004394821637 0.768989246667672 0.634655742257664
-0.59262949013219 -0.798195899563485 -0.108044404508983
0.433573262588417 0.896262218576041 -0.0934251653548935
-0.935016385659255 0.285973543611334 0.209674726429009
0.935973180328308 0.0238459505803823 -0.351262830864627
0.13672282093201 -0.978634557972978 -0.153561948989416
0.485012788439813 0.786011458918557 -0.383338729452895
-0.8561236964712 0.429010959437321 0.288100352348202
-0.440830864985977 0.167228989148845 0.8818744886116
-0.58481167638287 0.221878274519878 0.78023415361181
0.130420759098767 -0.514468445269641 -0.847533270389983
-0.812440907546147 -0.558340727297045 -0.167914871250289
0.701555772321527 0.646006053284821 0.300824994709074
-0.0945171314006503 -0.976913603903727 0.191588941172564
-0.585578363432659 -0.0864761333247983 0.805989986690108
-0.581532646889312 -0.410529032055244 0.702343003411934
0.986140834358072 0.150375281708957 0.0700965724020608
0.221073286626829 -0.89283287815612 -0.392397825711957
0.170215308242631 0.350195622800345 -0.921080764434555
-0.120923282323409 -0.637240136098926 0.761119286798565
-0.0507932974334986 0.691099022451456 -0.720973080012336
-0.386315065981311 -0.747731120876319 0.540054479352685
0.687910033231354 -0.683928345688732 -0.242944035002122
0.440268723160185 0.0130055856481657 -0.897771856402755
0.474300545329927 0.554938084133467 0.683434499771566
0.56421758372673 0.551091123505245 -0.614782149876927
-0.0885912449962804 -0.754939605634632 0.64978287385421
0.27055801508226 -0.932733944165867 -0.238339568421892
-0.567534766593735 0.511439933589765 0.645239089824146
0.334703233344637 0.537684577794596 0.77386629361311
-0.0618087227095558 -0.712445518269307 -0.699000046706001
-0.718813901784385 -0.41110715644626 -0.560622404582781
-0.438526865029153 0.469870130337212 0.766104594206689
0.0996783321178279 -0.168007811354058 0.98073319788321
0.415537221334527 -0.601272218906256 -0.682495814241471
-0.941878828883314 0.00792740573328211 -0.335859238282553
-0.554092287888745 0.782661650904143 0.283588569420943
-0.810634146048942 -0.585468185899248 -0.00996416375549187
-0.591458807731874 -0.7585220184703 -0.273533958133413
0.47922100214973 -0.877612730821882 -0.011963519464099
0.0395526860270033 0.0794646196876208 -0.996052688990874
-0.366681608507735 0.832688370511988 -0.414939363758454
-0.155838159728435 -0.350501592018892 -0.923505875435927
0.460710871511618 -0.357380656896623 0.812418955310093
-0.900963975548318 -0.267368256200111 -0.341728152689652
-0.0593036726104857 -0.915854272389778 -0.397107071405557
-0.182747519811167 -0.884915419648366 0.428401732106004
0.951435687845146 0.307612167952814 -0.012036860969733
0.702454510661325 0.302695885775555 -0.644152824402805
0.216054585657225 -0.724566253116115 0.654464789627188
-0.362944460998556 0.898082640858261 -0.248432865014916
0.699506003004382 -0.394594151710298 -0.595807693133333
0.617941907532566 -0.698241413462237 0.361395527699599
-0.898265399557141 0.157026470253012 -0.410441176782167
-0.0818538479488501 0.961427488923291 -0.262596898531993
0.946741568765805 0.177997633341985 -0.268323022671396
-0.0506880909103032 -0.85377866344101 0.518162823148045
0.980169651113037 0.169142504253587 -0.103238889435006
-0.273784024896468 -0.953088227037265 0.129093528863585
0.39246125692942 0.883916462278153 -0.254294808289621
0.819771970552203 0.258544289942993 0.511007599194799
-0.905751383289237 0.286514125700349 -0.312288468317034
0.274465194200661 -0.568339181441572 -0.775667088389547
0.884294004367868 -0.283753327268351 -0.370820931317505
0.905762504343291 -0.42210392939036 0.0377168201070492
0.563217035689359 -0.0683599960292749 -0.823476460897437
-0.42019962621177 -0.630720926203194 0.65239818161984
0.711439012056231 0.688948390423753 0.138580833656656
-0.953368583343368 0.272225793167932 -0.130312938068135
0.450312675934747 -0.324769779731792 -0.831710937805588
-0.946394606750491 -0.280910382565504 -0.15945722084774
0.44323013629539 0.496371088395447 -0.746433378731612
-0.289106305846503 -0.567557190028405 0.770906206984254
-0.802817387014873 -0.329053099716946 0.497200463267363
0.69317616766331 0.448750130015786 -0.564030248651986
0.324940965769599 0.925590447160041 0.194153786702179
-0.495887461224153 0.751490913679021 0.435151734982792
0.0942770322167709 0.0251114715938224 0.995229247555954
-0.891067595090805 0.405518578970235 -0.203846076952807
-0.767098062190358 0.0381557906688541 -0.640394174413097
-0.999605604607443 -0.0135537507441804 0.0245953466768126
-0.306717178632059 0.271588657239926 0.912230329242897
-0.887094543967223 -0.181943587128246 0.424216691287001
0.0672542166667953 0.827057201446429 0.558079972652788
-0.802936446937195 0.566080974042404 0.186669207442141
-0.800294675660264 0.125543711796074 0.586316645285035
0.735411458650026 -0.672500730880644 0.083142969944793
-0.787340388290219 -0.598113375074379 0.149517569282485
-0.823657518267631 0.454197577361477 -0.339548013276727
0.575935411478003 0.815440293617425 -0.0579269311356192
-0.0306849092506014 -0.265745005289505 0.963554891279144
-0.0108979595136241 0.283256466023693 0.958982277695583
-0.740985752413313 -0.596456721291627 0.30851174101891
0.314937053595212 -0.945598695245431 -0.081595096806763
-0.887873960508927 0.131274843705743 0.440961161169808
-0.147151537178504 -0.502230751491067 0.852121292635457
0.34947849200734 -0.624938900660866 0.698080334965156
-0.347048146657947 -0.781762421934892 -0.518078275506488
-0.626200664047005 0.75323815291164 -0.201258573346205
0.89502651330337 0.126274989165195 0.427764149497527
-0.33921910614144 -0.86864132404697 -0.361099222079652
0.584535108132947 -0.371459681299632 -0.721343477497911
-0.537907653757015 0.638693458708793 0.550205436025693
