# command_history: dirgen -cart 0092 dir0092.txt -force  (version=3.0_RC3-1000-g3151ed7a-dirty)
0.353063780750671 -0.30994947609142 -0.882766837275108
0.519607367579729 -0.031140434534299 0.853837488573721
-0.26434881669877 0.125856395048354 -0.956179831901611
0.724727318589115 -0.687992618195547 -0.0379008047284845
0.455179537523612 -0.881477359174914 0.125734855476953
-0.737788169863743 0.203726407652334 0.643555877320831
-0.433895984807115 0.293588750901819 -0.851786311061744
0.460253845016211 0.512915749661526 -0.724626684505165
0.733996357522585 0.0375009617119302 0.678117264943356
-0.24322004745781 -0.658402615992995 0.712285057942536
0.300525405898092 0.375991233593189 -0.876535836501201
-0.0250198689923174 -0.936861534508033 0.348804345321071
-0.419397465661603 -0.771016199738187 -0.479207455636814
0.79045912263436 -0.535365042224549 0.297588049168688
-0.813123175591549 -0.427023778534349 -0.395577291919244
-0.0115691398724751 0.997729429172361 -0.0663486334901235
0.640140971835351 0.622808985149553 0.449809408744055
-0.681683735437267 -0.49729092784622 0.536664716487063
0.944367704701313 0.255453095149126 0.2071553873205
-0.872779962714863 0.266982094663058 0.408626599492456
-0.968561583339624 0.030032581207498 -0.246954456012959
0.043760891832539 0.00804149334791126 0.999009668987621
-0.121389862854857 -0.574765571848083 -0.80926450472897
-0.648218357776041 0.731962052304898 -0.209867850390988
0.29542212253459 -0.0240544094395539 -0.955063953305574
0.481547568848791 0.697314771417543 -0.530908700718606
0.970488376206896 -0.105307741847507 -0.216939141591098
-0.703844422631724 -0.0555560844149422 0.708178332212088
0.875710946501566 -0.00813094967449353 -0.482767258453514
0.974914298314117 -0.220574671392066 0.0298148500411311
0.484739293934106 0.830354731916155 -0.274843293716103
0.88452221473053 0.138882400888665 0.445344956602854
0.100996951087587 -0.70619462720141 -0.700777257324232
0.310020723006934 0.138071788897775 0.940650483663739
0.812963014233314 0.24744073670713 -0.527128275950472
-0.94742342874367 -0.162237818606706 0.275803801426533
-0.221619057387339 0.944153877309724 -0.243841032977965
-0.758599410617552 0.389958729688348 -0.521976171247839
-0.524476695815388 0.842768024503049 0.121104303894624
-0.364481148324821 0.674326067665742 -0.642213241051815
0.569593141585114 0.486995156974713 0.66211733865107
0.354510710411479 0.405754082495822 0.842428501857293
0.437319814085366 0.899216780763825 -0.012671282535058
-0.537249516085908 0.613909118786998 0.578341206672695
0.818966364893557 0.56536418042753 -0.0982722578479846
-0.552265835593853 0.752171665373967 0.35949997586144
0.997847026934375 0.0654439853171167 -0.00428901201228922
0.617637858413617 0.305531581951676 -0.724688849289368
0.731242072823791 -0.461186490199824 -0.502585368061519
0.203944629998783 0.973372189065397 0.104657390798249
-0.942797362193373 -0.328865372937295 0.0545957903508355
0.736709250422574 0.29719818612243 0.60739831948018
0.682225319568209 0.656516644663487 -0.321798863608702
-0.536790291231617 0.112474143983214 0.836185236759607
0.652267719839005 0.756522075104743 -0.0471293065431536
-0.447045760730748 -0.861134694737213 -0.24206843109442
0.19298332163026 0.909520664219085 0.368143448849802
-0.145748941675838 -0.783667555357278 -0.603839721019345
-0.190797030667379 0.839060911804652 -0.50948334552766
-0.752729052134266 0.596666890564655 0.278186260942116
0.117467572017111 -0.472316973836242 -0.873566280113066
-0.871824552637049 0.486691815404576 -0.055254196559247
-0.33774714042606 0.56555350622664 0.752380289965635
-0.850417783360172 -0.417069787105493 0.320690483844705
0.0465529881400655 -0.974470992047434 -0.219634025035558
0.355700405789192 0.633144229952031 0.687463166576838
-0.117464887230357 -0.318027603465868 -0.94077651102784
0.551208342486934 0.229356391861271 0.80222503618697
-0.668842979959944 0.222449706860542 -0.709341381900113
-0.899726402155827 0.395730500929276 0.184091748587479
-0.460195220761995 -0.160486142111501 0.873192164977438
0.116860893787797 -0.209631470336729 -0.970771949608959
-0.261354186362793 0.487883645205216 -0.832864657679694
0.912098907286204 -0.295675235173003 0.283992497493687
0.841012256812465 0.517935183090775 0.156337871316996
-0.261345249580038 0.96412362956729 0.0465219027119828
-0.0980840592390205 0.667524076920425 -0.73809967081332
0.07198796613053 0.505784562844471 -0.85965092259627
-0.606515849675394 0.631765201856898 -0.482712392440103
0.279764183474093 0.847195015778443 -0.451655407235691
0.563350070863567 -0.383818166833083 -0.731655870247008
-0.540527179721493 0.476971411593957 -0.69305745829938
0.85725856829614 -0.131728261832491 0.49775035119771
0.668029951963268 0.713716171028109 0.210583025177554
0.311808928756642 -0.899672202359837 -0.305557065453634
0.0652541400956497 0.803458372647785 -0.591774062140739
0.141438035322706 0.19013662146641 -0.971516004675884
-0.0758021735403467 0.879122428637107 0.470529261527649
0.237493406499048 0.95327382793771 -0.186724103528343
0.432226272163411 -0.811401961007873 0.393455597652772
0.0882683040014655 -0.316118710900401 0.944604503020907
0.31961232740058 -0.774166752577342 -0.54636416370168
