# command_history: dirgen -cart 0260 dir0260.txt -force  (version=3.0_RC3-1000-g3151ed7a-dirty)
-0.545119219619298 0.572600704370035 -0.612350773459614
0.168179624715371 0.69466366178435 -0.699398320577734
-0.191148063520471 0.974284873080686 0.119295447937152
-0.594205186145976 -0.795989746979826 0.115414554802325
-0.637871317734035 0.684809702944507 -0.352357563797488
-0.314312388918931 -0.846148322225503 -0.430396025733326
0.721054519615295 0.61684387475312 -0.315569348831463
-0.545081042566447 0.410585839354047 0.730962328411395
0.412050891712026 -0.67274514428332 0.614514469709656
-0.553055593088116 -0.458377330685998 -0.695715267668557
0.882346643372279 0.322404954419942 -0.342811094183294
-0.890077515089657 0.418641987045629 0.180280070485641
-0.419799107942078 -0.486853476018106 0.765991123878157
-0.502576531815513 -0.207682128713217 -0.839216874878858
0.978728239550396 -0.0880090893745985 -0.185325209548073
0.682075510016718 0.432643229982416 -0.589570041798103
0.420328931257528 -0.396757120999848 0.816031480081385
-0.655871941434642 0.173602718601498 -0.734638749681041
0.00387650289481362 0.647959741543264 -0.76166472024408
-0.152922081885405 -0.132895240686308 0.979261809668263
0.353350415886453 0.799194172851811 -0.486242899868554
-0.63830883037163 0.585118072458036 0.500198638895184
0.0361898564490824 0.936907334411517 0.347699498153364
0.225396597716639 -0.916694668107347 0.329950389000111
0.645670764113336 -0.331787795949714 0.687768945815477
-0.949391970760916 -0.0056722519262479 0.314042531216378
0.162014469281292 0.462791607283535 0.871536138075424
-0.100536008575554 0.26759061719667 0.958273328736641
-0.431073784904548 0.901131318328322 -0.0462356907153701
-0.747596139789349 -0.280858419475399 0.601845960343546
-0.201402628574824 -0.316482680326167 -0.926971247804762
0.755730145018211 0.0710401385220673 0.651018622336965
-0.66659548456197 0.449688462731622 -0.594500417533632
-0.357365913695591 -0.267259805312909 -0.894908822278908
-0.421828493019721 0.363556647116156 0.830594538155874
-0.465850646098435 -0.882856116331099 0.0595672173803692
0.63879838519614 -0.764383234946939 -0.0874922465299462
0.267722391790769 0.488334262869753 -0.830574721889177
-0.558721274753232 -0.189624208732129 0.807386646285927
-0.267069263420112 0.741505464764648 0.615502765436844
-0.859761287680352 0.507883731302886 0.0535223662040561
0.354752085222556 0.918805542557255 -0.173052977426904
-0.918593985087962 0.0935588770833281 -0.383968523552548
0.268414617388483 -0.751149631806786 0.603098519156468
-0.960205470916929 0.26211329954598 -0.0964472489100512
0.890854960321713 -0.258465620925433 0.373594649948083
0.483884169355397 0.610057461949473 0.627444024409353
0.518424238852612 0.823541279174349 0.230252187972161
-0.813041707033324 -0.548633761715138 0.19484398407607
-0.217342443798815 -0.872144551672294 0.438321962844542
0.195638271081654 0.793220190232664 -0.576651885191957
0.3315393598919 0.712950672258175 -0.617885905138712
-0.410035995318605 0.0596326712072838 -0.910117809444341
-0.967973684478935 0.00991910571370408 -0.250855650719922
-0.463203333139368 -0.0613629278147219 0.884125140044431
0.0623180189143307 -0.117820786778333 -0.99107755837852
0.410957042688203 -0.658529213382196 -0.630439199437339
-0.912092427835281 0.342558694611254 -0.225257505605866
-0.617514552323979 -0.54075151336375 -0.571194869079661
0.119183154135081 0.599946686033987 0.791112728811293
-0.317327477425571 -0.421282242088638 -0.849602580370078
0.390651580193289 0.106555275136038 0.914350762143921
0.0553305605788213 0.85201672462816 -0.520582395034576
0.649488232671797 -0.29059360602433 -0.702652397532835
-0.727799788752244 -0.228691309219815 -0.646535190519059
0.710506879187899 0.534023004010396 -0.45825692118547
0.895049766425589 -0.072995743281086 -0.439951744040571
-0.138321524917374 -0.575739014694743 0.805848461376492
-0.280784033195378 -0.944899106060592 -0.168303315678664
-0.839244517197387 0.197980001106816 0.506431199192812
0.391720560324443 -0.781116987543485 0.486221404701702
-0.953345156680664 0.178805540721166 -0.243231558069531
-0.80111306417329 0.562891259158341 0.203399333268378
0.347684645688058 -0.91774196920393 0.192002773715545
0.53684513552045 -0.283796350109198 0.794516791598974
0.591169435673406 0.574497820493043 -0.566101539102597
0.610227165300185 0.665937545655668 -0.429127011519674
-0.365927531348508 -0.867014569875801 0.338205229741155
0.145292777679641 0.423511846486794 -0.89416314207167
0.148732806252953 0.878962181893762 0.45310488316137
-0.847585908902932 -0.524015255121921 -0.0837026847161978
0.680340494635184 0.383393531595822 0.624616851589866
-0.293132519700661 0.337733535560388 -0.894432437276188
-0.320879883431097 0.866425079393473 0.382548927860556
0.833194984497829 -0.33392944106873 -0.440768926077132
-0.493313017576599 -0.778581387048259 0.38788308861238
-0.0298413386762593 -0.760751685244563 0.648356667200675
-0.0678011205955538 0.949885451637494 -0.305156741386164
0.094394898868809 -0.794636165448362 -0.599702399219039
-0.747805145628496 0.470994909140605 -0.467922279588371
-0.790198809516243 -0.388083721519241 0.474317263580917
-0.063747289991472 -0.996877886080774 0.0465914505233574
0.036322097222812 0.355277659421855 0.934054864539051
0.146715232936158 -0.916659700139279 -0.371765563984961
0.836292870679985 -0.504828973229598 0.213920410989179
0.604679884517222 0.723269043911107 0.333532798057632
0.00733520764112072 -0.995029748986166 -0.0993075695070042
-0.159108181168408 0.435251546603039 -0.886138069301248
-0.6447211524227 0.590104676716945 -0.485912652783949
-0.790729110359182 -0.610374020232459 0.0468084335973917
0.893827078778727 0.399230289946085 -0.204177199587644
-0.209856482419809 0.841314958444136 0.49814596002028
-0.616462483749549 0.759463842232199 -0.207818859758306
0.429139813237963 0.895941841369003 0.114574157550494
-0.00170228798643321 0.509544232868929 -0.860442779599914
0.35376443790938 -0.929061005643388 -0.108149758499763
0.503314857770962 -0.858637736058804 -0.097032943698561
-0.487196519531319 0.849497447086009 -0.202468858718871
-0.247208968057271 -0.786915171801656 -0.565377960748762
-0.269983198701374 0.320396806354032 0.907995021405466
-0.845799406493917 -0.376431767112122 -0.378050907528845
0.748360640140542 -0.322429729440033 -0.579651120814637
-0.91619886083442 -0.316646532311287 -0.245590351970406
-0.851330877097954 0.00767983253878152 -0.524572929030659
0.268320300263092 0.00197640343737767 0.963327727357714
-0.11241259887875 -0.286600648431172 0.951432328614157
-0.291309454260794 0.497037726251552 -0.817369133587124
-0.41574063686525 -0.519386195666951 -0.746590719611146
-0.898506310316423 0.430397070103155 -0.086283094335958
-0.949875641892474 -0.245744737460876 0.193250585897289
0.989778495577742 -0.0938796706848366 0.107355191416013
0.608965661280459 -0.700616351783038 -0.371883786948934
-0.417430178801883 -0.216506229164875 0.882540139913327
-0.599777880642996 -0.0310526925428895 0.799563771176029
0.400625902886178 0.742256886912656 0.537171853104169
-0.967042851428436 -0.231274729552092 -0.106490013483739
-0.816806165861515 0.0372035981431969 0.575711368392019
-0.897421362917485 0.31850154312591 0.305273098070788
-0.419570789963126 0.873948402417301 0.245304998159365
0.541861857503955 0.681854671394777 0.491385728811373
-0.300998904647473 0.463749905362112 0.833268074918063
-0.454831202085123 -0.601568142759907 0.656691972865664
-0.143525567000021 0.577495894221451 -0.803678358408816
-0.916645315179284 -0.068037144677993 -0.393868395665275
0.200568987755189 -0.963642480674265 0.176536825027552
-0.758624087723756 -0.640690544030199 -0.11834323096648
-0.558129185710277 -0.46476888488094 0.687373039698904
0.373997470094091 -0.861070651927251 0.344504317466122
0.348220720391407 0.364821945256929 -0.863508701837474
-0.156679528670278 0.271809095007516 -0.949511106394683
0.512130051063095 -0.783336267274011 0.352288380693049
0.918806060107376 0.382922485246919 0.0957381543705762
0.231372957736294 0.930214901399499 -0.28489786177274
-0.667816223024598 -0.607264590786008 -0.430408188865712
0.087179234562272 -0.890520621856638 0.446511817435108
0.882385623667363 0.0830511221069249 -0.463139419896362
0.564481293887 -0.79096714568066 -0.236075926992666
0.353975751379386 -0.0572254709534844 -0.933502229729287
-0.8015572085433 0.331912877263708 -0.49733276921876
-0.840958602797312 0.413825930020837 -0.348621181260666
-0.610472453640561 -0.741244598800775 0.279069575723962
0.525282624671147 -0.694758999415744 0.491312626490939
-0.106105623599367 -0.972267041637009 -0.208418800464371
0.311560778144084 0.100956599565288 -0.944847948892554
0.635079012495879 -0.129986295932484 -0.761431684891699
0.260779734020343 0.261018938599589 -0.929442329580821
-0.562557429277018 -0.824848999769918 -0.0561539521654471
0.141255078691265 -0.100853852199445 0.984822574497791
0.81277630764021 0.474625580351197 -0.337824262324415
-0.946972877094968 -0.317365481192618 0.0502147527511378
0.778067504181214 0.517503584053354 0.35609127963087
-0.743809983485443 0.466358783941792 0.478807052065566
0.27924889418983 -0.634997419266957 0.720276566756174
-0.326562725187954 -0.945175413597669 0.000473337398352581
-0.232908908804359 0.172245775762989 0.957123206766699
-0.807335045756826 0.585318160886535 -0.0749184518608594
0.798007239625276 0.306230789235345 0.519044457854957
-0.882467384016307 -0.466314449383717 0.0616615799617272
-0.631044102927084 -0.315949803668915 0.708490692756458
0.70959942372572 0.685150768464369 -0.164429566443537
-0.284197522556361 0.167456145263268 -0.944028711208719
0.691919683406128 -0.686229489591699 -0.224357391966209
0.749034372121821 -0.251106901679368 0.613100997641544
0.729178268098442 0.630378793694094 0.266311152214352
0.529864947418911 0.0455456970369825 0.846858150446797
-0.171096808498908 0.546927210897328 0.819509919465017
-0.47548275223143 0.794382449477439 0.377985021254347
-0.892122250361308 -0.225324139106382 -0.391595355879311
0.0362673890435822 -0.617497532268116 -0.785736262453724
-0.737742767007366 -0.457096993374665 -0.49678762904903
-0.463950465408414 -0.366825181103492 -0.806343135492395
-0.532417823538186 0.250800027923554 0.808474246449697
-0.835127782486843 -0.150988004149065 -0.528927414227785
-0.185705719429077 -0.70335850421817 -0.686148817907097
-0.244968834504662 0.846554775965675 -0.472583623722969
-0.955069493001725 -0.154367523292437 -0.25300776922851
-0.849530227832754 -0.475713456248534 -0.228024339802803
0.7637360777437 -0.0888389809291429 0.639386298742896
0.846887445425259 0.236339109754287 -0.47636695937232
0.0141572470252481 -0.195599534887377 0.980581661213643
0.74586242971943 -0.167092620524288 -0.644801746352594
-0.339172303855532 -0.664365101743366 -0.666018888533094
0.0837085388316712 0.811789571504445 0.57791917438626
-0.13818060596138 0.410703429778004 0.90123737877694
0.416301577309982 -0.228534028518091 0.880037041571839
-0.48002713092598 -0.698828139889739 0.530295374742434
-0.655889019346867 0.0147984221292153 -0.754712263715577
-0.651111958259624 0.447255221583553 0.613201422517565
0.46725484130059 0.793024507652854 0.390877274273024
0.503228426632693 -0.0952730433399053 -0.85888543929999
-0.695767519889344 0.715543789692123 -0.0624871450785368
-0.0768972595869721 -0.922387493776023 0.378534176519902
0.37675291847984 0.882249565457113 0.282299384816296
-0.539477108757815 0.118592447983443 -0.833606790044085
0.153549500463342 -0.688784522326556 -0.708518477324929
0.952836144496168 -0.24916831280408 -0.173258285908775
0.636883333172157 0.144050517695757 0.75738303933948
0.111262776104322 -0.808611410034079 0.577726736629228
-0.792747715914178 -0.123550488804717 0.596897257179968
0.0234324574519917 0.0364828823493294 -0.999059517362827
0.991740818811322 0.0705368223162662 0.107120049481745
0.937787906443642 -0.344570182183593 -0.0427227349079599
0.0224699497742892 -0.36649399941958 0.930149047059976
0.120128108760148 -0.992614211129705 0.0169193779159936
0.280825690281481 -0.959196737834892 0.0328412820217319
0.174340232444058 0.982850084721004 0.0600932135541768
0.427437406543309 -0.518283130772985 -0.740729275676129
0.213424767651084 0.970466382495604 -0.112449406396728
0.538398437192944 -0.445900745157571 0.715052199700217
0.538954392903436 -0.560209513534571 -0.629041702365947
-0.821559381435558 0.464375031209982 0.330750681275114
0.844888913986245 -0.168241934925332 0.507796587577864
0.984446478658929 -0.171820564890242 -0.0366445649016806
-0.750153420834413 0.56619047387009 -0.341611171522816
-0.132809126729089 0.705130781934201 -0.696528761951953
-0.570038243431938 0.819726031194673 -0.0557282227139956
0.986330876302525 0.160113442857234 -0.0389241296459662
0.733597250362792 -0.647297236874635 0.206981548439987
-0.390975683639429 0.211769750630928 0.8957073113023
-0.645022262927388 -0.744731846141904 -0.171233050752775
0.75859453900568 -0.647501067390029 -0.0726408502120732
-0.684029570573231 -0.729453460393631 -0.00109348121135689
-0.928605026319809 -0.16714303067637 0.331294298758528
0.980024357658429 0.0847838468856874 -0.179899854650993
-0.296153459989953 0.611551148398968 0.733688163341813
0.258834867923413 -0.932219451561909 -0.252925691215191
-0.0786634962510911 0.967972598494632 0.23841372217451
-0.238012215221417 -0.162593378308499 -0.957556044696927
0.718292023863391 -0.00195303889799774 -0.69573899854277
-0.376138308287106 0.775867482523996 0.506507277934672
0.928633535237155 -0.171720383200634 -0.328864511959518
0.0734237397804287 0.210205437101183 0.974896214296556
-0.0934228927692737 -0.970208433216488 0.223534693553883
0.999172009066169 -0.00707089319333953 -0.0400661798543768
0.498185408573366 0.343112052701496 -0.796294805945358
0.02414558315097 0.723787944375591 0.689599885724219
-0.416814380042786 0.549077438373871 -0.724416827012139
0.724448827081842 -0.589668740935813 -0.357021950169617
-0.68429129587777 -0.159239976944061 0.711609480072305
-0.10936563035754 -0.0581721617567813 -0.992297918214606
-0.0473991083080114 0.986756749027535 -0.155127182596138
-0.488173292957279 -0.842220432769559 0.228804673616389
-0.215096473422466 -0.923764333470541 -0.31684848639207
-0.302493342240299 -0.609421407333328 0.732873335702807
0.516009408491515 -0.689033611565089 -0.508887976358066
0.000864784432469926 -0.491377547568782 -0.870946242826258
0.031172587346289 -0.877539292673981 -0.478490396571746
-0.270290588122319 -0.566781228945098 -0.778268614610647
-0.60043840672205 -0.301286516906807 -0.740742974629696
0.194412389328571 -0.0202037648533105 -0.980711798012703
