# command_history: dirgen -cart 0091 dir0091.txt -force  (version=3.0_RC3-1000-g3151ed7a-dirty)
0.396910880625867 -0.788785572019384 -0.469338975810504
-0.320922488667987 -0.923735316365058 -0.209097636445496
0.856656123374605 0.170259663413186 0.486982477404704
-0.992102341805495 0.100428072492042 -0.0751474925701833
0.829521507322193 -0.506186984587921 -0.235942377549489
-0.033325455815339 -0.988760660301243 -0.145745568149942
-0.366593843809592 0.893461503082101 -0.259490840283777
-0.242787965625136 -0.969041276992736 0.0448665491418236
0.612387983940256 0.392369479023231 -0.686314176639699
0.332825679360117 0.359990746073275 0.871569693082592
0.891233174413558 0.453238117829513 0.01669243454662
-0.220106578459758 -0.0751860159549254 -0.972573985424021
-0.685122462028497 0.720277087551818 0.108665216016358
-0.387750753042754 0.607025621820673 -0.6936636418092
-0.0494087123043723 0.0215807691016472 0.998545466943496
0.820760002475603 0.521989101342108 -0.23212151217909
0.649085078801464 0.730319153007896 -0.212890805877396
-0.384379943334044 -0.805559053140295 -0.450917587887443
0.618196754611735 -0.542784886073873 0.568522066447109
-0.00139211321337958 0.81900366596673 -0.573786595481159
0.67974442466383 -0.301002592690925 0.668838512895138
-0.686009527646946 -0.174970388332292 -0.706240958302803
0.0456752739951444 -0.697600664615387 -0.715029427417949
0.185511392009799 0.233757994248533 -0.954433194917009
0.591524320004741 -0.0828242237418187 0.802021899205062
-0.10790861113908 -0.915108277319468 -0.388500414959148
0.746793045544254 0.412124420205251 0.521970889415516
-0.796770581400395 0.0657515022261816 -0.600694082349641
-0.485811461305974 0.873689071791556 -0.0255857361778812
0.302680161257822 -0.666783382936472 -0.681017356769071
0.0465240924744515 0.455539496377633 -0.888999030404106
-0.177200664771915 -0.77264132098514 -0.609610788545223
0.7981100178257 -0.137445393903335 -0.58662523227442
-0.557264580168334 -0.408346601567987 -0.722986335055986
0.469505564088303 -0.37044038563757 0.801460196128799
-0.124549315763863 0.851683570870287 0.509040826508435
-0.118661159951363 0.651012897855949 -0.749734443616002
-0.451323128509986 0.203274833382003 0.868899750135467
0.197294369635976 -0.240161717150276 -0.950472136006824
0.44075613728144 0.600849990432549 -0.666868290178765
-0.503261939074534 -0.742174309600195 0.442611245731979
-0.399144654500194 -0.883176710256096 0.246338066983446
0.074074426964588 0.298067518180093 0.951666293338073
0.201280144173852 -0.940648985817239 -0.273250414532813
0.890058868791103 0.367161376717509 0.270162420653217
-0.586414941895393 -0.62922171289109 -0.510095630199108
0.459245955662181 -0.857943231045831 -0.230274975867051
-0.962547052401938 -0.114140867263871 -0.245916722352491
-0.512205219254811 -0.858856927295475 -0.00325450529368373
-0.736705494312915 -0.675421132442967 -0.0327308493416187
0.64213612781667 -0.670650965216882 -0.371333376100611
0.148588539343297 0.930857418174018 -0.333805202185686
0.355759634927982 -0.151778676787608 0.922170437299153
0.49686811952299 0.208414598260796 -0.842428291923698
-0.466567714788755 -0.138729111517314 -0.873538093693925
0.745047179080577 0.151547530853236 -0.649567584502461
0.832347804501387 -0.552487117182429 0.0442167127811453
-0.570662192829194 -0.781047940624534 -0.253591750894128
0.129381804341976 -0.926723642475203 0.352765700122203
0.152441114393257 0.547217204981377 0.822991517097784
-0.918973395576832 0.345808840294291 -0.189483889015147
-0.924797574058814 0.116821835844207 -0.362080247576309
-0.39040226431816 0.448841342323747 0.803820577888045
0.383900032756932 0.611751280965123 0.691651021170907
-0.124247603771589 0.484838108283946 0.865733528120901
-0.901123004172371 -0.0579401530938345 0.429674609455602
0.982637940989591 -0.0229256643663791 -0.184111626034581
0.755702604324596 0.588004317226323 0.288382552766683
0.223852027193202 -0.427844557799886 0.87569361324753
-0.766122302893766 0.422823802119698 0.484021331523514
0.0207709414946326 -0.992251466148376 0.122497330239582
-0.24305536840291 0.970002001635099 0.00449496545342762
-0.646508308165425 0.741599438798478 -0.17904546865772
-0.93303924028115 -0.268316558364594 0.239674780907283
0.168575495551634 0.646173018507516 -0.744340468100725
0.336341987444026 0.42704494168776 -0.839348965127795
-0.265020395337362 -0.799815887312107 0.538571013384842
-0.945902382428466 0.311280438540816 0.091505035369583
0.333520368951757 0.021360332712038 -0.942500875161777
-0.907739996377656 0.230873469008126 0.350293505912466
-0.621306527962135 0.0294694868716589 0.783013248709852
-0.760355808856635 0.562804145577077 -0.324207553365476
0.822326086889391 -0.343506014424701 0.453633579968723
0.817476979247467 0.333075396113967 -0.469885272065384
0.636122012078139 -0.321354994094355 -0.701483965262413
-0.981049018416666 -0.193755043991243 -0.00134402070249447
-0.555650273329415 0.571519994963437 0.603835796476112
0.0941647908737225 -0.206281590302865 0.973951178274265
-0.280750469523088 0.793888772695307 -0.53936980862012
-0.682429615325789 -0.557847762253955 0.472330069204313
-0.521398013134809 0.740325128549906 -0.424338091545691
