# command_history: dirgen -cart 0085 dir0085.txt -force  (version=3.0_RC3-1000-g3151ed7a-dirty)
0.235652902267945 -0.69010536100348 0.684267711036368
-0.669501974430573 -0.524798221770756 0.525693763192808
0.045786690279518 -0.998893302986467 -0.0107586356957839
-0.890573303739259 0.453996885607476 0.0276770396836932
0.499116641428726 -0.844795163602741 0.192882632194626
-0.792579293009846 -0.0428810783173193 0.608259218930841
-0.853308934907328 0.422613191233923 0.305388199186544
-0.528061249160713 -0.736646776953267 0.422495968192824
0.243647621955375 -0.82828203693506 -0.504563874654338
-0.670357950424041 -0.733517969139302 -0.112123178928507
-0.567893187829985 -0.0348915150074502 0.822362395417484
0.504333483750506 -0.606777993804094 0.61438441012379
-0.166353469558464 -0.857750254586779 0.48640623343269
0.428689847407796 -0.213202969553657 -0.877934797409798
-0.290108201380221 -0.470335767501853 -0.833439558276649
0.810779988993679 0.505353184233313 -0.295387827495753
0.697248319810059 0.492363352142494 0.520982830800648
0.151706880224319 -0.242042670551405 -0.958332076122337
0.673647911690986 0.714083368463367 -0.190482109286896
0.969281146847763 0.0418190863009153 0.242374137206182
-0.157807244530091 0.260155002892857 -0.952583984771756
-0.26942347399078 0.47373401619108 0.838443244093605
0.423698970640855 0.202622045454053 0.882849641203923
-0.569937867582057 0.81791453538507 0.0786551962799857
-0.115443031518074 0.86555313465961 -0.487330152519666
0.346733600027557 0.89285261905958 -0.287384779086121
0.313670573642229 0.826750324685543 0.467006072619302
0.484482593457757 0.494991994602592 -0.721290192582565
0.492655467053923 0.868118393544426 -0.0605065746157127
-0.0107718469950795 -0.491672572498099 -0.870713528530145
0.940870383532128 0.0467374253814261 -0.335527248462509
0.714175648674804 -0.449936830182847 -0.536199581951474
-0.404898031592233 0.655730578770833 0.637240136900999
-0.728838437351042 -0.219131065850263 -0.648672573968577
0.803348823532115 0.534553524500904 0.262456086180581
0.342587251879396 0.703567696430692 -0.622596555876222
0.582814529999726 0.716121640866497 0.384053406577621
-0.0362571973119961 -0.861811492105869 -0.505931188717729
-0.406527634080659 -0.270351381331372 0.872722987746399
0.419937222996178 0.882569810355059 0.211478742648271
-0.332736810620551 0.459624070743174 -0.823426941781442
-0.8452855231141 -0.534043343399863 0.0170320810243034
-0.0547400589921302 -0.966343842098928 0.251362496763182
0.839753076356902 0.281475347889584 -0.464312824806246
0.872175483231243 0.292892396661321 0.391821350143578
0.0176371715892764 0.0115763552420104 -0.99977743432108
0.998194686796821 0.0461642229323637 -0.0384217616937028
0.38844493823091 -0.804431809755073 0.449444093761353
-0.134286034692461 -0.252970215102301 -0.958109248028465
0.113607456950867 -0.69110293074103 -0.713771731610546
-0.142908790248789 -0.956678925568919 -0.253658256404016
0.230071790108386 -0.944824410057233 0.233181915157084
-0.863321967634475 -0.0341532356561894 -0.503496511104051
0.296084759756423 0.0238604403624974 -0.954863599906127
-0.96406411601356 0.196197981935401 0.179127697745128
0.234164187341197 0.972045403615826 -0.0171716823923142
0.545198283134791 0.396910924745357 0.738390513132896
0.735950522034649 -0.645215353490513 -0.205119420672543
-0.127987069895541 -0.275449006594076 0.952757657909865
-0.941902078892915 -0.287356383721954 0.173916021434044
0.579947809281549 -0.361146419619406 0.730228595787385
0.608047209942187 0.0193273561454235 0.793665574272911
-0.946451362499951 -0.301456546962649 -0.115558507758373
-0.0565587024211485 0.507222213578754 -0.859957405475821
0.172209679430516 0.693906604258209 0.699169114647723
-0.682099697961323 0.199138239574603 0.703622031761514
0.527014422899665 -0.432974217126732 -0.731292776772222
0.895696924791251 -0.220232808616404 0.386295908505937
0.426672878645955 -0.851008851292757 -0.306160398564799
-0.646258106355918 0.667890304868484 -0.369151731178316
0.142661100526782 -0.951657948970456 -0.272020143661884
-0.592813399431278 0.676003870901086 0.437711137602735
-0.0492073625306949 -0.713775983318523 0.6986433146538
-0.322079492119041 0.94595669855659 0.0378249284501227
-0.734755732291283 0.671361069839613 -0.0969965348293962
-0.849137994609314 0.464341134617045 -0.251698185955774
0.447316748252005 0.637028407081953 0.627775863906763
0.660332223325616 0.275778047429837 -0.698503989533085
-0.261818887025897 -0.00160999242703004 -0.965115681315409
-0.224136997267775 -0.514306281868334 0.827799284178571
0.441326910758338 -0.181936167553394 0.878709160516997
-0.970171297665771 0.216035122622924 -0.109983994193753
-0.861519562462084 0.19344099509597 0.469430106524306
-0.739878293285839 0.437596412907652 -0.510969167890577
-0.746466764854766 0.165427123022267 -0.644531795907568
