# command_history: dirgen -cart 0044 dir0044.txt -force  (version=3.0_RC3-1000-g3151ed7a-dirty)
-0.457512947104759 0.850917591853367 0.258110741942262
0.301467906716389 0.379628522052964 0.874642376325273
0.0172778823777144 0.849539835194935 0.527241446775103
0.641289601565003 0.68801516649721 0.33968040507868
-0.746527048708889 0.594847056927999 0.29808445851821
-0.309398348611785 0.398252550291769 0.863520450286154
-0.288481301794174 -0.618544749012441 0.730876824084794
-0.967065925225504 -0.135287830111297 0.215593829437477
-0.478746923962091 -0.246725043765814 0.842572332548128
-0.267617422989627 0.0470135097826467 0.962377599910923
0.828682850825831 0.0344009876664346 0.558660276728843
0.523437995836924 0.0471983433190741 0.850755535334422
0.00215872680659612 -0.577813766008388 -0.816165786902256
0.799814666502259 0.521010543978959 -0.298067965924938
0.361761369420026 0.697575039579226 0.618480214518936
-0.624026249831581 -0.397808501821754 -0.672561993722114
-0.616305508048794 0.479237901675495 0.62489883528967
0.465736996503488 0.796932836754608 -0.384690919817669
0.0769607403430934 -0.632633980877781 0.770617473643425
0.0874680072394646 0.874497139321577 -0.477078715756568
0.423038594083814 -0.529956444849744 0.734972458312426
0.985627836835101 0.0513345776120558 0.160942624550337
-0.319086876822454 -0.910632530257058 -0.262548966627791
-0.662130913068223 0.617477881983669 -0.424621854383879
-0.960587013367501 0.265114873964766 0.0835864423955828
-0.150884321509027 0.974800024723732 -0.164313217123191
0.852658277126423 0.360098951177542 0.378553309071041
0.0861255022771159 0.113716100849459 0.989773229717348
0.810405606354663 0.160438678115442 -0.563473321243785
-0.625702546262032 0.120432139253723 0.770709039414993
0.614008773531711 0.788797134764647 -0.0281479344387373
-0.619135863198561 -0.500098459548193 0.605452156374802
0.89707067464053 -0.299059596687155 0.325311485086678
-0.336039327861897 0.731442504028311 0.593354391094327
0.868647485459961 -0.21645673075705 -0.445643388500331
0.88512198254025 0.463779346637686 0.0383117952638403
0.0915914033789078 0.312271814180197 -0.945567199566319
-0.801539982753331 0.594504389072977 -0.0640170869436937
0.094917114204325 -0.975668097077731 -0.197642368372376
0.316765471700129 -0.819336247164875 0.477857457847394
-0.679853460544467 0.280259388237808 -0.677682777920674
0.278379000380538 -0.230357127828503 0.932438054674805
0.238393469122817 0.965875898404522 -0.101253655543128
-0.514173745820072 0.850512132528818 -0.110699916579184
