# command_history: dirgen -cart 0090 dir0090.txt -force  (version=3.0_RC3-1000-g3151ed7a-dirty)
0.771834738030601 -0.51945213849841 -0.366661441903375
-0.329059453523039 0.720924186899512 0.609908347860887
0.12793479241553 0.586964901828418 0.799440362323014
0.189462801647874 -0.571269051923918 -0.798595966121596
0.295298124025843 0.715584826027283 0.633038209515287
-0.431766348747986 0.831270813526529 0.350095208004589
0.952919260347795 0.0498628115595477 0.299096277612391
-0.962965406538739 -0.162884686507085 0.214863223263473
-0.69626943686437 0.231874394021179 -0.679296059671985
0.430997884699012 0.507879231234233 0.745854885259795
0.809619026181023 0.57869981274533 0.0980997409487473
-0.484809773702079 0.830746804538827 -0.273531040416744
-0.695897090810251 0.390800097981589 0.602496906564183
0.605139587953355 0.0989144369070918 -0.789950639763648
0.993658749022642 -0.100235366080491 0.0509427313506899
0.533958085301948 0.255459603186335 0.805995753264592
-0.0125773523496568 0.964894727306503 0.262335616003588
0.0704619499604562 -0.133345310375931 0.988561653013365
0.455666902627673 0.871152671357562 -0.182922653152329
-0.346387261211768 -0.813412067689094 0.467307900005941
-0.0338216143756304 0.999425810425916 0.00203662847033296
0.146923348468792 -0.748243418263509 0.646950783831396
-0.677244378420218 0.727414057486487 -0.110493623658829
0.811321965015196 -0.580568322350452 -0.0685353351714507
0.75092322780628 -0.0823274142114931 -0.655237745257588
0.787733634991098 -0.389880813669487 0.476936758319309
-0.587466518905263 0.506462084752006 -0.63117291281707
-0.472465338716099 0.507618314791826 0.720486051356852
-0.692672319469253 -0.50837516354268 0.511624619163346
0.970785617898034 -0.10041883909391 -0.217925080790084
-0.180963377430109 0.390589909753785 -0.902602779979996
0.465793517362989 0.62864872594839 -0.622765749336042
0.564253514886152 0.629688230066415 0.533957586194305
-0.326641992657726 0.157213841982794 -0.931981124552208
-0.850855011861438 0.081289729457694 -0.519073914462062
-0.859616367900403 -0.347105017038019 0.374937070966257
-0.129592205653474 -0.86477295594294 -0.485153166436722
-0.0356077520855288 0.749385308542176 0.661176033543688
-0.859870762702778 0.235029619702485 0.45319239767614
0.0456139778751881 0.863915555618331 -0.501566822849232
0.390016892226767 0.253955383308998 -0.885095185314074
0.665609447200672 0.744097535324306 -0.0572967863104873
0.427450632095936 -0.719944028981161 0.546778339233695
-0.563270637643553 -0.388860961623475 0.72904961511127
0.298653881439829 0.506498854560769 -0.808866348310742
0.910580971181345 0.347600612942604 0.223642815230815
0.321763569249165 -0.569906887016635 0.756091492899534
-0.642147677043417 -0.721574893785818 -0.258797282686138
-0.571500372015548 0.233149392711809 0.786783760295168
0.678325379535062 0.390071771443624 0.622670613247042
-0.648952285021412 0.727694912270139 0.222083422212561
0.0258731416114082 -0.392215605311866 -0.919509379774346
-0.35326722739423 -0.105976426871003 -0.929500544914767
0.1022515904233 0.361633653301522 -0.926696127679241
-0.257349421658267 -0.363259561011253 -0.895440543255702
-0.473414674590796 0.342200862063435 -0.811650858365303
-0.56451396184827 0.0493739373325807 -0.823945508629453
-0.850850265365723 -0.232816957621327 -0.471009649764236
0.932743452008408 -0.356517016179348 0.0537147085071921
0.575674902426735 -0.646525696188002 -0.50060256779664
0.233660392226064 0.972096659253232 -0.020758279636496
-0.271264196695163 0.94814533918429 0.165638616797038
-0.729921898856108 -0.100225705386293 -0.6761426103642
0.0091050228732763 -0.585532565531487 0.810597750589398
0.191069362431313 0.104281668402684 -0.976021430284829
-0.652039900009091 0.645775810654403 -0.397262597244926
-0.88866053869209 -0.0492121713531141 0.455917327113366
0.183943388706057 0.714432242712741 -0.675093623376621
-0.985411143409022 -0.163065817978317 -0.0487279945450815
0.0568191511899957 -0.964457343048336 0.258057391868926
-0.781308520645804 -0.578412114290281 0.23451315871079
-0.479873483569518 -0.871415764083161 -0.101764462727498
0.164446056349241 -0.158909848040645 -0.973501491907887
0.0976146933762948 0.135112009905305 0.986010200969747
-0.502673188573553 0.86345440891214 0.0420255781576418
-0.910336502312226 0.356703408902349 0.20988122983103
0.329494149799314 -0.343686329586212 -0.879382346936522
-0.249094910757568 0.874279315421429 -0.416638217235189
0.417140982245288 -0.050904766924221 -0.907415068001313
0.82273746714141 -0.518964208788289 0.231903450078867
0.295467050175824 -0.947907113990516 0.119043376575798
0.924104023641488 -0.234381855697347 0.301822628723361
0.420233997786547 0.814200504716445 0.400600705470951
-0.589075285992164 -0.721015951923987 0.364864775642151
0.758970983751378 0.231863463063121 -0.608442585886164
0.249659490424936 0.938122807843226 0.239991117012909
0.769111667797113 0.509160640847072 0.386293520875696
0.205415236190265 0.937646104200015 -0.280400363800464
-0.175275334362756 0.875010795943193 0.451258976804766
-0.911156906861114 -0.404629497662378 0.0778977579958378
