# command_history: dirgen -cart 0105 dir0105.txt -force  (version=3.0_RC3-1000-g3151ed7a-dirty)
0.542281785866955 0.438482842587447 0.716703049716811
-0.237467659691197 0.353188023872439 0.904912885527589
0.364971986131693 -0.742468002514386 -0.5617265478695
0.930120194913177 0.15039335134463 -0.335049642420351
-0.340766298976318 -0.796164069246767 -0.500001104321192
0.81791237959352 0.549826838730779 -0.169439625586765
-0.907336807415136 0.0968253025825556 0.409102406115517
0.0533857595443304 0.348703012333447 0.935711584767152
-0.338020347938011 0.446134549550926 -0.828677384798728
-0.542779385596594 0.746969279634088 0.383962802696193
-0.23357401196828 0.922152817541385 -0.308346172399671
-0.133992619244715 -0.664438257003279 0.735233147116196
-0.0345747654298832 -0.251656170972887 0.967198923286587
-0.153131074947652 -0.556515869155686 -0.816603307159155
0.844985745413254 -0.460129428376445 0.272543573012415
-0.29266111409021 -0.87902483285379 0.376383867249706
0.475927240388176 0.829764742401177 0.291519697661074
-0.681383000750218 -0.228672654165011 -0.695288446276621
-0.0866046916530278 -0.993826575440069 -0.0693423776110217
-0.678870944986589 0.357936659272539 0.641104974245116
-0.238448403705341 -0.932076993146671 -0.272717505153291
-0.928262953245303 -0.332006770205555 0.167628739093227
-0.706935399040084 -0.35407398009435 0.612269514351469
0.710144413920494 0.462890664024384 0.530497073070704
0.329833155152198 0.393234442991212 0.858240503942652
-0.774275277017813 0.121841167494694 0.621009279562326
0.787127811430258 -0.615160705843395 0.0448008310109003
0.225271952680809 0.175791730667764 0.958305700058289
-0.767273205419536 -0.637574986303345 -0.0692095736551003
-0.833593904753491 -0.246315425537084 -0.494418762892665
0.355040244310039 -0.639584312547839 0.681819867753189
-0.82263751897483 -0.476522763075373 -0.310150880453285
-0.120498632334232 0.832316376713972 -0.541044849027606
-0.557926313320613 0.461083200663963 -0.690014862861623
-0.735640609846588 0.457422523254356 -0.499597366250223
0.664732221484833 0.106459961048026 -0.739457470320973
-0.371287113026449 0.923654652367977 -0.094910288480635
-0.460717210606849 -0.0845465879813317 0.883510908993974
-0.696281300548274 0.656590604260269 -0.289967461802077
0.609083900773974 -0.790253355252709 0.0672044368311842
-0.225246407508712 0.241627022624746 -0.943864628981254
-0.100562895399276 0.47171536564941 -0.87599755586369
0.59091975514607 -0.13875367624049 -0.79470828629621
-0.448071244057083 -0.877426766399185 0.171331345221496
0.024926645935242 0.940022363471191 -0.340200850228884
0.829760935602932 -0.340160180124526 -0.442479199064765
0.0505236423369346 -0.961642327676044 -0.269613418039255
-0.147082285204217 0.860982534531909 0.486904381383158
-0.84183212489095 0.230929364600816 -0.487842497192128
0.225511990271166 -0.969173758558323 -0.0992298743618618
-0.529049715049469 -0.329736975992895 0.78190787543619
0.550024084572267 -0.57003108680658 -0.610358965252865
0.122598369073049 0.824627729557964 -0.552230701378243
0.599612117031126 -0.0165467813671512 0.800119686756825
0.98454261508136 0.174986513544119 0.00745380214596887
-0.484022667125331 0.864249508654248 0.137094290544035
-0.35761517938711 -0.720560498021313 0.594057196036883
0.355605308442973 -0.79348930197514 0.493882164345082
-0.686817975808797 0.704120902951257 0.180263202381997
-0.55334456805894 -0.654165007716717 -0.515633524587621
0.984889893364724 -0.172453198462049 0.0158679642119515
-0.936338291777758 0.23374689400768 -0.261978993227459
-0.931761014929483 -0.24952558285155 -0.263739254871501
-0.335191077405313 0.566984909382458 0.752446047341888
-0.355816584117023 -0.932884942778332 -0.0558591264231868
-0.480400324996086 -0.198019039362558 -0.854402708208245
0.91346581588122 -0.406038642133032 0.0266987698447071
-0.361623742085666 0.142626642242642 0.921350047529466
-0.0851278422500148 0.0283041933497898 -0.995967932773277
-0.983001054733733 -0.0090824376689616 -0.183375122953899
0.478031640230377 -0.36528116795983 -0.798783712448219
0.308954121187801 0.286395091147895 -0.906931751989896
-0.986544048759033 0.0100131544720465 0.163188775948758
-0.703139472083758 -0.587122221762748 0.401101457875872
0.142250928280701 0.465072635093758 -0.873768915383368
0.779968406233777 0.000405452311072932 0.625818760413561
-0.204040518318502 -0.062682828284227 0.976953596606619
-0.36779750788591 -0.525451086765907 0.767219752489104
0.901843366825433 0.426043037399476 0.0718740008375522
-0.566779294041745 0.648346380632599 -0.508338669162745
-0.687977088756602 0.243057358517738 -0.683820624006303
0.0983207207969636 0.879487844014894 0.465654558757883
-0.0875073737342054 0.990004051992494 -0.110609387398113
0.832408087048259 0.379206128732432 -0.404103314201233
0.195065133428294 0.968645690140443 -0.153867217733172
-0.370725941131858 -0.619618896921304 -0.691834300356613
-0.0874584983059019 0.154968283634991 0.984040569357433
0.582811431345973 0.810127941095087 0.0634314949334559
0.496105442948063 -0.817462010790713 0.292635012244452
0.937105017959067 -0.272300043300699 -0.218373239510646
-0.909239569375991 -0.011022246273921 -0.416127282893155
0.674233709640185 0.674693849165667 0.300328344787585
-0.518756088294373 -0.755119178404757 0.400858013843862
0.0922860615370416 -0.538118489992349 -0.837801750758696
-0.482686477278016 0.241916166709307 -0.841718678025868
0.655406334080757 0.735257074307033 -0.172741344003934
0.328049566715584 -0.887135145761466 -0.324614717676972
0.563011085043494 0.560881973295551 -0.606984291518517
0.713204096058344 -0.560361859630656 -0.421111034807774
-0.364265222856932 0.0295170605651625 -0.930827368824414
-0.822896478467355 -0.127900168772946 0.55360900692987
0.128562779333955 0.739643556236023 0.660605041979289
-0.114036110858123 0.672738612906525 -0.731039345127852
-0.12149060820337 0.720914789697545 0.682291651798349
-0.839017371360507 0.503525554251054 0.206184060420474
