# command_history: dirgen -cart 0285 dir0285.txt -force  (version=3.0_RC3-1000-g3151ed7a-dirty)
0.299972835825766 0.391902570926284 -0.869729080040455
0.880278141542772 0.327986205843967 0.34283442402723
0.715425951998931 0.654569041739473 -0.244346223221665
-0.251189891528814 0.681284437285234 0.68757192635148
-0.66552938777364 -0.674187214903953 -0.320222162364967
0.845685940382257 0.462461203150134 0.266354886984843
-0.945014758535377 0.297380007496746 0.136059682829115
0.514001564410816 0.512167421586172 0.688103861382136
-0.495463627443571 0.652799276875424 0.573034813943605
0.0813692806371461 0.314816004129028 0.945658460392982
-0.877062517510042 -0.0484639837575066 -0.477925289828127
-0.138774176551123 0.614982518012108 0.776233360827815
-0.440382035339086 -0.894062289047098 -0.0819529514689243
0.725361573616695 -0.681968596013588 0.093645189794069
-0.0868039706022022 0.86553022157521 -0.49327731168954
-0.387694463986668 0.921254358335405 -0.0313593660986705
0.00914235270584859 0.667025289711537 0.74497897975194
0.231161385082446 -0.607419191775799 0.760004170718293
0.737109832796535 -0.487480783574161 0.468008098263894
0.627549322562235 -0.778173771708154 0.0250485284435264
-0.468987081411758 -0.812520286477769 0.34621077616239
-0.0701013660868506 0.604303420984645 -0.793664396240005
0.753506348189093 0.555942157836651 0.350936604500964
-0.921923641698916 -0.386423831425141 -0.0270817536973288
0.721049411522775 -0.658627821922194 -0.215167698162821
-0.539767005794511 0.531250473474065 0.653011878827032
-0.62665534539277 -0.513452643923185 -0.586233281671178
0.45643651750663 0.0911382215963782 0.88507600241486
-0.772889753989167 -0.599964607975374 -0.206600816444468
0.626651184496593 -0.768421234453364 -0.129757849127462
-0.280219818007969 -0.609121794485683 -0.741921487138715
0.320876641834678 0.88578619134575 0.335292415580921
-0.468908664333033 0.767821630110945 -0.436548518319766
0.254803674675811 0.928355610034515 -0.270612173948527
-0.92992602235227 0.138032468306937 0.340858666671657
-0.231025469535824 -0.342922516016617 -0.910511603679264
0.94612288285878 -0.173979688283544 0.273098075049518
0.572571875474359 -0.698617739588144 -0.429062584419252
0.905097826324257 0.406195151194411 -0.125711669821281
0.935585103027317 -0.309569997635797 0.169843844625402
0.412237100739124 0.626781283354225 0.661215392751131
0.79169865776459 -0.533244983896349 -0.298099014495402
0.589551536627844 -0.728793828207995 0.348265045081593
0.117215876156462 -0.734309294993599 -0.668618200218089
-0.382631320247476 0.915062439965462 0.127491190794219
0.036381922877144 0.69250848416133 -0.720491745304788
0.175186986766179 0.0455721104426432 0.983479894261998
0.852849881007054 0.0246053102785807 -0.521576129795401
0.368888727843317 -0.857524323668772 0.358570970362292
-0.647144129828963 -0.749788704357628 0.137917997540655
-0.235863678116133 -0.828610585278797 0.507713327882437
-0.206377281306566 -0.197338816470058 -0.958366218767496
0.0830116932970437 0.850453819076152 -0.519458718662749
0.512252067166884 -0.857585530898113 -0.0463128154775327
0.551797581934305 -0.311817659453041 0.773491548644638
0.671882388271856 0.740457628266452 0.0172208325039403
0.405415815310699 -0.0619932488762449 0.912027879941029
-0.50804952541067 0.854196179120562 -0.110609978328479
0.68940916008344 0.00154306181021076 -0.724370505303257
-0.652950876594204 -0.322252558792774 0.685425737119909
-0.143051111289336 -0.764097778397584 0.629039716239573
0.5811947734259 0.603895167827042 -0.545456929204832
0.668250717207221 -0.00532215719766693 0.743917101292072
-0.92267736876607 0.0616589243421389 -0.380610890826698
-0.840453108258533 0.089624557772132 -0.534421192939353
0.975336562783534 -0.0388039176200216 0.217285170398122
0.562411069744849 0.777686758479442 0.280886265798441
0.613804584891524 0.254104968081554 0.747445380454262
0.230881569489985 -0.0235305649253822 -0.972697287640987
-0.921645387764549 -0.0112669423389044 0.387869611110055
0.804256054784761 0.422720377578473 -0.417707649824568
-0.889927718793402 -0.286248931193305 0.355091825749145
0.259606446166873 -0.959171693039774 0.112223689031419
0.446960126108241 0.806212207617858 0.38761904230474
0.0277460286994121 0.0225270103368435 0.999361141778434
-0.534783817148716 -0.630051732676422 -0.563064013294481
-0.0974053282746109 0.9548363174987 0.28071303640771
-0.93720287651206 -0.277165183771037 0.211731502527819
0.995280834905072 -0.0179800879605345 -0.0953560491400226
-0.625881864454988 -0.387716163248707 -0.6767186036323
0.119311400144868 -0.375817061947443 0.918981134596714
-0.0171106415716011 -0.964847308522373 0.262253497940717
0.586108825677488 0.113179579360275 0.802288493796831
0.714025651895298 -0.38522150906751 0.58461248480275
-0.426667652979114 -0.901417877510503 0.0734882576045589
0.395905215001277 0.888835414793364 -0.230717719614036
0.447655226783048 0.671516968744915 -0.590482648874171
0.891905171387225 0.186731828764399 0.411869383881624
0.474388834274572 -0.179963081267526 -0.861724157312716
0.78229535760952 0.0211901084382892 0.622547149031273
0.757067216508347 0.646801461555219 -0.0921797104483248
-0.255908617881719 -0.535674927323752 0.804713086466575
-0.271999335567996 0.360869866435789 -0.892070233193096
-0.686079476487577 0.312398603752332 0.657040382561168
0.892726431368144 -0.44448626297015 0.0739694583428119
0.396817504153263 -0.613242869887294 -0.68298539583945
0.867106457587459 -0.121536140364305 -0.483068688485888
0.49441841868771 -0.824364437025346 0.275633274896609
-0.355933918433815 -0.0642617994805598 0.932299022221878
-0.63226652168645 0.533382756471296 -0.561909139144044
0.416735067442581 -0.339943316978556 0.843072016381308
-0.489913026254193 0.188924641542792 -0.851053879918531
-0.707647638896965 -0.138482174005027 -0.692861823631806
0.49302329388734 0.547787824905997 -0.675911629260242
-0.444906012204066 -0.864128303941126 -0.235246497598813
0.794849878015376 0.436475345196024 0.421548270610797
-0.96952968216793 0.00376954652716031 0.244944863008662
0.190296286186766 -0.794975107910475 0.576022483299266
0.858735008813676 0.499197807976911 0.115653504697536
0.561822328374143 0.706194269232196 0.430865785882172
0.233828360206984 -0.870823859830536 0.43242352284856
0.328266080199944 -0.481411004119819 0.812702175278565
-0.25820053727751 0.927026898750985 -0.271944133126157
0.820980131732492 0.539057829953714 -0.188170877837386
-0.951423946019214 0.307424131510603 -0.0168189864789911
-0.728251315393904 -0.390072026873513 0.563465913323812
0.916284891225915 0.356548535240046 0.182469559459355
-0.733399819615326 0.677012700832494 0.061469565637799
0.346404392812576 -0.266667749488105 -0.899384405036634
0.598188715232966 0.744127245446065 -0.29739687885515
-0.389752055926374 -0.500169589596123 -0.773255272561662
-0.181417442974187 -0.80507622271957 -0.564747719779634
0.734711364366744 -0.120599103704462 0.667574016312827
-0.0414540671333731 -0.933456516465119 -0.356287092366405
-0.321281598139058 0.416664669143854 0.850393255020556
0.336594473212042 -0.789665202675426 0.512964938652425
-0.0554133241637885 -0.171116852150258 -0.983691204807335
-0.0198970876358768 -0.916729620246974 0.399012417432652
0.100165974770198 -0.110541271477044 -0.988811106733017
0.826861624688621 -0.429223284504151 0.363410546980634
0.759494589332957 0.23331791303169 -0.607232015157715
0.982650121832529 0.100947341718332 0.155590399004949
0.3008245332226 0.724527069668277 0.62013315145161
-0.700151072906731 -0.522389242706699 0.486721639350333
0.47752318051678 -0.808099581987174 -0.344886470684621
0.0460264277310186 0.354912026239245 -0.933766042208151
-0.200583188517074 -0.659097997553811 0.724814606713248
0.896143382885992 -0.43738052393997 -0.0750020972216677
0.287581521182838 0.950338255523899 -0.118970873586596
0.54227256929109 -0.0369390143496479 0.839390236906123
0.01099743125385 0.994527796475395 -0.103891859852504
-0.526516586403199 -0.829638025707551 0.185690685125561
-0.942553079121743 -0.217233370632148 -0.253778162421272
-0.193718341622789 -0.29845620761702 0.934557165856526
-0.201252077303335 0.342162262982525 0.917835817110975
-0.129741041156643 0.708208003834681 -0.693980320718165
0.289170879148205 -0.55442215887406 -0.780382132292944
0.225745485181053 0.140398099989207 -0.96401625994575
0.440719396744458 -0.75775574949131 -0.481219947057543
0.513048119566499 -0.567158922594243 0.644292156968419
0.504821381084015 0.379477201520005 0.775340200639032
0.561128429012417 0.246191440686097 -0.790268726881534
-0.288970836399265 0.704117293881232 -0.648625232447891
-0.0954194942124583 -0.579275065635719 0.809527960268805
0.583757692846708 -0.249935796594443 -0.77250181464058
0.326756186175842 0.862480398936861 -0.386468570837956
0.364333503624356 -0.887539389848698 -0.28201937806435
-0.0745657113365178 0.262045477280448 0.962170526741358
0.878360012503304 -0.421896859476933 -0.224692519676772
-0.124111148637251 0.991853837776188 -0.0286772954197314
0.0984248875003815 -0.896472203825542 -0.432030241173824
0.806439147298172 -0.569778697625116 0.158139613751975
-0.124776907688944 0.974090776280831 -0.188621003263666
0.783415727058077 -0.229500102456749 0.577572074784097
0.978217255059296 -0.171971783850221 0.116261375631071
-0.224267653433272 0.905720813073633 0.359685735592575
0.356137538163985 -0.103770736465354 -0.92865369657582
0.66441482099981 -0.452751177327698 -0.594616949862829
0.556558645611802 -0.659645729820703 0.505084136678306
0.781644120184867 -0.0735459044594371 -0.619373448993149
-0.434512220187035 0.481483102705861 0.761165653663427
0.123756660016938 -0.9314853657349 0.342080842087321
-0.257483888955357 0.0844213291441058 -0.962587703076435
-0.437822605420612 -0.324807671071259 0.838338441797805
-0.476100208168764 0.0150191466893866 0.879262769036869
0.336568985077649 0.234477237948319 -0.911998762700876
0.785904978990812 -0.222529141515739 -0.57691779758794
-0.2201391633179 0.812888349368361 0.539213575714555
-0.180022175406134 -0.944476320893934 -0.274875418385679
-0.962999631164001 -0.262178399369843 0.062403503762737
-0.689361615951109 0.624499473275565 0.367125278797058
-0.993272754143537 -0.115710635368467 0.00450385820592468
0.463874095857768 0.157330362809436 -0.871818777115055
-0.0440414615234996 -0.771575954463201 -0.63461082260002
0.0242630320934187 -0.788429349470011 0.614646618934757
0.739156454730105 -0.500133803822474 -0.451125164122868
-0.0168281416910216 0.541744056987605 0.840375029594429
0.670265598537793 -0.616577619601607 0.413008554903151
-0.978350622251683 -0.131341590735154 0.159935757361838
-0.618449258936942 -0.474052893560009 0.626733091696721
-0.0239870141950655 -0.998401007276582 -0.05118644175085
-0.312562052960368 -0.931615738981739 -0.185464492371744
0.818460087694402 0.296363006328043 0.492231706954637
0.985532551616825 -0.164923085819024 -0.0390636079690792
0.207572480757548 -0.230309573714719 0.950721392147827
-0.0775802161257852 -0.197841874474788 0.977159097982605
-0.391745540431214 -0.776437508580197 0.493639774351736
0.775678450899124 0.0914007188440167 -0.624474858905891
0.965960604689724 0.24180037709969 0.0919385002156912
-0.822508701493582 0.568721492569167 -0.00594136829700641
-0.72658738604249 -0.415942862074634 -0.546865893920167
-0.534007700937305 -0.40391358268761 0.742758098616308
-0.303954617644317 -0.952116023926319 -0.0329646385606513
-0.835742501480971 0.401786384304003 0.374302247663897
-0.400548988965172 -0.47627320394482 0.782767106260294
0.352216754516557 -0.212341844688512 0.911512094726177
0.157907961998114 0.986883614031028 -0.0335530608835973
-0.339629008775468 0.7348593134566 0.587055300482236
0.0549587094299145 0.866724469694465 0.495750172859926
-0.152130742218835 -0.450109771770132 0.879918990946886
-0.674396777431484 0.275278899722274 -0.685135398266448
-0.55481244857149 -0.831532551972993 0.0271433586607969
-0.470069645396541 0.458033931887915 -0.75447958601679
-0.618330164528775 0.157837173834237 -0.769905990488344
0.176258201435444 -0.496821364727241 0.849765601785165
-0.0375642564829596 -0.978063037560864 -0.204894170712831
0.0779275121490795 -0.82517849319218 -0.559470961912537
0.896537995400249 -0.30407773407669 0.322112332024853
-0.580268659298716 -0.0766753835777243 0.810807726029346
-0.822143381455409 -0.290250064523832 0.48972968091895
-0.699045758512776 0.669942604804963 -0.250023866405668
-0.626105921592291 0.58226615372741 0.518611127117956
-0.598969365886974 0.427074284199018 -0.677379697440699
-0.944772954528112 -0.0762180089628883 -0.318739516693421
-0.171441014653048 0.484217450548158 0.857986852509627
-0.0957895321284242 0.106014741955223 -0.989739986068455
-0.531046609252473 -0.717126255370524 0.451352891493675
0.350261588108423 0.220174511706713 0.910406504969333
0.386254698521165 -0.90177098249869 0.193949485675189
-0.171717574453649 -0.977652301004388 -0.121280884580308
0.18700019892804 0.888132221122919 0.419823871884561
-0.255615641189426 0.965525571769697 0.0492038030859272
0.771372484682173 -0.365005866605449 -0.521301455224188
-0.106697420974372 -0.453305195888277 -0.884946359808383
-0.607773567050009 0.742433405173095 0.281787029648973
0.0123407061585195 -0.486065361703903 0.873835322657057
-0.372255561281393 -0.364456281494373 -0.853579179674838
-0.771024355172074 0.556267343584298 -0.309980783586913
-0.727781631914187 -0.277863936865219 -0.626997231922187
-0.666805921543307 -0.58271038580196 -0.464562664527955
-0.997805781767973 0.0292937422555188 -0.0593759087094468
-0.872140215957019 -0.156249858078219 0.463635013303547
-0.486238055900092 -0.239616820161205 -0.840331085043468
0.938801863860319 0.145246329124501 -0.312337260486559
0.865823207995113 0.418362497830557 -0.274450346886333
-0.589778229282214 0.0895756567149217 0.802581984590251
0.811267585990941 0.15956924327979 0.562478942289883
-0.16414062257665 -0.700007387480762 -0.695016196568474
0.879086895388741 -0.197411644810927 0.433860430148716
0.503233301004475 -0.841052179316611 -0.198462783480728
-0.318917114596803 -0.0690451929007088 -0.945264320364708
0.851014478069857 0.523869642123677 -0.0365370521074148
-0.774775041110986 -0.62950342911181 -0.0587287698487121
0.252318594476854 0.481771257445088 0.839185189562473
0.24219423021417 -0.948233167375732 -0.205416199798246
-0.133363804649361 -0.584722401982245 -0.800196106107472
-0.768305062225903 -0.544493549021354 0.336502758431758
0.42948986238871 0.732359221043135 0.52838284364504
0.352970959065749 0.613145012435355 -0.706728162578692
-0.814311870587644 0.332225890319237 -0.475943415987281
0.37961678773031 -0.590760866608327 0.711963968861837
0.969337656141644 -0.153029848434049 -0.192266413796264
0.298247093122327 0.729871328266988 -0.615090656422178
-0.869470226330619 0.442072926409312 -0.22043832076227
-0.81794617137595 0.556336541786166 0.146470860599759
-0.111051884495295 0.985581825319443 0.127655569992218
0.691354201453844 -0.162723299950309 -0.70395347558301
0.861328993487392 -0.26375950060349 -0.434215719221902
-0.0472045104464816 0.406002386908137 0.912652067339139
0.676499204926921 0.716582717357137 0.16987652845024
0.141754232761315 0.971252796329984 -0.19124262891792
0.094194247164601 0.0555104717692834 -0.994005045925344
0.0590758538574496 -0.245197067262732 0.967671660066972
0.611246356889901 -0.769844681228543 0.183622051978915
-0.5653594117613 -0.814897587382314 -0.127713184955197
0.163875797157019 0.909554592202605 -0.381909893704399
0.656173496928103 0.640873124196228 -0.398394252734789
-0.67224706783372 -0.163989435850473 0.721935831441001
-0.313463740524188 -0.818874723471604 -0.48081667050539
-0.569148122933797 0.396854773092875 0.720122700124318
0.460410321492314 -0.337741156402437 -0.820946555590124
-0.915165020616473 0.282594683964486 0.287425172236293
-0.326424436882546 0.838902265548843 0.435534241894861
-0.225747165720634 0.189940609899984 0.955489812546384
0.429874452514731 -0.688034477660071 0.58465076124657
