# command_history: dirgen -cart 0190 dir0190.txt -force  (version=3.0_RC3-1000-g3151ed7a-dirty)
0.176915695959744 -0.98305974611564 0.047899604279499
0.978666889523157 -0.121135377624413 0.165943784574353
-0.861701034685416 -0.163500803319506 0.480352801736348
-0.623952505223923 0.489565235832114 -0.609105205271993
-0.425779136785979 0.744562454813972 -0.51413896716664
0.602395183267968 0.75749259997961 -0.251644598892332
-0.0681050449645438 0.192441161054111 0.978942338640291
-0.925276688939692 0.14921117407425 -0.348710588362591
-0.390481598810722 -0.920406283335698 -0.0194008913812859
0.8328686890623 -0.142165345476032 -0.534900702304013
0.297097941029737 -0.699717274983192 0.649714205267198
-0.528591592108868 -0.770003589438038 -0.357330940452056
-0.94824088733907 -0.267168028688886 0.17164050811189
-0.565805148746163 -0.824101758444491 -0.0268481913921737
0.203442962914458 0.979083658594695 0.00247998254298222
0.281582967740862 0.941837732123915 0.183446773277506
-0.481972779080539 0.426709048111328 -0.765259190395846
-0.624768526484363 0.334198310941709 -0.705673987956384
0.63510046214547 -0.0560186560107302 0.770395556296479
0.357517259864705 0.862456201863151 0.358260671532086
0.125203024489925 0.753425951846891 0.645502546658169
-0.323559957521888 -0.0625046491552555 -0.944140944309912
-0.894759251622015 0.353461309620603 0.27289372333951
-0.059539825687455 0.783581007446776 0.618430120487192
0.691210853790971 0.492236405414125 -0.529084942883974
-0.720923765135337 0.182750098005461 -0.668484350259663
0.394840736978606 0.384521618152625 0.834412318698303
-0.709536482953197 0.109895093520838 0.69604672815728
0.41012133600618 0.281612134115911 -0.867464751832136
0.389045068087193 -0.296933836329892 0.872051736905239
-0.678462789011717 -0.729651080714715 0.085425665571256
-0.693494656887524 -0.652143398123087 -0.30622565071027
0.221946792434524 0.91530983939551 -0.336076656782038
-0.270815171304899 -0.73009885221106 0.627387287878222
-0.107257290517867 0.738888338163449 -0.665236722796346
0.95623909810428 0.0320215657995528 0.290828826941996
0.12424030922248 0.151550540458924 0.98061041155543
0.789064271789711 0.331844245188681 -0.516969024139868
0.176826473123591 0.922321962576377 0.343590738745869
0.972207637411901 0.232566235634557 0.0269305737172504
-0.201038026716345 0.672136197486363 0.712612548193316
-0.542323970172583 0.21276569056239 -0.812782549207202
0.428412196115531 0.745213261937856 0.510999202006626
0.20510495037949 -0.0349999690205722 -0.978113981854051
-0.173288308717767 -0.612776603386202 -0.771022695129141
-0.0832766247798931 -0.748463214806271 0.657926910718152
0.495137397013908 0.858108525929148 -0.135973217237796
-0.888968821026977 0.445962474618165 -0.104172484247752
0.993311417414469 0.0588446834467424 0.0993465211475043
-0.732715405873754 -0.67451059194069 -0.0903526167583419
-0.169012003346546 0.307714819608015 -0.936347442202089
0.245503798293602 -0.784880478082106 -0.568938063543844
0.689130147484302 -0.630184108729289 -0.357725633598343
0.593387639104142 -0.24593539678392 -0.766424745403714
0.550288230434519 0.548534635609123 -0.629517765422401
-0.819268178102319 0.572897819538481 0.0242433643903017
-0.734059678588378 0.284395336313704 0.616664966536727
-0.0293128542804745 -0.504263420628717 -0.863052234334491
-0.251757323875926 -0.271561664140761 -0.928909313358378
-0.952074881122989 -0.20905138503545 -0.223273238766776
0.491019709955068 0.0992247050070184 -0.865479117224622
-0.793347918736876 -0.344710516765252 -0.501770604427261
-0.268722991084034 0.436779612257573 -0.858493753255651
-0.147572277466532 -0.848727936890011 0.507822126404281
-0.0677092444117028 -0.868225649863176 -0.491527902708343
0.79005985248075 0.482475721647005 -0.378183298837082
0.962474178325258 -0.223549817522892 -0.153847116133523
-0.65740831482349 -0.0651186238444686 0.75071557358932
-0.123908120309224 -0.477108786250879 0.870065505467059
0.553952122729582 -0.0762662517206792 -0.829047950707236
-0.916796294881081 0.185353810144792 0.353735096869297
-0.341118254788109 0.549641275999916 0.762582981692812
0.277337734985425 -0.953698922755934 -0.116370724356798
0.826756579971929 -0.523973009008779 -0.204758011573187
-0.306009904877599 0.858074946425488 0.412389772464957
0.615085321894538 -0.407966285943155 -0.674709979416075
-0.0149794284949862 -0.999535971303595 0.026522797592701
0.118901345253783 0.975603780217678 -0.184552794944474
-0.884201749569238 -0.0124775870746409 -0.466938514024592
0.79054414523805 -0.480943814591778 -0.379121354760915
-0.0137699465453184 0.655412424234314 0.755145643390359
0.534509025375152 0.445217633780052 0.718388029106692
-0.0400690196253027 0.849389705165879 -0.526242911994535
0.316536920145925 0.12724482948966 -0.940006984842496
0.842547491700484 0.53567234751031 0.0562926313296583
-0.154914694494049 0.912751307191689 -0.37800329185032
0.307984471300571 0.695453071312817 0.649223067242129
-0.613735378079958 -0.766214236016438 -0.19038022538803
0.488449468147233 0.421814086405519 -0.763865167144414
-0.591774764219093 0.793778875580955 0.140419817386545
0.855542306182904 -0.328372609239284 0.400273396358818
0.0101077097730435 -0.948881909581863 -0.315469421452256
0.831656926366826 -0.477482283278578 0.283473854140306
-0.839606933016175 0.167968941147118 -0.516572001603928
-0.415789176701364 -0.205513589415332 -0.885936524308389
0.01969938338955 -0.0110336066894808 -0.99974506441267
-0.995958076695438 0.0850506116994416 0.0288773772125321
-0.263763803811497 0.9376153919817 -0.226508349775222
-0.227919127591782 -0.308401680767082 0.923548198297111
-0.735843309611917 -0.202533539098624 0.646153843321826
0.0983961464422112 0.981873760584127 0.161994187061475
0.133027535962674 0.150104521500021 -0.979679696278814
-0.0884706191674159 0.987138070213926 0.13315922753779
-0.894082798405585 -0.192532307260123 -0.40440976775584
-0.532447709044944 -0.0743600341007372 -0.843190383283235
0.776930513971433 -0.610057200152158 0.155593023630864
0.97184566064851 -0.0489467961010169 -0.230478248496699
-0.013639709607774 -0.62080662156828 0.783845072025585
-0.741790075034945 0.495330950933116 -0.452100357915525
-0.560699593730495 -0.26820689504356 -0.783377959251823
-0.701872654867613 0.632239318056108 -0.328097883341292
0.351928155045262 -0.856141931043675 0.378374903495523
-0.629985311994628 -0.637824646053427 0.443055558093849
-0.511221854249641 0.553894951166022 0.657154927555404
0.778490270941698 -0.0094044014644959 0.627586213425865
-0.158023311637109 0.531379055025035 0.832264941505974
-0.173432949804397 0.600966364059355 -0.780231017834734
-0.865291118274188 -0.452286350897777 0.216121117495209
-0.457150051982543 0.861575914090584 -0.220682519088697
0.0354502631385796 0.93096037938528 -0.363395171759645
-0.680792623735217 -0.128952588469848 -0.721035805903317
0.115125355983957 -0.36854948266024 -0.92245185849476
0.463902927987661 -0.403473140524869 -0.788671983957509
0.547612364121574 -0.834901977595415 0.0553117208957098
-0.0722242449096385 0.975541395907521 -0.207611761030148
-0.88457724296349 -0.308833634791733 0.349492327887804
0.580840309128337 -0.636744188489975 -0.507130529268295
-0.603405533590712 -0.639244115248135 -0.476727095047825
-0.50534109819459 -0.76166611917224 0.405579951896769
-0.0701385209628115 -0.334550408629104 -0.93976412570562
-0.654499007386704 -0.485812821679565 -0.579324565007871
0.537201784995082 -0.763017183856394 0.359470470745451
-0.249912103610921 -0.823265059675555 -0.509684786889082
0.45487435182693 0.869249029960732 0.193637413643013
-0.28578727151521 0.161755892800136 -0.944542570022295
-0.728703245454041 -0.62561874272735 0.278554786017036
0.579959366257949 0.240363588362581 -0.778378107913591
-0.0584547055634522 0.168823638286022 -0.983911391616827
-0.0725017677773248 0.470294293831069 -0.879526446935565
-0.687944789650816 -0.314057233155907 -0.654293527932801
-0.914486627165944 -0.401965407653661 0.0462387260257186
-0.450709779891207 0.761460359901063 0.465874247635307
0.387122986066968 -0.680517014703453 -0.622119270202824
-0.694800002826632 0.484151322981546 0.531836866461259
-0.634154231333712 0.747861271041116 -0.196346454407294
0.413926441883418 -0.869590510139389 -0.269215982781949
0.696230528518413 -0.717719019771458 0.0119356531982029
0.945475318907569 0.128530964173598 -0.299259440260847
-0.490721857529462 -0.605350592795869 -0.626691884696559
-0.751655672372075 -0.509023218041475 -0.419415204404402
0.913907281397316 0.3779453755105 0.148090425548695
0.116663256539538 -0.882081135190052 -0.456423657926952
-0.201076265042745 -0.614864712084827 0.762567847125292
0.869283453177708 0.367794384676331 0.330262878071391
0.442768141793647 -0.0794116439981801 0.893112626386005
0.203653642841093 -0.937362798165184 -0.282623739932599
-0.311037475917952 -0.454998966417647 0.834404955122788
-0.802776353501508 -0.168968530904562 -0.571838929964353
-0.912102309637672 0.401753069980352 0.0816323925594864
0.990524929560596 0.0914054660280763 -0.102495876498359
0.813428386010443 0.531263200237219 0.236841028764347
-0.647524935017667 -0.371292337626663 0.665472357465053
0.598564649496251 -0.637073196527182 0.485652244553723
-0.253909934581969 0.216866431391782 0.942602087869518
0.232546083945031 -0.81932516239365 0.524050185679243
-0.798509001406798 -0.59168800998251 0.110854289566325
0.826342343091439 -0.321893596809023 -0.46210696202016
0.906228623498818 -0.00971400679726288 -0.422676377413478
0.329594864058783 0.818249451466874 -0.470993695032357
0.719753187822259 -0.671069113410128 -0.177824614850255
-0.354913365111381 0.554277592870431 -0.752869745246199
-0.430315049826718 0.234359509828249 0.871725058745986
-0.9630341974251 0.266309079286056 -0.0405537776243583
-0.381803134712816 -0.585697046285566 0.714972262605921
0.452958129067492 0.689160828462025 -0.565584905938279
-0.215945723672178 -0.452159575202132 -0.865401157256406
0.755057596680003 -0.341812163935932 0.559510920609467
0.172185722063965 -0.0253301774503909 0.98473877715242
-0.383633112141444 0.0572535866202671 0.921709098407836
-0.3579919561216 -0.548506997165538 -0.755633398820271
0.361933812179833 -0.929633737274658 0.0691739121470328
-0.403418458306163 -0.866147169535286 0.295029876798761
0.0371144673065647 0.325855809744336 -0.944690694128196
0.295555767121816 -0.390779381329294 -0.871744379763317
0.925734700406583 -0.303189778884773 0.226033675462168
-0.482368306645125 0.604152028007164 -0.634287902926696
-0.564140944292177 0.761035351222445 0.320265810168461
0.798385738032707 0.0308779869818279 -0.601354108014504
-0.305588856843723 -0.939877226046431 0.152467211334807
0.446260455937267 -0.890007373396505 -0.0934798414981304
