# command_history: dirgen -cart 0161 dir0161.txt -force  (version=3.0_RC3-1000-g3151ed7a-dirty)
-0.289150402972176 -0.0985260856387007 -0.952199902809144
-0.860646814394766 0.261518658058585 -0.436915383523376
-0.667706897277059 -0.44102270277688 -0.599721998065787
-0.339671309225023 -0.711360154978127 0.615296783348373
0.189871401930539 0.740390961257137 0.644802353607417
0.75302103574141 0.615745874755647 0.231983485300866
0.10409289319587 -0.958082928569224 -0.266911542594794
0.833152533948503 0.536883079756143 -0.132715537322306
-0.0293870904371281 -0.880934521522804 0.472324853998843
-0.61430485399341 -0.121380844333679 -0.779677008118733
0.250060834769059 0.958124235452984 -0.139526084845224
-0.542974142057273 -0.802257826515072 0.248115821447325
-0.299157550923927 0.740000591355134 -0.60241504340384
0.601502870970639 0.797836263164524 -0.040639800611552
0.257336947252831 0.84734347408727 -0.464528505584222
0.391382900357861 -0.309364079459443 -0.866667924667621
-0.175464336058849 0.639030457779298 -0.748900754974788
0.626692834889053 0.670479594849714 -0.39713121709189
-0.86147900439011 0.0684706562226685 -0.503155735564509
-0.253532042248413 0.961625092727981 0.104874613654838
0.73728665982729 -0.383852843943528 0.555936485074674
0.0183192996493695 0.818399304335944 0.57435788662018
-0.478242903778302 0.2028528743068 -0.854479043845528
0.828596242665822 -0.370239704773456 -0.419941457407276
-0.0633903413975871 0.319600254375276 0.945429712892903
-0.110102045872351 0.39893872917094 -0.910343577921105
-0.434233143799822 -0.897143177061583 0.081090669485286
-0.10109162190537 -0.971412813349712 -0.214796717946388
0.966315480971142 -0.00641252971641595 -0.257280529185841
0.0221650154940219 0.523143940063391 -0.851956061110607
0.434756778646113 0.12777953410518 -0.891436444220853
0.678750083906497 -0.562903248072539 0.471633604513406
-0.706155033270964 -0.330214353641682 0.626341400224422
-0.754396616323502 -0.0295190541955912 -0.655754809909199
-0.845494725836566 -0.444233114022766 -0.296303238234389
-0.131772934540438 -0.991119049592981 -0.0178584225648997
0.695812501235419 0.140920206973747 -0.704263060504373
0.914352553254293 0.18116010675777 -0.362133157936234
0.403266582902613 0.753577269828337 0.51913135285024
-0.178385205529907 -0.583328231428063 -0.792405762767448
0.98386268995385 0.0489516599754213 0.172098641198659
0.108956748810844 -0.00185367962911977 0.994044762956077
0.278604603757928 0.915301163960296 0.290866385163043
0.709935280443926 -0.369582105039698 -0.599500596509653
0.0775812695347595 0.321828423405505 -0.943614122671817
-0.718352507721727 -0.546671939537407 -0.430255116381334
0.652868319107869 -0.675475456548595 -0.342776699187288
-0.221395814826211 -0.44637735465096 0.867024307867
-0.744698031504903 0.6508825731392 0.147569366253355
-0.499434984503077 0.667129147843594 -0.552723616604077
-0.26130471744382 0.490736602354134 -0.831202401194514
0.746370483293534 0.66537562533234 0.0143658930030223
-0.967979554482224 -0.185447718344294 0.169188433012692
-0.756800788377282 0.188716151313181 -0.625810499228852
0.580074086221271 -0.495859673305169 0.646248589077182
0.350539509177545 0.45675694369168 0.817615525106392
0.381496457213071 -0.922225461798579 0.0629337011804698
0.891925597607982 -0.0133957047328921 -0.4519837203112
0.30155071362086 -0.103034445818774 0.947866588761081
-0.91993470918202 0.325060181987654 -0.219216808042505
0.891333389182141 0.370150378912149 -0.261750809588568
-0.248212829951736 -0.0247615666342747 0.968389000280965
-0.0601590364887824 -0.91405727811948 -0.401098719326738
0.363173416270524 0.88477366431098 -0.292028479186735
0.475517740421116 0.86922677367858 0.135379815575002
0.280185793050549 0.302844589199073 0.910923199927129
-0.3380538276485 0.800646654062292 0.494655986470451
-0.582631008485991 0.720352162297261 -0.376342756306346
0.481916484425666 -0.808446484579345 -0.337891674372285
0.998768945043541 -0.000905402753755207 -0.0495961153969315
0.288139826038751 -0.918518642528744 0.270737777152564
0.823762164766737 0.168529391466801 -0.54130743585383
-0.0934305754589173 0.788220113597928 -0.608259632138353
0.0749931877010469 -0.0978283630485043 -0.992373736644459
0.39893798451252 -0.810928977662805 0.428068543226254
-0.807575881824258 -0.350002981794289 -0.474677899033522
-0.824772213356404 0.198970778906971 0.529302772726851
0.0730530953264904 0.119747335194825 -0.990113034444531
0.559408658842513 0.251597317655409 -0.789785250660345
-0.554557739768112 -0.334842750743935 -0.761804466735079
0.916916699792488 0.237875733932843 0.320435486248893
0.0374827462569321 -0.522175576077169 -0.852013915075051
0.842904141583047 0.154109259191493 0.515522011492813
0.560163523347375 -0.368954401974815 -0.74168017121564
-0.553788435656698 0.538493323947163 0.635093149543626
-0.062766706367158 0.996043682922408 0.0629072514276738
-0.45485350255109 -0.770408691596407 0.446742363258419
0.307646221241104 0.947367818531059 0.0885890454163078
0.941727994089754 -0.336225267713346 0.0100476115956629
-0.604084680647272 0.779584585979953 0.165316580867587
0.592280721691055 0.0109160424755223 -0.805657735474436
-0.404961633194696 0.0774171654669351 0.911050304940045
0.907536699705694 -0.361693013672476 -0.213436881882723
0.747629160191213 -0.605241371534082 0.273374323986957
-0.140325174444124 -0.777703752411274 0.612768895182066
0.816589531390338 0.360379551758227 -0.450897012518655
-0.702274691915468 -0.684195846754908 0.196688333101812
0.521555578901809 0.620823511563125 -0.585284499715163
0.299118399226106 -0.902674158030151 -0.309366364799036
-0.123575861214453 -0.419377780481768 -0.899361597892245
0.177033524826533 -0.756791925277785 -0.629225804399214
0.473113467244311 -0.8498869429341 0.232068591890836
0.694494369224594 -0.534181331649566 -0.482004020763759
-0.208489424187654 -0.619991169434418 0.756401421088858
0.000765787802738496 -0.681871037404147 -0.73147201034519
0.400966557396781 0.355623625643054 -0.844249759688366
0.856962225130157 0.508671411931737 0.082880271375907
-0.39100203392265 -0.541588191431725 0.744177156576352
-0.262207819662108 -0.232623571674979 0.936553967056474
0.800450101781605 -0.522910227878209 -0.2929923687371
0.928038582233958 0.367560775356501 -0.0603611323991902
-0.716691108280177 -0.247895540056076 -0.651844810159933
-0.0831855085935245 0.946902950950605 -0.310572008785521
0.601587065691615 0.709864716236431 0.366312826741193
-0.984299557563923 0.151283711054466 -0.0909264524165235
0.501076993575893 0.511335053498368 0.698182146415078
-0.855247338397323 0.500140631714299 -0.135688388127786
-0.472046214717907 -0.00425336810099986 -0.881563542820535
-0.631042302010639 0.0926875075796754 -0.770191300270122
0.448089670703805 0.828622134495206 0.335560732555471
-0.39231501715371 0.499465432757094 0.772413884388708
0.973886486453085 -0.185418889535882 -0.131015063665767
0.301837588605669 -0.300283832505246 0.90483351509583
-0.774875552365376 0.0222100599372236 0.631723508810649
0.206395213072235 -0.607128868427497 -0.767330146118875
-0.10329698602017 -0.208383753120365 -0.972576960509871
-0.821643234079359 0.442072875381407 -0.359824914011837
0.555848907622099 0.627856160998661 0.544819816995806
-0.692192930113941 0.185217940924879 0.697540867519477
0.92057925801684 -0.193983603178823 -0.338975207658209
-0.201018852008456 0.866532858273638 -0.456850332898337
0.115258873029663 -0.20556744839807 0.971831989773458
-0.931649334390179 -0.049225463233306 -0.36000884919652
-0.628964589266317 -0.758882863358415 -0.168820452404281
-0.183840335388808 0.977195861415753 -0.106259020869081
-0.542669365499994 0.181071002782959 0.820197081011026
0.392702340036649 -0.588261898086283 0.706917825061488
0.016399378887344 0.677306211509617 -0.73551842684096
-0.0221016647095199 -0.988506498968186 0.149554063517937
-0.982461778919709 -0.183178086241689 -0.0348517098971266
-0.352930112718611 -0.638930254106894 -0.683526492480964
0.448425799440666 0.215215513470233 0.867523247618036
-0.453996852095229 0.405334288340035 -0.793467688682721
0.435098246112583 -0.889075106373561 -0.142249679987672
0.681799088627143 0.510360960787643 -0.524100841872163
0.747748896492186 -0.66243340714719 0.0453163203502148
-0.234897977921621 -0.847170580072774 -0.476576277449365
0.146443110447618 -0.877454889226788 -0.456757411296667
0.144458787386544 0.93815370039338 -0.314641531246303
0.522857691478148 -0.688007663603714 -0.503254696237105
0.222697518972777 -0.424343092008896 -0.87768944126479
0.775338325693711 0.535435730800748 -0.334901565974753
-0.945706886470906 0.140006955157113 -0.293319855088502
-0.61967901458951 0.303493074740937 -0.723802371135703
-0.372118204431088 0.664029121446705 0.648531701462388
-0.639427723298886 0.746600784301074 -0.183628580449296
0.239909485647202 -0.204448076600421 -0.949022877843777
-0.558416735578039 -0.443942645257661 0.700775054598833
-0.566807808500535 0.823589069657622 -0.0207352975216946
0.860817717964565 -0.503890760470114 -0.0713229132265974
0.932789541789375 0.327364415237199 0.150785312165261
