# command_history: dirgen -cart 0500 dir0500.txt  (version=3.0_RC3-1000-g3151ed7a-dirty)
-0.750282443719222 0.240124487279623 0.615967925508635
-0.429048060590652 0.0131122409619731 0.90318648729947
0.0997953645683621 0.327149971149508 0.939688129959905
-0.321557384254017 -0.694110349654944 0.644058748200509
-0.16516933201777 -0.435784922969442 0.884765840589091
0.618874721397031 -0.0237656627424098 -0.785130099085598
0.520288522955238 0.0349452500096334 -0.85327526764979
0.643113343463057 -0.756797967701333 -0.11688483025141
0.775281417937428 0.34852949905967 -0.5267503310736
-0.924127431042794 0.324693992001945 0.201400850921954
0.157292023546533 -0.769204281428943 0.619341580034814
0.131289621918197 -0.879158950334954 0.458085772778984
0.977140147130279 -0.112008658876685 -0.180696411704449
-0.183463301609626 -0.789082317060387 -0.586251067261379
-0.402114332922806 0.576426634221513 -0.711362353950577
-0.973288749457938 -0.145605217416911 -0.177505298060587
-0.338312651125175 -0.916126245983001 -0.21507499043299
-0.624256474994051 -0.767699016121216 0.144713766015948
0.105493758183263 -0.703674816236327 0.702647009514125
-0.916668684729334 -0.331391260861528 -0.223379396232508
0.993793655606047 0.0576431612626973 0.0951390352947295
-0.679381385838601 0.195923008032273 0.70714574699959
-0.117752278572565 0.135657192178523 0.983733463444854
-0.340977471367993 0.509416398817564 -0.790081829075466
-0.656129531708188 -0.229490330484966 -0.718907661549309
-0.409805293439377 -0.171248490138931 -0.895954003336222
0.884873460834493 0.337572337890745 -0.321004478164657
0.783317555662019 -0.606498690200262 -0.136282595282917
0.0609279672861536 0.813251886925882 0.578713358420099
0.432349758032669 -0.773589070570225 0.463285696545218
-0.88640623901625 -0.240178711248363 0.39572486160986
-0.29008127548144 0.956110141169766 0.0413067980772014
0.00980689439984799 -0.192703067992848 -0.981208108613241
-0.443631932302282 0.872851095204483 0.203277333320953
0.00830745336335839 -0.87819424395256 0.478232010751274
0.831472034650719 -0.518072775329143 -0.200636126000661
0.546427356573299 0.409144801961471 0.730765129857895
0.627710303403738 0.702131702010137 -0.336141113274076
-0.0481236798262571 0.431293863996515 0.900927141515304
-0.0426350504384168 -0.27446787285769 0.960650633291359
-0.734536303881483 0.651830474388061 -0.188609254648769
-0.833508611086395 -0.535190990302885 -0.137237018123555
0.570066820301831 0.693602917490245 -0.440384846742007
0.800023148771016 0.530990123694832 -0.279307089006091
-0.0306724238943422 0.766703892407092 -0.641267762935468
0.633081032888838 -0.65497987324131 -0.41256486937838
-0.222888051957789 -0.564102385985968 -0.795053089057202
-0.744315663207491 0.125358886088634 0.655956815028711
-0.190897894862731 -0.892119087105637 -0.409489350482747
0.626599680027271 0.600323535406417 0.496975345290752
0.631436057544709 0.1880985970381 -0.752268185572601
0.0897384357344192 -0.995498214195439 0.0305011259731735
0.961064832906496 0.212294674711165 -0.176876674662573
-0.881863260574009 -0.435301058751649 -0.181190998395259
0.204900748391344 0.729229259705286 -0.652870867858529
0.0735084643199404 0.494354353029489 -0.866146800094603
-0.33953559469953 -0.522240133737302 -0.782292031562435
-0.409747599619556 -0.0520884283256783 -0.910710546903116
0.304921645356686 0.945654953238033 0.11295795505118
-0.620599279531581 -0.723953402805618 -0.3012440950642
0.584010007752651 0.170684862854353 0.793598757834928
-0.66032670497365 0.141810057921069 -0.737467660423876
0.232372290682451 0.0173616212310103 -0.972471949534392
-0.631653209428209 0.374080628900863 -0.679027176260404
0.546879823487216 0.798640789908175 0.251187872632096
-0.67351749587483 0.674375248892508 0.302642043397254
0.592233740393233 -0.802503381020225 0.0724397694015343
0.799444269366968 -0.589116572851658 0.117603247267376
-0.0718654756330407 0.225098330571027 -0.971682095639399
-0.208188326760594 -0.280601006424318 -0.936974223655211
-0.141855392119868 -0.208271914334864 0.967729227328497
-0.66896429473417 -0.499648328109636 -0.550307478222911
0.956430980627923 0.255568601558592 0.141154061905763
-0.453787573937654 0.636319011500175 -0.62383888412251
0.345346198562203 -0.674323476020963 0.652705027424825
-0.793446070063133 0.0369742801180031 0.607516449580689
-0.467839046993563 -0.43919060925417 0.766966905968638
-0.0579521301090679 0.334785271860672 -0.940510697632407
0.378743935429259 -0.295766699169581 0.876969264591347
0.648273952890448 -0.261016742571041 0.715269978470645
-0.944106749724211 -0.0161757928910963 0.329242750640816
-0.79651660095707 -0.21578576775474 -0.564798908315423
-0.900190287726486 0.43483064463292 0.0240781305550195
0.901063036012136 0.412182500716949 -0.134873982796222
-0.899961209210589 0.42358811161853 -0.103164594758392
0.727526035930038 -0.206097055943979 0.654392749482411
0.0300095596992384 0.160013159985087 -0.986658611150911
-0.454415752953567 -0.546624255546775 0.703354993382131
0.944211533379546 -0.212738054370942 -0.251410223450665
0.208355456939497 0.167143557113932 0.963665416458864
-0.984831254201855 -0.100549810127343 0.141411231628028
-0.2400976287972 0.960243298248605 -0.14242870783168
0.116903287218321 0.740059418106714 0.662303313527196
0.891437934976046 -0.429556477695718 -0.144290126326408
-0.86753580138485 -0.494108387135095 0.0569081284027334
-0.224968632442449 0.323513748716109 0.919090838170322
-0.766210330313013 -0.634477256523015 -0.101785758712364
0.967415558472667 -0.0812154669441109 0.239814897690007
0.921282375710087 0.388413737488918 -0.0193275124076428
0.132105528371358 -0.762106094866677 -0.633831546659511
-0.597479948927743 0.257969347394518 0.759255903127627
0.170356890457235 -0.623321278087174 0.763183538971795
0.0197098849354515 0.0437071347031223 -0.998849942089338
-0.822400337481634 -0.568484844772949 -0.0219696648488561
-0.0523112631666957 0.995386955845484 0.0804259900689145
0.400260191516396 -0.91638733569024 -0.00510196764025733
-0.836988829869417 0.403785076755714 0.36933360321423
-0.924635113328514 0.278064931603175 -0.260249497621968
0.241499754318127 -0.861129129777654 -0.447363935194451
-0.265536471551101 -0.466606758264528 0.843663745468572
-0.404769178717195 0.858999637356706 0.313498859617791
-0.169936457170271 0.982937760521083 0.0703914729652343
-0.839563102529754 -0.516056135669497 0.169764135518901
0.195411978639384 -0.530319737246744 -0.824969778168137
0.550698349330881 0.265585257658381 -0.791325343306263
0.559057626716108 0.369147885296119 -0.742417947514711
-0.824176992453441 -0.441931425697534 0.354159427505954
0.30703826846102 -0.004592387458301 0.95168608883281
-0.186412676289441 -0.976709944512746 -0.106244992392665
0.322513845864448 -0.807169845101192 0.494430642643678
-0.802113565397976 0.0247300616729095 -0.596659242997376
-0.403771183235377 0.0660390646465728 -0.912473382367568
-0.676876495857978 -0.699532257584467 0.229113137890002
0.504238331496393 -0.533557572402452 0.679014007205843
0.370482136786049 0.791400373953541 0.486239071269101
0.260013156683167 0.361570764236402 -0.895354533579385
-0.664470066940026 -0.621112192062434 0.415570902508965
0.580395325239287 0.774229661120341 -0.252407801547146
0.806845773115241 -0.423863142448931 0.411509337536084
0.0621341980746365 -0.621969765990305 0.78057219501055
-0.0299934653277139 -0.52248032943616 -0.852123639731886
-0.197150863016617 0.0620765220649095 -0.978405868042566
-0.797923540067596 -0.466397973494911 -0.381825816997535
-0.166730760087764 0.922114372902579 -0.34915030706995
0.656271331023419 -0.420808764385678 -0.626281026291671
-0.298718757912756 0.401397236941941 0.86582178411405
0.0638693262460221 -0.823120265362704 -0.564263890315614
-0.366771477705964 -0.40201187582565 0.83896670663175
0.433619282207292 -0.12825559688541 -0.891921980873664
-0.058502659040575 0.924123570663783 -0.377588486356247
-0.938096469772361 0.335239900456997 0.0871161439815622
0.232564532239817 -0.543675666241544 0.80643072131516
0.0567486942241186 0.386394526864476 -0.920586147686915
-0.533635776948911 0.713749235095127 0.453646213432068
-0.14926903762449 -0.988796109416903 -0.00100419552557767
-0.929985950637537 -0.227894350931938 0.288427281008764
-0.283094722174876 -0.772908849646855 0.567863793892783
0.584910964874501 -0.0760679709541406 0.807522647957629
-0.0727793352111876 -0.913376260405306 -0.400558329453072
0.0941153659985452 -0.953977942787417 -0.284725099978994
0.00671252359079569 -0.759001375475908 -0.651054417120968
-0.239945728124016 -0.646475232696186 0.72422083722125
0.510467133782949 -0.84830183825936 0.140738397508327
0.466677319330113 0.755276017559058 -0.460185198504895
-0.293386305651926 -0.62180734814123 -0.726140549379723
0.722647100145872 0.281722388189089 0.631200177949752
-0.619299542968934 -0.766299863141458 -0.171033902568622
0.599495633526661 -0.48537259750933 0.636410580497774
-0.76279297752663 -0.247743188901891 0.597302424060694
-0.435638311088864 -0.109239255409851 0.893468548405115
-0.373606300246028 0.719645096796887 0.585259999549494
0.906239482999195 0.193821334333826 0.375717034229761
0.632138310076796 -0.677937150833826 0.375236427406199
0.408503653515421 0.575700602930065 0.708303311336685
-0.255450693004198 0.748433751336205 0.612039102757732
0.964135506938694 -0.225017181712764 -0.140747974032
-0.131556311662052 -0.093059691309939 0.986931016188657
0.196813571130299 -0.689342555740024 -0.697188108809058
0.416755971319893 0.891279283015153 -0.178705623966362
-0.756032034158657 -0.561624132843916 -0.336145648095054
0.123054285717309 -0.0220432928187442 -0.992155096750659
-0.467668502979774 0.80789006545458 -0.358608161452651
0.495011580306965 -0.83265080243046 0.248306618063054
0.765838113021145 -0.376225463204513 0.521484789309106
0.0655058564157581 0.993641966393049 0.0915676001530776
0.148084529085239 0.497910593257776 0.854491669571619
-0.345417605487942 -0.180429318700527 0.920940790046917
0.295693880453435 0.347202220043001 0.889952665853416
0.85423820730643 -0.200622967307507 0.479611832805059
0.76496611905916 -0.528377045683871 0.368299517086231
-0.366064911443815 0.570801567537217 0.734970782485051
-0.328301898166523 0.941658228908426 -0.0741460962512804
0.36536030703024 0.875887521461026 0.315171216635704
-0.588654656975412 0.369476687024535 0.719008117177083
-0.76877678793926 -0.445944295020342 0.45838404865855
-0.230153961817084 -0.968408377671376 0.0959914991850481
-0.868102146707465 0.179108242554956 0.462945893524033
-0.336900398523931 -0.0612780965595161 0.939544100272286
-0.532233096342438 -0.660345418304439 -0.529784729566714
0.0098209531787976 -0.311398752450335 -0.950228586104962
-0.398018796956123 -0.292142805134706 -0.869616937897156
-0.861075382176198 0.0638833233335607 0.504448319662158
0.190235786331402 0.898129365622791 -0.396451747637561
0.292675267233383 -0.612561458064673 0.734240865141372
0.0633637037835586 0.423989101806135 0.903447996617656
0.621273336610969 0.513513618840185 -0.591881072920845
0.996203732043464 0.0836059360540211 -0.024252251837812
0.214317931062143 -0.940615954688662 -0.263266880200262
-0.959481158428767 -0.281011613126783 -0.0206973406039292
0.493359440634701 -0.869257238083087 0.0314374995312768
-0.132893494970811 -0.662589857922155 0.737098364652332
0.86845018283252 0.430201836599299 -0.246415623946116
-0.859406945009103 0.293980970906937 0.418323907534265
-0.0667025311763107 -0.915513756978857 0.396718203662412
0.498169448270021 -0.687614182675507 0.528217698107359
0.354587323143379 0.604690582362441 -0.713173982887896
-0.870248307772652 0.418900715774543 0.259210480386908
0.834717719909889 -0.315813716411523 0.451118636940193
-0.704670379982713 0.684386003788735 0.187231016108725
-0.117396796447245 -0.865179030747457 0.487527678125884
0.164006621376385 0.553716887067752 -0.816394167740499
0.406023932824213 -0.359936976287225 -0.839994011332919
-0.494448252154382 -0.232951127323901 -0.837409516437448
0.332684223435839 -0.172858102524648 -0.927060561057621
0.664111700410405 -0.747629024238097 0.00254784120201649
0.870909760982039 -0.357536938282126 0.337169877050206
-0.311715796311365 -0.111625468727945 -0.943595791142181
-0.733572615562086 -0.164915262765277 -0.659298243441054
-0.530297378797742 0.582573091962863 0.615949090884202
0.199646624441142 -0.948332977946374 0.24658829714449
0.530944749356618 0.582827871637368 -0.615149855867084
0.882835527237486 0.46594911872788 0.0591003435186461
0.678850185650206 -0.561607368608908 -0.473032333954942
0.505765085921819 -0.31244277011312 -0.804102725568403
-0.870869409483634 -0.141428621271458 0.470727539783771
-0.311192248187927 -0.228272569553111 -0.922524264535824
-0.966048383883211 0.183618492460036 -0.181754695189259
0.738623936580904 0.0408523531059738 0.672878715338384
-0.0280674294116692 0.538651246365818 -0.842061193853969
0.135819531922217 -0.512117922939274 0.848108653270791
0.226913165283861 -0.212454391827698 -0.950459650281895
0.577950161245167 -0.738754871051189 -0.346720134423755
-0.2477996878428 0.871074243657277 -0.424057751658796
-0.727838830025873 0.682421332631207 0.067466749413439
-0.188733931918768 0.817399277083049 0.544277433637103
-0.572829180243857 0.818469889732169 0.0444271298078202
0.54091232908786 -0.423953804574462 0.726413810322729
0.135253723684559 0.943336365663341 -0.30302298831366
-0.445220732207779 -0.229170318928608 0.86559774984373
-0.718960951108863 -0.622381855296844 0.309412309027772
0.574857209037602 -0.19642892869739 0.794326674100961
0.423111862311614 0.711294318740254 0.56128134130669
0.38673686579854 0.921812409922046 0.0263908610324278
-0.0994182268861426 -0.221821041466954 -0.970005897778633
0.801157808178359 0.100144609097548 0.590014596144491
0.116302843962291 -0.245818187184712 -0.962313393513519
-0.908998235245624 0.130174489110997 -0.395950515475144
-0.528212625853341 -0.160175490635587 0.833867635832431
-0.848313874326785 0.523298019933949 0.0807635620678559
-0.792961676666499 0.381801115837701 0.474804893912586
0.414919004853197 -0.899350708433626 0.13787865190655
-0.0835367522631375 0.96495213698335 -0.248774967294931
-0.979038291666795 -0.194432293255433 0.0606638837332144
-0.226786012825531 0.0993939662055337 0.968859609989307
0.103181129279722 0.974314566061114 0.200161886785931
0.360163972498863 -0.833404435352528 -0.419188454097406
-0.329475547944398 0.285912474788521 0.89983327348295
-0.736276671693199 0.0843741552844283 -0.671399780041984
0.687059980479596 -0.432704884587968 0.583708031533823
0.24222833555882 0.711835271155259 0.659254108968403
0.250740094205738 -0.44609471091731 0.859144291751566
0.97148278882974 -0.235462161850054 -0.0279062957858859
-0.086729498706967 0.52349521147377 0.847602948094254
0.897615653228613 -0.311392138197634 -0.311963259611892
-0.0243642045624713 -0.954625774464672 -0.296809730743053
-0.763299355361857 -0.0652291305519527 0.642743537214968
-0.48073117691811 0.247779872638744 -0.841131779362816
0.330808765500528 -0.05824409556671 -0.941898713238123
-0.764154988803547 -0.612798630549621 0.201357869186084
0.473279464651716 0.621405460843557 0.624389142740961
-0.285202694055839 0.232599518389827 -0.929815512533595
-0.425957500316912 0.761460529108036 0.488608299698519
-0.574365797754377 -0.562549243184745 -0.594678299051049
-0.763573736781038 0.487498397278486 0.423438851723775
0.659668412104326 0.750685111991368 -0.0361863055072552
-0.355942317520208 -0.804736895630011 0.475082724807076
-0.889048476289194 0.397641386060516 -0.226879119576336
0.939217258782318 0.222578883890995 0.261399275536998
0.169442354030657 -0.913676847163058 -0.369437285095486
-0.493336155453686 0.130672731362385 -0.859967484850718
0.421453595184572 0.896548719664795 0.136298423957934
-0.461825214449384 -0.335776397338458 0.820957783499972
0.994392555500362 -0.0121393945109828 -0.105052751826716
0.863208100179103 0.403535023352598 0.303366545144653
-0.698643203593958 -0.691227130877429 -0.184669238399168
0.443696144505321 -0.469198082885529 0.76353578198252
0.799094780492123 0.59426253862874 -0.091101959214783
-0.85615687843517 0.0887480456270318 -0.509037507366135
0.186909443751976 0.395754427435336 0.899134746854806
0.824876743742832 0.502017165589458 0.259917531316665
-0.400313906467441 0.464197281256918 0.790107372679475
-0.701393027351456 -0.651843209648202 -0.288354384773823
-0.64513500774061 -0.289309904403554 0.707177913259125
-0.185957818737121 0.176433488435036 -0.966587251006952
-0.0132164362082544 -0.954327297501083 0.298470660297177
0.892946690613455 -0.248899256835184 0.375093811824951
0.569704598954003 0.2927338940942 0.767947613564301
0.307652554349124 0.857399400614047 0.412572628308197
-0.754552969017213 -0.43347179654267 -0.492698709709473
0.615084245217589 -0.752759375674623 -0.234573429055939
-0.581642806578488 -0.695449802146384 -0.421949307678132
0.247010230094724 0.828413761237504 0.502709246404802
0.704973342723794 0.334240273250578 -0.625536590285668
0.922436166842541 0.322915737902645 -0.21174735964264
0.458385059264154 0.885907214692085 -0.0710742175469379
0.588823827659908 0.0466777548476699 0.806912440839969
-0.0978470681691333 -0.112341676025483 -0.988840380991033
0.949401257874398 0.108393781040256 0.294767772625007
0.173722506940062 0.658374391494462 0.732368521447199
0.269350361400662 -0.341907517945311 0.900305299321186
0.947634665178344 0.303943550323942 -0.0980145885509192
-0.00505046205812323 -0.873405041456189 -0.486968301218788
-0.529238691212401 0.0790425808030937 0.844783213696728
0.397504447509316 0.730012097858765 -0.555942938789727
-0.926567474513246 -0.362296076408073 -0.101065662781484
-0.647865242717856 0.539457072827551 -0.537825895485205
0.527348256102057 -0.19228742974626 -0.827604592270788
-0.253622038847544 0.955024286247413 0.153637476184795
0.780912901915042 0.327011176930481 0.53220177544346
0.99953470180107 -0.0280527980626535 0.0119758263306615
-0.665693186487652 -0.106323885839884 -0.738612085443925
0.502787129260575 0.110348619799099 0.85733790582147
0.749733942760355 0.537516557086635 -0.385972752834631
-0.514404631276156 0.811668462732048 0.276734858534006
0.256511200046213 -0.604645854415946 -0.754059278166155
-0.204759331710638 -0.0527281333605585 -0.977391098808314
0.126948339075272 0.857833353025991 0.498002065901554
-0.240753014361649 -0.134550665887419 0.961214910613143
0.452554099482366 0.856049312482932 0.249748596871343
-0.427137362916833 0.62960487961852 0.648961762171703
-0.688648086807372 -0.0749959074593953 0.721206923428283
-0.0924970247955271 -8.03433512782527e-05 -0.995712957608226
-0.714817171354444 0.320170486028272 -0.621713174553388
0.595749353404698 0.801125291465725 0.05727979828737
-0.626253906169975 0.526437757557453 0.575038548642374
0.0475077434472701 -0.920240758590031 -0.388458441203423
-0.475355675296471 -0.353496124139143 -0.805653444219063
-0.70353630600411 0.0402832871716296 0.70951668261482
0.497085303073969 -0.420567016693629 -0.758966129637734
-0.421070771144765 -0.825740235589004 0.375303169473653
0.716540731899613 -0.622328336556506 0.315082244894219
-0.171603861437215 0.289560565573827 -0.941651099720275
0.103104290014869 0.595662217309433 0.796590251164637
-0.367633617340356 -0.885188027653588 0.285109942127585
0.9600158164659 0.115587211029789 -0.254969074167175
0.371678299308434 0.502620742970655 -0.780530352106065
0.017103222892937 -0.990846630002357 0.133904576395459
-0.430494354106751 0.242380201270952 0.869440307964879
-0.810443350118542 0.269716837767723 0.520033079402853
-0.673670859405496 0.310204395631726 0.670776271284708
-0.154490657829481 0.401102984395454 -0.902911420103032
-0.39824888388833 0.875350866896734 -0.274150845894803
-0.250090809928912 -0.250079535743245 0.935368810999995
0.239105095509745 0.841069943177083 -0.485211401334897
-0.797058697899081 0.148599145120337 -0.585333858727587
0.391702662807387 -0.728698576768001 0.561753867958105
-0.316782222810727 0.667265912845128 0.674095857327468
0.716322761809369 0.182580464648659 -0.673458294805609
0.0820676822539512 -0.828562145181119 0.553849859711391
-0.554714282670215 0.590647640591832 -0.586026816165413
0.723392576127908 -0.585489303685726 -0.365930944404314
-0.446314092666541 -0.468488707148587 -0.76244479273026
0.96648193494364 -0.24118245594039 0.0879982521085506
-0.163621079695392 -0.802662773125143 0.573550882588781
-0.988995471631392 0.138207807134554 -0.0527878692471932
-0.206976847012318 0.824079021791759 -0.527308591475216
-0.368622568923535 0.92140394777204 0.123012872132611
-0.975737287110013 -0.00186597387983896 0.218936668204924
0.568797044308341 -0.760146866597383 0.314080664142631
0.299447974296385 -0.500745050572154 -0.812148573240933
0.912075516601249 -0.198012773268957 -0.359039264759305
0.0610646848023419 0.600915138474292 -0.79697685074437
0.99002118769391 -0.124521275944959 -0.0659734776571506
0.939340384018448 -0.169233868897814 0.298327907796024
-0.374223916368774 -0.410552172243943 -0.831506689259562
0.701154297362944 0.39340030071125 0.59465860347747
0.18303597016144 -0.435339192836263 -0.88146334059207
0.522931667333333 0.839992392114261 0.144759291550291
-0.703304080882162 -0.436933076554466 0.560760961932218
0.976911473052255 0.0331254780321469 0.211060836073428
0.717049571195911 0.686505792735224 -0.12062217453164
0.393137112905507 -0.182367157117253 0.901213310188711
0.849715160017604 0.259947749945609 0.458706130474046
-0.832321812716275 0.467272880464994 -0.298155085917784
0.546133083011362 0.481800366569716 -0.685278820928965
0.6593030099346 -0.706532424981936 0.257160404301132
0.0149763357866408 -0.981732573658216 -0.189675678949154
0.560212146907581 -0.312818738558163 0.767011595260515
-0.788033154603427 0.564400618716267 -0.245877385780935
0.26648887892922 0.461488425276896 0.846174988251542
0.361892846470981 -0.847354356431719 0.388618273257084
0.428716395208303 0.818073054315272 0.383351966582774
0.912777822079241 -0.0829118247803335 -0.399952843260143
-0.0433095594367796 0.440355127985745 -0.896778480628327
0.536798446157326 -0.728958008745194 0.424814841653775
-0.989587100333867 0.0593801993940089 -0.13111583723081
0.355363341329756 0.295761962779034 -0.886702744448242
-0.473095987845679 0.792250673947427 0.38538170158191
0.109220662210819 0.988573576439848 -0.103889994278364
0.584996729095195 -0.624661340210083 -0.517278490752192
0.983532161618808 0.170877037959594 0.0588687095118534
-0.911507420516754 -0.0842006462160552 -0.40257232085638
0.432073988610368 0.644481916989634 -0.630836846609085
-0.268613113169498 -0.559730936275624 0.783931294444484
0.469258241175625 -0.528840956405245 -0.707194418754238
0.802860078041885 -0.50650183222351 -0.314438529828654
-0.738422888274519 0.352274442116567 0.575008135163129
0.85977105306692 0.149974678580662 0.488161174298844
-0.205972675412716 0.977855473976717 -0.0370665482220536
-0.221964860159775 -0.952044124370298 -0.210579168262783
-0.566206331501855 0.479020417130871 0.670782997801061
0.304604558730131 0.933364011427182 -0.18986227896394
-0.477224479672965 -0.836152834162462 0.270379795700327
0.835690268139606 0.346485340554673 -0.426109944166368
0.133518945686031 -0.974898731343963 -0.17817170024115
0.685851731362511 0.724056775967373 0.0731381416415491
0.747527234072146 0.664145801250278 -0.0106484272112243
0.501164237712513 -0.0109499028294626 0.865282905451194
-0.186653604455354 -0.961749304213775 0.20049615404826
-0.116783001060835 0.352271761070562 0.928582972606902
-0.0125783099821936 0.0740487401722293 0.997175295621035
-0.849173600165945 0.498420120548063 -0.174589748307458
0.812512976269494 -0.152755783352052 -0.56257295886506
-0.480015811413188 -0.744073766971535 -0.46469242526442
-0.829140108228373 -0.365613091043856 -0.422911040981906
-0.504470705086447 -0.674274899276802 0.539316852986111
-0.0206181484721297 0.610886483682942 0.791449680022092
-0.563712583929363 -0.824242428938611 0.053409185137575
-0.592330841577124 0.781262864030106 -0.19690736757169
0.527874959973153 0.770037942934405 -0.358314935600922
-0.854777109704118 0.516906877436687 -0.0465120713850566
0.277992017578311 -0.755512961794725 0.593228963152426
-0.255161552491674 -0.914421478255311 -0.314206846258018
-0.289307125322243 0.893302044375239 0.343966342470887
-0.858147587138795 -0.0364669005311938 -0.512106320849013
0.297965975113176 -0.119706550727966 0.947040980838563
-0.934103825891477 0.320656876518009 -0.156936961856088
0.666895287668215 -0.0186222511778824 0.744918711704168
0.797918352882164 -0.60265568099803 -0.0115079231234219
-0.789312356306978 0.262555920655438 -0.555022875843781
0.758255948145232 -0.600607747492084 -0.253610431084489
0.951303204910891 -0.0984348504783731 -0.292117771690749
-0.30791784089103 -0.756276660666425 -0.577262692188095
0.630155217060732 0.41080975169973 -0.658892821572332
0.483150459298633 -0.677327477013445 -0.554791062078438
0.15329681155709 0.322696151730691 -0.934006039179958
0.732259970675647 -0.483731298206587 0.479373931791739
0.922105413705524 0.129794509080476 -0.364520220876049
-0.4940394454247 -0.868662820369141 -0.03674140542746
0.638976048752107 0.346481362090351 0.686775272447371
-0.670522784029394 0.730569972139095 -0.129099620085239
0.127845158652734 -0.981482730009398 0.142643843548739
0.0157353947748812 0.689722431797321 -0.723902869469978
-0.773445614479483 -0.59647017288627 -0.214488261449145
-0.348069228505119 -0.933849757630781 0.082294850025882
-0.226089517135977 0.695465566463967 -0.682063909105426
0.601536659966236 0.607725746755664 -0.518481497690068
-0.804522006641373 -0.147821626105793 0.575233089873295
0.890251743088314 0.300553103729445 0.342227505859503
0.689784916949307 0.532392849922017 -0.490667526642176
0.714310484135796 -0.460122881628921 -0.52730206338984
0.0261458007618334 0.999468224965712 -0.0194849784811662
-0.361114065660975 0.405017728977226 -0.839974565564894
0.285955130429895 -0.904301815339406 0.316966701965171
0.141008874356392 0.941358392663437 0.306530380084673
0.904343839651962 -0.0253800945832552 0.426049375639128
0.269237461920706 0.963033068513615 0.00885991240065431
0.939715046889909 -0.340528884476132 0.0312363487965123
-0.475630634004645 0.875132999395244 0.0889816462301255
-0.0651521206144064 -0.976294476284254 0.206408083069194
0.310188029964757 -0.796443204833074 -0.519096915365334
0.360348879093912 0.670848594159448 0.648159586097477
-0.548939669049587 0.819770797217991 0.163220953839602
0.668344490635566 0.631245523554844 0.393503152247929
0.0836527391558433 -0.112964841786465 0.990071292257221
-0.620082146005618 0.132478830065799 0.773270645886332
0.13653956315698 -0.617421623919549 -0.774691865201545
-0.596746188729705 0.639268186546898 -0.485005331832148
0.603138120149068 0.0862781935695856 -0.792956796639904
-0.840883477929173 -0.0457008274135897 0.539283238122095
-0.464253745517455 0.360915831699633 -0.808831392937722
0.331593242921627 -0.9135676789319 -0.235457039095669
0.0737803250413867 -0.694322846345123 -0.715871670538787
0.118815344545885 -0.874525597793325 -0.470199843369466
0.524217274654771 0.835920233422503 -0.162584169919438
0.945988320670355 -0.013921389937482 0.323901670353042
0.0898559091026061 0.749103459480547 -0.656330650353631
0.524682716693382 0.773358165409968 0.355844340684212
-0.899558644949023 -0.0309844666639423 0.435699675376318
0.324973169345623 -0.923040308519604 0.205885958854642
0.253689916242733 0.921065567740785 -0.295431288659648
-0.717168579927905 -0.534810245008791 -0.446819012350448
0.0431029817090355 0.820855489549212 -0.569507153813465
-0.611532648011489 -0.457650717724111 -0.645432909745593
-0.686096007503502 0.585767987059905 -0.431448877416018
0.738612672675544 -0.671558139483494 0.0588301373154786
0.048296040744467 0.681220275629469 0.730483694903397
-0.513382267627961 -0.519088072564286 -0.683363900280566
-0.830722417396348 -0.246621637766627 0.499077181426354
0.308039736734857 0.868542169219445 -0.388260248905164
