# command_history: dirgen -cart 0075 dir0075.txt -force  (version=3.0_RC3-1000-g3151ed7a-dirty)
-0.366798306494749 -0.857329100924402 0.361172832672588
0.569179709940033 0.816648071248018 -0.0955007095233996
0.26434423924059 0.853829211652907 0.448439294117374
-0.874530996102955 0.460783316192193 0.151242429146381
-0.212393461754363 -0.560884842215794 0.800185735424321
-0.831141986168432 0.381466931658515 -0.404581238911337
-0.557859070336787 -0.496740876196917 -0.664862210956597
0.856812808242038 0.231885209911758 -0.460544309547488
-0.789855598894877 -0.607428214099537 0.0846114508223441
-0.422208708469647 0.230362647631278 0.876739902746932
-0.238672372804202 0.670896670704627 0.702091985210955
0.282888210002378 -0.950465539713128 -0.128800304578375
0.022008114371263 -0.999698831498487 0.0108576794196727
-0.284530657083791 0.848191893004161 0.446780502955851
0.269216824161009 -0.231731505229523 0.934784900965308
-0.0557478943768525 -0.277349081274225 -0.959150488395273
0.891366149089331 -0.268917621656336 -0.364896836133662
-0.896829143601147 -0.420263366332768 -0.138116581576157
0.883541160037077 -0.448975662824372 0.133326189144337
-0.702516699104598 0.663618763570573 -0.257061129142943
-0.840229970129201 0.0504550631687436 0.539877656416082
0.303985706988353 0.418323078437776 0.855919676133884
0.199992711691923 0.962910375877208 0.181125711311581
0.938818161581118 0.313976871417035 -0.141559117334847
0.879288575160568 -0.0562677971024455 0.47295405337235
-0.424884885727401 -0.660672897692398 0.618857137096393
-0.52346156744515 0.815974458360013 0.245303221976292
-0.718207775505913 0.39462019724131 0.573107748274334
-0.233882647696157 -0.218944269200713 0.947292095444062
0.650822971473703 0.460684786180084 -0.603489011983109
-0.497429003334438 0.410919079200485 -0.76400909483509
-0.0095035880963297 -0.386801739385116 0.922113928005615
0.157783031269462 -0.861291520913598 0.482992164580091
0.720905715320277 -0.596567077312051 -0.352707629469392
0.76426035506737 0.502802862983578 0.403850703413793
-0.234941407304402 0.51097851691176 -0.826863646793403
-0.71541589141547 0.269838581286734 -0.644489908655962
-0.160999671927118 -0.810103051712291 0.563748304871769
0.802305272035302 0.486658406650874 -0.345644102655307
-0.536126144239821 -0.71107465150257 -0.45490833961694
-0.68478882091865 -0.175884686838877 0.707197884386283
-0.609947998364348 -0.699073397937506 0.373175325534037
0.71971484326981 -0.693058150010466 -0.0409993302528649
0.966153964403631 0.032555652409851 -0.2559035884143
0.295651581921703 0.950747364040607 -0.0931106431995382
-0.304470097950754 -0.669597589409375 -0.677448911513638
-0.626142420355799 0.570913651187892 -0.531039802951051
0.472809573661292 0.0685712568610144 -0.878492509806844
-0.29696627099592 -0.100677131235197 -0.949565768726437
0.194155190197075 -0.42532891929636 -0.883967800618172
0.764158861271817 0.28090302417225 0.580650261130264
0.44961643002721 0.381051805438915 -0.807864213479796
-0.920499028486274 -0.200175605332202 -0.335576020576133
0.3652754532842 -0.689610003934384 0.625309431962801
-0.0484736421685478 -0.580494493737963 -0.812820059271928
0.66011918134829 -0.15111838151681 -0.735802895607107
0.472056391450975 0.860886292862638 0.189835597429747
-0.715702592310331 -0.0267230464664985 -0.697893744167277
-0.510992284681122 0.102768364389805 -0.853419913217996
-0.00962349912514877 -0.801455593686181 -0.597976855416428
0.0460443775349475 -0.693618767263052 0.718869196027972
-0.191442555138605 0.0964089961683187 0.976757417959966
0.992532624459033 0.104483857612293 0.0629453166082944
-0.508468424693074 0.677045081913363 0.532043060425631
-0.532154882254558 -0.232455412004017 -0.814110350457897
0.481310350497657 -0.474510841641393 -0.737007332167462
0.0645624067166666 0.951290741308612 -0.301459153351599
0.705630724272177 0.684727963873681 0.182298920601647
0.0445503876481124 -0.943792935321609 -0.327521233200879
-0.502904636138949 0.861374379064717 -0.0715619035578534
0.243507051872419 -0.948741159151041 0.201480839339979
0.459942126702644 -0.807474086950382 0.369376283737731
-0.979666978500008 0.189628798555829 0.0655250333455753
-0.0427316250860062 0.063692645357252 -0.997054288965703
-0.963008576559294 0.152483881080892 -0.222178188586889
