# command_history: dirgen -cart 0098 dir0098.txt -force  (version=3.0_RC3-1000-g3151ed7a-dirty)
0.960363809241321 -0.113533012850127 0.254581242224704
0.225705453881682 0.962863700251744 0.148157155836577
-0.532608370564575 0.124832879629714 0.837105176048925
0.873597692513187 -0.253247221618193 -0.415563372277083
-0.58917073828937 0.407041325415323 -0.697993696638943
0.878579040342427 0.333918021882371 0.341463943240196
-0.719721785590395 0.430037195143661 0.545039963800404
0.929050431801454 0.183324559351302 -0.321336896587029
0.714895471181128 0.474780279198011 0.513330450849521
-0.0980011121471592 0.87936269311631 -0.465958191228731
-0.0237460454192787 -0.966804608271247 0.254411035044526
0.762228370368656 -0.217486586380213 0.609678190646365
0.232209140268542 -0.944675964250492 0.231659745625235
-0.402506124200551 -0.362383600307876 -0.840634847129806
0.275141484863358 -0.532846023551959 -0.800232640231609
0.610607367073595 0.780497550749396 -0.134097787266035
-0.347437518722002 0.787451066091836 0.509124728426277
-0.472445899077239 0.859296249066692 -0.195971499930506
-0.0060951094747894 0.999960026665923 -0.00654176664044107
0.0657188930175598 0.766349942692165 -0.639053043523198
-0.789290256094334 -0.613970165663155 0.00784393460569358
-0.00227465930320835 -0.574795719207707 -0.818293777995134
-0.419700108536802 -0.859176602285483 0.292689912671019
-0.845126303597602 0.533869058760184 0.0273012649151992
0.10499372984389 -0.346368839694525 -0.932204346472455
0.0825753424531129 -0.874138991454874 -0.478604572102072
-0.696421442242754 0.6968824757002 0.171324224342276
0.811735283825907 0.217967989058811 0.541826341864007
0.369601471669423 -0.819317963321086 0.438306772842018
-0.582025763487873 -0.312023172909327 0.750924463713865
-0.108512617427876 -0.760462310662982 -0.640251580177722
-0.0768591804825111 0.125166072372034 -0.989154245152148
0.657693299678481 0.499271548032109 -0.564063334106777
0.205219975707115 0.591052609719324 -0.78009074735876
-0.627272444733938 -0.307309139093043 -0.715604900142112
-0.329730306681494 0.0885043469876549 -0.939917499262577
-0.269593139923999 0.922731494066088 0.275474370431233
0.248581724304699 0.960146325786116 -0.12777386047672
-0.916554391565115 -0.387977814741832 -0.0969601081417246
-0.898602693799181 -0.411347497587365 0.152664452068803
0.882461806402213 -0.0135423782188574 0.470189072856358
0.866459408317408 -0.308993242995831 0.392136799498807
0.73596182537488 0.617107360005915 -0.278457712799277
-0.82264379571689 -0.408603886333173 0.395348010545058
0.246513021531529 0.148175037972317 0.957745001729217
0.965121225024837 -0.0587025953701609 -0.255137269530278
0.498869997737704 -0.864861518359083 -0.0560649571372831
-0.268068853659895 0.0835908511645273 0.959766460811723
-0.364581688908565 -0.747931172087559 -0.554688339459474
-0.984192919884299 -0.168016400494475 0.0559891562224087
0.452187773922056 0.550255168538181 -0.701958308314984
0.589631779548168 0.688380151730326 0.422453703085431
-0.331330617820998 0.543723083382659 -0.771093528886873
0.68524571874548 -0.721988401621231 0.0957656142120468
0.180678026011882 0.152702705819384 -0.971615836919041
-0.580275646466631 0.141543533216699 -0.802025936190511
0.77874912183795 0.570246867774753 0.261473354339798
0.631474611798723 0.759922286287281 0.154136087460284
0.009208505503192 -0.114491211072915 -0.993381581273508
0.498633961357713 -0.81179172062222 -0.303905207112235
0.860319988942423 -0.00266848835894776 -0.509747384295385
-0.404882552713672 0.317071795926292 -0.857633718283124
-0.193466110042008 -0.884752089577408 0.424010146404098
0.443633714467743 0.118044687487806 -0.888400010774121
-0.268470581486233 -0.586279978189631 -0.764329336117887
-0.335864611231441 -0.744132292507389 0.577461768578709
-0.0630511495315373 0.589190289944823 -0.805530480352847
0.500398157614015 0.112283148722682 0.858483650612765
-0.934754379603292 0.335265740597183 -0.117605837415867
0.163294707230445 -0.359377711935568 0.918794045885409
0.261491986085277 -0.964944317584849 -0.0224589664474276
-0.627308281969373 0.641871569636548 0.441004770342621
-0.96719757202097 -0.133535771868238 -0.216095012224473
-0.677535613055446 -0.0612014985589944 0.732939199126172
-0.939897577653328 0.3060994816105 0.151313088922236
0.716749013084611 0.0410216461893292 0.696123607404715
0.150517159977387 0.378727462014254 0.913186779398707
-0.447304571721706 -0.894077803252158 -0.0233131261021951
0.219071279587415 -0.734898544774004 0.641819213913843
0.781058461249274 0.237328909292349 -0.57760078681129
0.423048156932133 0.854732398354864 0.300770317882045
-0.555656438925254 0.383261369767288 0.737805288897422
-0.996540006546352 0.0830863962667301 -0.00216011759042007
-0.807295037313245 0.536367232901326 -0.246140029656255
-0.343731998021551 -0.36220134857733 0.8664055035749
0.0193141048158041 -0.969552173054615 -0.244121996305613
-0.554492848023471 -0.704283381726982 0.443308695734729
-0.162529622953063 0.720698016213634 0.673927660130126
-0.468587156441718 0.605378712088561 0.64338378264288
0.714734488803369 -0.493562585812983 0.495530608944179
-0.355452269444044 0.308691698996283 0.882248898620943
0.816870607945082 -0.49347712229496 -0.298668276934323
0.509947340933396 0.550027394581845 0.661380053134706
-0.615200598969522 0.701916846093253 -0.358944235499112
-0.733681675619229 0.187156648519379 0.653210217139593
0.493706292010164 -0.639323661746002 0.589507720696903
-0.18395757526745 -0.891552908447486 -0.413875611676441
0.0878160402079319 0.387452819360137 -0.917697475125698
