# command_history: dirgen -cart 0170 dir0170.txt -force  (version=3.0_RC3-1000-g3151ed7a-dirty)
-0.0933914961256229 -0.571901547785115 0.814988741083217
-0.376300962853169 0.724135057513809 -0.577949828129787
-0.263734407041857 0.50721275351749 0.820475097252492
0.298884098854768 0.954253367023269 0.00829499707821242
0.674832893868453 -0.0480892811000554 0.736402054856183
-0.567321659907999 0.224233860838628 0.792379523872643
-0.473491065698519 -0.482021365568809 0.737198490122478
0.399169033750244 0.343188684353131 -0.850226798817153
0.000922396876154035 -0.761568742515306 -0.648083481974088
-0.0705560499756567 -0.608338938603716 -0.790534995803688
0.918860018463873 0.300667024083017 0.255530051261363
-0.156350830070501 0.938535304018243 0.307743238833364
0.16323984178923 0.240590526953259 0.956801417428392
-0.951365689661498 -0.290526138390228 0.10245919893775
-0.512042921483936 0.37331499623157 -0.773594183113355
0.672339303141766 0.738799401192218 0.0462093740367073
0.039938578320274 -0.304679251455951 -0.951617288458967
-0.2065068409071 0.155228653803744 0.966053305825743
-0.800938202558385 -0.523084212856484 0.291343271662237
-0.260049236179284 -0.541015773387792 -0.799797679234055
0.208118956581473 -0.374577866721717 0.903536342198612
-0.339567035852202 0.478055396850255 -0.810035348429249
0.447815454259791 -0.887886159672334 0.105448975283842
0.902094609791301 0.00957833136571908 -0.431431999918561
-0.350372649950657 -0.669424247730143 0.655065021747832
0.309700055843881 0.789746062978707 0.529515846240629
0.698482862508321 -0.0829469318546342 -0.710803416760278
-0.124619618602814 -0.232224506601127 0.964645908711146
0.706626873231042 -0.69617517547104 0.126564556988074
-0.0459323029048966 0.691985696086433 -0.720448485293451
-0.833979279774547 -0.491048899129857 -0.25169334431026
-0.381350201295285 0.271320800301561 -0.883717741869974
0.59388420393659 -0.640849741763448 -0.486428988441607
0.112090127380919 0.914953153535385 -0.387680964427432
0.208247122579653 0.959277084054105 -0.190841850614453
-0.0216448240339316 0.988522037608524 0.149518168644593
0.79046399844963 -0.561533251096741 0.244636618411365
0.0712400132561695 -0.483162836057746 -0.872627374292084
-0.947676467277993 -0.157214635679645 0.277836051828447
0.758830029534069 0.64204577300556 -0.109335317455143
-0.791363927234585 0.139935375978074 -0.595114463966159
0.892273719133477 -0.432139960543325 0.130777156435389
-0.178266924565486 0.949379582275136 -0.258649013848984
0.422175634186845 -0.402556952454227 -0.812228806389986
0.81184007690024 -0.552187942225057 -0.189747637666111
-0.0143717632896322 -0.422756223126996 0.90612947652493
-0.233319385274862 0.156776401024235 -0.959678709015079
0.877435556180802 -0.215306581242103 0.428660612633729
0.907134703840069 -0.197271331880628 -0.371740031079562
-0.994451953797838 0.0126646056031112 -0.104426621857556
-0.330459626583036 0.632346098076143 0.700667429988348
0.656178150839234 -0.670344621902061 0.346508762152108
0.0673065879345044 -0.25737697166207 0.963964168254545
0.0827020710875139 -0.901970364815185 0.423803997660473
-0.99313298930653 0.0976746962924235 0.0643934721478758
-0.665668399083409 0.683282379512145 0.300017953312718
-0.192928053722928 -0.713550930437139 -0.6735160248717
-0.563478798495656 0.793456660589535 -0.230039499677762
-0.595065605387683 -0.793320646814272 0.128605118960229
-0.172829161521372 0.784603181983807 -0.595422478370362
0.216960230601671 0.818117937445616 -0.532551686474656
0.218638031583892 -0.96865785183301 -0.117895620051722
0.362591436313392 -0.0144296695086403 -0.931836485092778
-0.127048578964073 0.544503638483919 -0.829080482378511
0.388938275351234 -0.0510036271670315 0.919850883558098
-0.609460810228732 -0.357825549805824 -0.707473248046524
-0.309606779482096 -0.183552683065469 0.932980200560651
-0.207047836078305 0.765865403092346 0.608753955158806
-0.625061688981847 0.458550039906628 -0.631688013079868
0.704818541958627 0.440226214104009 0.556265856697107
0.414439499226043 -0.72629804573518 -0.548389505955871
0.650712649798596 0.436661411947184 -0.621208385896699
-0.909514849835337 0.409498678861285 0.0713692506606772
0.931851320111501 -0.274789933205873 0.236946428154478
0.398297053178127 -0.209821241010599 -0.892935890336139
-0.122619903329332 -0.428332635812343 -0.895262817504199
0.755879102630398 -0.529390743929316 -0.385217110794198
-0.0454033070290319 -0.939829656252674 -0.338612989914457
-0.764914228580527 -0.256211316726465 -0.590983911876075
0.168071244882313 0.0345093777362213 -0.985170624557984
-0.429821269441718 -0.825936457080657 -0.364804941305024
0.600771211801797 0.707918809816425 0.371382430626836
-0.399407721601316 -0.772513268517655 0.493656481664544
0.49004911015105 0.699005447157525 0.5208101904574
-0.356365310653518 0.894631332762652 0.269515386948766
-0.27015745461292 0.959368715066539 -0.0814040433187827
-0.957913780791782 0.0940817905129916 -0.271200673419265
0.591644245140521 -0.806180750187621 0.00544841435892423
0.00447981101580717 -0.119689745032527 -0.992801237019431
0.53932887196521 -0.038294747367777 -0.841224036858655
-0.968159617661256 0.244839565628486 -0.0521588135684109
-0.740543772122958 -0.255611258057791 0.621496425029151
-0.259232891855341 0.64461311325557 -0.719216408321778
0.491343362398734 -0.784782524869537 -0.377754005784322
-0.864901164094688 -0.203395406491059 0.458885917158056
0.458661196519672 -0.566633445952508 0.68451182950708
-0.581119319276142 0.398853540515146 0.709377325534561
0.276255138628883 -0.85170909537119 0.445280490526058
0.373473976082209 0.907859695941294 0.190546481664517
0.238151829892577 -0.337640182236687 -0.910649665490519
0.709820996033373 -0.696899272750167 -0.10239900990966
-0.0133815856160283 -0.974214521391422 0.225226551446502
-0.719838893619344 0.52094490735534 -0.458746521222141
-0.955894469752635 -0.105561790592784 -0.274084788091523
-0.656877824132968 -0.11185320092044 0.745654333861334
-0.76635995883335 0.340446880693342 -0.544782832808744
0.952087440301703 -0.249450095482121 -0.176929804961494
0.796858414668892 0.0621698669189703 -0.60095887930761
0.87831259993574 0.184321595652763 0.441126428782203
0.531660690131034 0.0566326742637614 0.845061921266796
-0.793314453540536 -0.0610618156392555 -0.60574221618979
0.409679180377419 -0.908342794682899 -0.0841209635759545
-0.449048341310029 -0.463448629145067 -0.763918160086714
-0.874243491956423 -0.472390298626517 0.112007689626154
0.563774480144982 -0.634100681377354 0.529220805915669
0.492153166647672 0.260556759695119 0.83059944349599
0.916015323466028 0.393830270004449 0.076247266204444
0.214140354595306 0.394258459684561 -0.893702509508032
-0.353518053553752 -0.153752651595385 -0.922705320207353
-0.565233710625152 -0.553309888509191 -0.611848853599373
0.721069534626403 0.656609257302942 0.221185463938617
-0.680075101139653 0.475066329695603 0.558399354583652
-0.810697683470492 0.341413396571571 0.475611352531709
-0.658881152056451 -0.160204445846557 -0.734989906730536
0.873843049166637 -0.391103512944602 -0.28885354002599
-0.378398457624323 -0.635744854407862 -0.672787549945345
-0.818227773591863 0.57461960154972 -0.0177658109228013
0.966556911125645 -0.0436778921842811 -0.252705321055159
0.493755300880273 0.816069102335538 -0.300394612245128
-0.290173635128144 -0.541568738085974 0.788988316392888
-0.500926716060462 0.563275951830859 0.657109296255897
0.24343949069137 0.901030072350413 0.359001424916582
0.558855680539741 0.80460736761778 0.20071699555257
-0.675685573100161 -0.682721521428628 0.278101295362835
-0.976784093290802 -0.195714794748017 -0.08711230803283
0.159433783349933 0.706699751506298 -0.689315841938704
-0.176874598838932 -0.968242912529433 -0.176694761161977
0.307336588385774 0.885621835149404 -0.348164022475034
-0.36673500598586 0.887094706614592 -0.280300583090584
-0.12465388553125 0.645662130102665 0.753380264257865
0.58206683087232 0.302989080725351 -0.754583210361496
0.528483133202228 0.601443948426446 -0.599141681759801
0.28752815387491 -0.847786758779536 -0.445628962666673
-0.663072853407541 0.258960236218943 -0.702334668894688
-0.567654421793884 -0.697390586569597 0.43750980238386
0.842033072892624 -0.405957922983029 0.355216087645691
0.817969792226479 0.571556807767584 0.0651784818747683
-0.493189148533957 -0.869550303357824 -0.025430959452345
-0.717122236934347 0.273039425803975 0.641237217612105
-0.489830299479868 -0.152677140848722 0.858344900592834
-0.991261105372459 -0.0981953547252766 0.0880857155624458
-0.119469132120996 -0.849313725038524 -0.514191912549626
0.825192445863172 -0.136019245603817 -0.548230054006276
-0.827536893562341 -0.377325712626742 -0.415701811860271
-0.0301158864725276 0.0701011426403881 -0.997085183513668
-0.40150513560456 -0.902946577901446 0.153235451313434
-0.10624655895051 -0.994142113378659 0.0198274334745874
-0.5502411347896 0.812506165445201 0.19253161999783
0.477242401799813 -0.775762707029437 0.41283400090921
0.0820674187893206 -0.870141845837023 -0.48591985645433
-0.713320304150087 -0.564802355753173 -0.414936673027215
-0.0239197963804812 -0.820551239760416 0.571072242600497
0.795537374434342 0.385571371007052 -0.467391702684007
0.316877529859501 0.355783852669009 0.879207871467344
-0.198242673330615 -0.0427439810764787 -0.97922050353966
0.891824228043279 0.346146239326472 -0.291259896441563
-0.537021656788257 0.160767090941123 -0.82810728931143
0.0849413103653893 -0.995104226777841 0.0505227833980507
0.893765860001854 -0.0148091780724106 0.448289276851417
0.695485894639041 0.551667178662318 -0.460394064193806
