# command_history: dirgen -cart 0201 dir0201.txt -force  (version=3.0_RC3-1000-g3151ed7a-dirty)
-0.110295277975998 0.110846707174092 -0.987698313841255
-0.899490918634227 0.0370035963086468 -0.435369752227668
0.640953247885542 -0.761447255676398 -0.0968349670721103
0.987704319465653 -0.146309618207431 -0.0550787883752607
0.381505299164239 0.135898839145356 -0.914322269349571
0.95022618438998 -0.143610116948704 0.27648929962955
0.718460789316474 -0.155886048788912 -0.677874349719571
-0.460813101080494 0.0224040937673004 0.887214372322183
-0.75389637067105 -0.0236944111533049 0.656565942742324
0.050487337516431 0.814986836088694 -0.577275918216447
0.269725462662621 -0.762863188968679 0.58761205714993
-0.991158253314425 0.0559157847049093 -0.120327643987293
-0.171151670385814 0.976214574832975 -0.133087225562107
-0.551522215111708 0.738999923964258 0.386913890444755
0.944341010318096 -0.320432141081654 -0.0744533356756052
0.32234309526581 -0.349849422215279 -0.879602359427311
0.858497518582523 0.0479060645049656 -0.510575185032818
0.704452424989531 0.364368916241805 -0.609082977765052
0.239991900616249 -0.621530369403338 -0.745723734065069
0.877501439491738 0.477570341461281 0.0437926094961564
0.788249540126857 0.517958185331974 -0.332237837606444
-0.278625500218919 0.170188030166402 0.94520043642385
-0.191088643080071 0.479336203572432 0.856575702685166
0.888891123370863 0.362775794731388 -0.279761136596018
0.16527002584491 0.94163172881785 -0.293284002019765
0.692175056917709 -0.719050802290076 0.0621259551795022
-0.205010093377971 -0.806533442484702 -0.554503983544691
0.769151719073412 -0.307811072796741 -0.560051762348923
0.0587393431983021 0.893392694332198 0.445420232224006
0.194860371422068 0.858419752262441 -0.474494430499392
0.777880629609587 0.508111048794887 0.369763286672369
0.407022394369014 0.125143547704294 0.904804875622417
0.433627548401815 -0.226283540328581 0.872217237070786
0.690101434084904 0.524524893641492 -0.498631774583551
-0.313858243650018 -0.457255157121395 -0.832112206483485
0.0497814287434716 -0.591138647397007 -0.805032240910819
0.268401544680385 0.000343148236705841 -0.963307060631485
0.793270815148979 -0.439649002143166 -0.421224606056428
0.373941603984755 -0.500223708149259 -0.780989064337468
0.97816868137724 -0.0220979606962286 -0.206634244271805
0.536647552222453 -0.515244106797529 0.66823118387581
0.877213631299229 0.414776422988847 0.241778336489022
-0.964708120680576 0.240913549694397 -0.106296300342936
0.592478828672881 -0.782701962118095 0.190647517872368
0.781661672155952 0.623573869712339 -0.0126751447462967
0.569481371838395 0.038241661005022 0.821114207947126
-0.121242014039765 0.852500979519413 -0.508470701171684
-0.577343551722649 0.155971474986498 -0.801465733687232
0.685141984057127 0.659582787125758 0.309080909487599
0.430092089661896 -0.0511150260769823 0.901336811918504
0.699508813977372 -0.199314482451443 0.68626609726336
0.647915452389517 0.333028554040816 0.685052953244033
0.583785508768541 0.341578460133627 -0.736558643506813
-0.800599752795448 -0.570134855500755 -0.184353688238125
0.6952136131719 0.707520523701206 0.12685716614383
-0.404742981276776 0.639923382286914 0.653208377096974
0.316507563650799 -0.362932407345579 0.876414873133825
0.534455762261421 -0.499873578040799 -0.68153022248632
0.595351519757053 -0.715098976791683 0.366319561741461
0.28983393138151 0.294851722857388 -0.910526635386339
-0.246938670387988 0.937081148219371 0.24677968862708
-0.563834910726523 -0.823346238171257 -0.0647392117286986
-0.119837843315197 -0.526222378606117 -0.841860380089052
-0.401125230868722 0.85566710422193 0.327005131325139
-0.0628698416267179 0.606731591598747 -0.792416657302131
0.0993669717576463 -0.720372929091533 -0.686432114601146
-0.553529342566287 0.630332082821137 0.544322268775128
-0.413355752953552 -0.640381718616001 0.647339382366482
0.100580060946752 0.686127523411104 0.720494741797393
0.846402335669718 0.510334583682955 -0.152189680563401
0.461533509079627 0.88487854188814 -0.0630617641884874
-0.831256459364569 0.131944698223576 0.540003051264871
-0.0860113739944377 -0.957010132747401 -0.277008392223758
0.289037621932405 0.957234625727978 0.0126144526269473
0.37787026883008 -0.510767595652307 0.772224399488804
0.957007322448408 0.192122223390411 -0.217315521902267
0.201127851413051 -0.495315243712595 0.845109695088101
-0.657710263543008 -0.655617759152463 0.370921235728141
-0.703443237948124 0.021998924414816 -0.710410908073384
-0.982819067747819 -0.131945698353349 -0.129062050027709
-0.814109833961705 0.576064616013465 -0.0733125938983535
0.773689352051923 -0.309858687162613 0.55262318130109
0.635362151612929 -0.358471153693151 0.683968835743041
-0.729424085674242 -0.42570399553501 -0.535459252813717
0.845282811387473 0.336395126786292 0.415132855176899
-0.0609350142670852 0.982849638113905 0.174050317137418
0.493310450883832 0.395095881603405 0.774947768168164
-0.674601077544131 0.474511554364853 0.565466330518934
-0.236319170545642 -0.891122394123328 -0.387368207684274
0.642051764332423 -0.33341809285003 -0.690363605122599
-0.949833898833768 0.209978095635886 0.231786030595827
0.375252103405228 0.769195461661325 -0.517227416761306
-0.256551480143917 -0.944081641814464 -0.207101887062555
-0.11653743446897 -0.989091722617056 -0.0900921229509892
-0.574552545247491 -0.508047206160423 0.641698846081414
-0.00402525749050711 0.975990742509348 -0.217774809925729
0.493811777936271 0.656832120328188 0.569843393992241
-0.560840447675473 -0.791810134391356 -0.241856782675858
-0.0266940219892833 -0.912412227167679 0.408400975641527
0.175813867736411 0.363950679839135 0.914674470265895
-0.528184985343772 0.821778314515243 0.213777976063685
0.497661497966115 -0.364106488068967 0.787248054166034
-0.870827009751694 0.48307528896613 0.0910965656718918
0.539899334833625 0.157466187606955 -0.826869462494982
-0.226664976950893 -0.1933069114532 -0.954596996752177
0.437533284246804 0.489747846122221 -0.754129745067021
-0.885910542735114 -0.152579641291522 -0.438043334995667
0.0157368717163057 0.242031175284186 -0.970140845990488
-0.769451329556821 0.630563952803651 0.101655068087502
-0.68532298589941 0.594247495515924 0.420954058147643
-0.135250156347827 -0.985794291974788 0.0995841810621269
-0.934615188119786 -0.0738487298864832 0.347909205440111
0.0832322843137314 0.0759788994385738 0.993629505242282
0.521368820598233 -0.853317325532468 -0.00490865094748421
-0.428600967442198 -0.556028697338693 -0.71213292189271
0.262378372746977 -0.754100059129441 -0.602071997634521
-0.888165745943877 0.383533826542606 0.253107510022011
-0.0401486550072953 -0.79714656437876 -0.602449533488278
-0.329646624146853 -0.871970426718321 0.361940158199186
-0.905356398910663 0.415421403303977 -0.088061618361639
-0.717208735085337 0.572964707370591 -0.39663972875271
0.186290387713897 0.166684207879966 -0.968252170815451
0.416234874196231 0.899843051016491 0.13050292349285
-0.493932116772557 0.353576144260392 0.79436450967458
-0.300481253876429 -0.938563047823821 0.169736328841262
0.803690668727104 0.38135321669087 -0.456783354688529
-0.62136798715745 -0.000554615926913702 0.783518676827217
-0.652945302886932 -0.754648779801352 0.0645573433640431
0.0649260444212329 0.044459015808073 -0.996899194838269
0.242300934440989 -0.639545311171564 0.729569771939251
-0.956676215768443 -0.046850049725632 -0.287359863278916
0.139981565164664 -0.932617336100959 0.332610982708029
-0.0971967063783298 0.741515741205184 -0.663857820481262
-0.686499603340188 -0.157424146997569 -0.70988445014372
0.814894186180127 -0.413018217397036 0.406649010115606
-0.883250588264435 -0.229655600369608 0.408811330015944
-0.262657369535332 0.862759282348201 0.432038802598559
0.283166012022785 0.462443585887727 -0.840216007647089
0.404632393647198 0.860274991430284 0.310160547347601
-0.587945467097668 -0.500342138959455 -0.635592535907072
0.434960132515414 -0.195731060726377 -0.878919242586656
0.0840728465249765 0.6922641675257 -0.716730129712109
-0.597913634178413 -0.768906214000364 0.226456442026251
-0.998383113262996 -0.0360055591029124 0.0439858939317398
-0.43884106251984 0.750309146843122 -0.494423609883271
0.503606882736188 0.770116944641512 -0.391535438034365
-0.736562874948399 -0.646164592041209 0.199866083265689
-0.678604445587021 -0.183222022242816 0.711284540106689
-0.105427564835711 0.127256162700651 0.986250930355717
-0.919050607851675 0.102329934750777 0.380623914988757
0.907429550564969 -0.328851011743564 0.261588651964667
0.252274219682839 0.60809783899365 0.752711589052984
-0.110969514002958 -0.54405249045745 0.831680620544325
-0.0360430716221441 -0.252855783221151 -0.966832379412098
-0.540788968606975 -0.221911291165274 -0.811358533748407
-0.877391123459834 0.229028240178548 -0.421581405750547
0.675950808793459 -0.688251686752837 -0.26343902477299
0.151272106205088 -0.308804935916623 0.939018775870753
0.723486597697764 -0.650074110059064 0.232316151790248
0.0337862359795165 -0.999264000032184 0.0181644845238381
-0.290317857347848 0.856510298862323 -0.426738385486622
-0.687323399784649 0.476789660945234 -0.547958176619531
0.149010568078445 -0.306859686527816 -0.940017544189995
0.809603845706491 0.0664104141993685 0.583207741635113
-0.444763039193294 -0.319793215807523 0.836611103255884
0.232225301943536 0.748015097005753 -0.621727290529141
0.275702735682437 -0.173142084879035 0.945520925194657
0.334887309405202 -0.941276706720966 0.042995946133065
-0.388896406597376 0.911934616179905 0.13090011745013
0.0355724779609683 -0.441143502705929 0.896731291319791
0.574772225707177 -0.62703303704619 0.525800778820505
0.128208028540128 0.372814962567554 -0.919005824303419
-0.452335470848143 -0.860755409902566 0.23343681401196
0.367993452989612 0.296291865610927 0.88135801404967
-0.813568409919868 0.11967555286786 -0.569020390167374
0.114792135465933 -0.843579708262237 -0.524591308966674
0.379463234348243 0.792691586175941 0.47712441038354
-0.926758179033939 -0.362351242348505 0.0991002258433021
-0.796379249074125 0.542873333104853 0.266587013651751
-0.098098660608758 0.930948662906556 0.351726086350251
0.413378866177 -0.760533424593551 -0.500706324180375
-0.300551032718368 0.920903971764535 -0.248203447841135
-0.540966703200234 -0.734151574081234 -0.410337047197442
-0.263654092807657 -0.614665534532617 0.743419666139863
-0.58479469268843 0.175965584773408 0.791865695922482
0.451939376136658 -0.878318914804029 0.155906010771494
-0.930880004842842 -0.237254811357393 -0.277799515967105
0.648468054782346 0.589974507046088 0.48106056059765
0.410270466698957 -0.647007627648891 0.642696875609937
-0.871951804518359 0.274961842044124 0.405087689293169
-0.83082795307234 0.499804614763217 -0.244786150455896
-0.546292482775063 -0.651997145006217 0.525798674558237
-0.942830419474442 -0.317411150720219 -0.101592133121192
0.204105061578996 -0.976570833235424 -0.0681948056064671
-0.0150213431727147 0.424714526827305 0.905202701029524
0.781474522716776 0.249721807920249 0.571783690737704
-0.322436214406592 -0.70530889143178 -0.631327375698551
-0.977654894239845 -0.205781509624482 0.0429520437877762
-0.260728407971322 -0.012109474089258 -0.965336240858087
-0.452235427426292 0.827783303984954 -0.332051080143271
0.79374973559273 0.208129748941523 -0.571527221444446
