# command_history: dirgen -cart 0051 dir0051.txt -force  (version=3.0_RC3-1000-g3151ed7a-dirty)
-0.886580528082105 -0.334844476915074 -0.31914595956259
0.56099540144252 0.812952227274855 0.156182059562547
-0.985244909834201 -0.169174428027775 -0.0259322298939561
0.55565829907359 -0.49153556978569 -0.670549504739286
-0.179115547554063 -0.629388099019273 -0.756166807944725
0.541869355099779 0.0497866521470985 0.838986824253953
-0.225909314698097 0.641990913689667 0.732674994982456
0.0346605574795405 0.997445045437533 -0.0624662075631706
-0.7630457696938 0.189603617298335 -0.617909072323577
0.677415893574897 0.592058067740639 0.436548910839719
-0.931088069900677 0.0256373206908866 -0.36389247570735
-0.503872121020307 -0.458566494189499 -0.732003863422352
-0.826732449004165 0.436752960456368 -0.354627000235704
0.381391365760511 0.774865892323536 0.504106610784844
-0.496237471963492 0.312172828612619 -0.810121285052602
-0.233571642504294 0.545985723498356 -0.804576831355355
0.0563370275419577 -0.0483355749081928 -0.997241099998406
0.895045542429132 -0.390282413002396 -0.215808051468818
0.274627817448506 0.250382680479608 0.92837927335724
-0.805875925186567 0.263011646836248 0.530460994638794
-0.00344571120529979 0.855238141387173 0.518223743754475
-0.343929720971258 -0.131609368498352 0.929726476527424
0.753950642123368 0.214474800359363 0.620933965291457
-0.389464673239838 -0.778285101650034 0.492533825079845
-0.35831999429353 -0.527567234898616 0.770246450398126
-0.887623802261848 -0.383407308938486 0.255191734017322
0.660171210353958 0.720266056046628 -0.21305112420925
0.788930235316699 -0.613520001224901 0.0343844717879409
-0.36397282585712 0.270254320270038 0.891339657152627
0.672681476943233 0.532721787660351 -0.51352422292374
0.57455389464463 -0.571532778394295 0.585865262129089
0.63101433657337 -0.0862843252515059 -0.770957795378425
-0.60487128742519 -0.277908498884631 0.746255714816499
0.221060293141318 0.946755841500891 0.234063502879483
-0.0627626190916917 -0.710470907256012 0.700922209369607
0.22542161747892 -0.149326583639529 0.962749534298373
-0.523820214917946 0.846708129121232 0.0932616026204799
0.187522293089176 -0.959469571151533 -0.210365233888278
-0.685307587031541 0.634461116270151 0.357508885341668
0.839581629254843 0.139734246244725 -0.524954310625412
0.585235917249761 -0.759019607429078 0.285286096224543
0.369045407198062 0.917772401537966 -0.146626417814974
-0.824112117827517 -0.563327265231585 -0.0591743989960784
0.280988325748257 -0.799147969120541 0.531420816532159
0.0652649190259658 0.36992488671614 -0.926766458463288
0.051922347868738 0.91257315961338 -0.405603621957509
0.96667452076527 -0.0334144589117425 -0.253818527375114
-0.969257074643338 0.229991790624783 -0.0874328284973394
0.0404173655178885 -0.404290194591739 -0.913737311879934
0.388312264297751 -0.798816269202131 -0.45946289671087
-0.292055545834142 0.938343922288069 -0.18497092109995
