# command_history: dirgen -cart 0134 dir0134.txt -force  (version=3.0_RC3-1000-g3151ed7a-dirty)
0.46410650202824 -0.773469258972573 0.431683286912443
-0.633631152970736 -0.5373715394224 0.556545946534315
-0.382325559994984 0.683601113922522 -0.621704659157714
0.51524383054985 0.249940801320623 -0.819788625753933
0.82385531962944 -0.278001899448262 0.493940640382457
0.844185444598463 0.188640825466412 0.50176246780269
-0.277842624646133 0.396813266904311 0.87483867492154
0.849519983771864 -0.0378548637189859 0.526196547370912
0.0124322888757097 0.806279660908262 -0.591403877734133
-0.59319734135666 0.0456655976381762 -0.803760889443956
0.121347583648274 -0.971506791211592 -0.203591057201639
0.908616109573234 0.305500102172605 0.28475683134304
0.990874019153785 -0.0246839286541075 0.132511817707796
0.466264496173945 0.481871744732608 -0.741887485563687
-0.714854508675459 0.488226793788269 0.500617248258182
-0.880394022784032 0.11212470752199 0.460797585290176
-0.531119032327047 -0.811245168395518 0.244527810800549
0.807810253871258 -0.586267491476739 -0.0610984629759718
-0.022089904518168 0.0784102015310235 -0.996676415098824
-0.0810678050158232 -0.821232583890146 -0.564805324113567
-0.774541606708618 -0.506983770692395 0.378223155996237
0.584404712499117 0.0376617527494632 -0.81058788813346
-0.941285623599503 -0.0881189273661915 -0.325908621310831
0.950939703943336 -0.163657215982884 -0.262545224905904
0.283398158696514 0.476126102494965 0.832459859795282
-0.535169061052012 0.84401183369145 0.03518665487802
-0.406326984740315 -0.0480516230328329 -0.912463381728688
0.678284596688114 -0.400280632564581 0.616202418925259
0.0170206017647806 -0.150368847981979 -0.988483438744493
-0.309838979584759 0.893063599775758 -0.326247166248904
0.082810365931098 -0.308063088799229 0.947755019302898
0.642463635352083 0.76488231353172 -0.0468564157458666
-0.731561706384555 -0.0789472855096578 -0.677188892305813
-0.102060889173496 -0.977600515042304 -0.184067400400332
0.7149592715447 0.68153971727257 0.156002736553873
0.532599236538786 -0.608645018104302 -0.588123537341533
0.299280444166 -0.684473874425232 -0.66477569974324
0.799378839922638 -0.569934993732563 0.190177741081866
-0.355488064382367 0.923271656131637 0.145594248051299
-0.359543237811353 -0.140408020636149 0.922504334886925
0.415413102030976 -0.514691846439671 -0.750016171738666
0.0618239954457048 0.533013955009967 0.843844723483985
-0.60466786727932 0.403289820752694 0.686829011295489
0.708374391292171 0.582752741771773 0.398252386959485
0.951893303270291 0.0644902033890957 -0.299566608379519
0.234591777107626 0.750580918661639 -0.617733747381942
-0.833341257042446 -0.504540543276064 -0.225790144828357
-0.439296573243518 -0.896436782750258 0.0584774765945781
-0.165404155570661 0.566912546149661 0.807001629699758
0.274941160540994 -0.891963096515379 -0.358899975891708
0.620411180793022 0.506511998535574 0.598778391465914
-0.976645959735544 -0.190060166663664 -0.100198814264539
-0.192182915453403 -0.0144298253543586 0.981253029115362
-0.424586292771154 0.174121445987453 -0.888486466997718
-0.898125588808315 -0.287584439068443 0.332664421201619
-0.655091645414909 0.681173050211 -0.326891743202287
0.462454080981284 -0.288428020332952 -0.83841845165202
0.423378504022502 -0.0756537765867877 -0.902788540257255
0.623447175769163 -0.675222779418308 -0.394192614314461
-0.749817420980431 0.505018968107672 -0.427468919391478
0.271990474323864 0.5804173353172 -0.76755253809779
0.764060762415806 -0.050847292240266 -0.643137391393481
0.0179443897248897 0.999588948804196 -0.0223591660382188
-0.0980033359740044 0.509331192648114 -0.854971977513658
-0.586382910361322 -0.743432433386751 -0.321657114680898
-0.296594267578774 0.548321810230552 -0.781904746669887
0.977192013086125 -0.205172937264286 -0.0547707529164331
-0.695188661434995 -0.30280747321051 -0.651935855111595
0.581504633481539 -0.605505963258901 0.543336810548863
0.78781224144812 0.333571178724851 -0.517766492686232
0.397022820535729 0.845314640589292 0.357513689778799
0.111919194923175 0.452949931266695 -0.884483156184019
0.596120821727656 0.689397379700189 -0.411547346930166
-0.564938191733331 -0.185427473423157 -0.804028290311341
-0.0610129455253754 0.910484937519925 -0.409016624390326
0.2414074597838 -0.196301001876813 -0.950362223061761
0.490407524574072 -0.486182277201868 0.723275364695865
-0.927535747996505 0.13730221057378 -0.347599682336042
-0.23174526185242 -0.971826311076688 0.042985517421916
-0.364294871825325 -0.267166578841475 -0.892138590977833
0.524143670531202 0.84073957636762 0.135758525961629
0.199162648055054 0.0955771099669157 0.975294445626587
-0.228922346032642 0.134027159302655 -0.964173884761547
-0.319287348330966 -0.933693131410419 -0.162088634866194
0.319303400018254 0.365774812473969 -0.874216292056157
0.685722249748733 -0.723658702612046 0.0781222012835437
-0.231270953421791 0.820342408686292 -0.523022063219275
0.197236355556975 -0.980355881827034 -0.000406218834206887
-0.627047383247012 0.177192857458907 0.758560657052963
-0.85970947726894 -0.115333569796106 0.497591983830179
0.0618427112952974 0.650405196710639 -0.757065756160878
-0.173235997801382 -0.881470000519558 0.439317569930694
0.904149828449721 -0.424330715482224 0.0495634100187293
-0.638980630044491 -0.360833003511098 0.679340340333993
-0.0355289184381503 0.917762017692958 0.395538335480604
0.916418104617122 0.397501180164289 0.0465904421309574
0.724458519797963 -0.168786536457466 0.668334465819949
0.874635118350711 -0.383003506055943 0.297189710616794
-0.140350454753328 -0.241046181190372 0.960311662109792
-0.558399595471035 0.290684182665414 -0.776976574760092
0.135158044192942 -0.968065440404915 0.211143567705903
-0.317983488475047 -0.912686208911345 0.256691225249863
0.169920806040221 -0.81904632851728 -0.547987254794312
-0.152627947247724 0.698294017789005 -0.699349822648891
-0.150728371709874 -0.318602816604207 -0.935827549932976
0.785028051651792 -0.547806024134318 -0.289204975825006
-0.808703104719206 -0.587976471756393 0.0168213280813232
-0.372269795353318 0.921722122502661 -0.10882797598407
-0.303235180327231 -0.774754054102402 -0.554801388844517
-0.670853024313112 0.721831139033466 0.170047130206893
-0.529004988280104 0.821092540840737 -0.21438461173897
-0.762633906768617 0.275179579898318 0.58537656517307
0.188387033226187 0.668940155087597 0.71904756075215
-0.189341720092939 -0.906080061222593 -0.378376314912956
0.307899444027545 -0.357822865805629 0.881567200543541
-0.443854360091077 -0.66062631404949 0.605447091176038
0.0433095231639003 -0.708621814054954 -0.704258056289583
-0.9959721911151 -0.0198734305567997 0.0874324955796772
0.962665693205621 0.241009765603785 -0.123243888321288
-0.39331807914763 -0.805855451300427 0.442603524867351
0.72379242790262 0.653341381252134 -0.22196747701946
-0.872746324515344 -0.453432983354002 0.180865648069629
-0.407001485225697 -0.596988871164599 -0.691342229817979
0.509699028316242 0.686159764824647 0.519029553753217
0.958089670014552 -0.239686005599841 0.156891054337079
-0.856282702654742 0.340298489016012 0.388557423693988
-0.904148489350237 0.389751250290993 0.174955628952865
0.794300069596604 0.396807059170723 0.460034300059368
0.496054810665808 -0.821518528316702 -0.281135078650228
0.50340546892902 0.402143983671921 0.764763460325369
0.0958366231344116 0.966048887066849 -0.239926841897889
-0.411531018126454 0.769595621650097 0.48822617735718
0.064474358521009 -0.367218355933681 -0.927897481491716
-0.718272487163776 -0.15890782017081 0.677372083032749
