# command_history: dirgen -cart 0083 dir0083.txt -force  (version=3.0_RC3-1000-g3151ed7a-dirty)
-0.03357045954254 0.529700437386849 -0.847520189068251
0.0865332771036505 0.298880737225 -0.950359035769926
-0.0693123550943197 -0.488596070075482 -0.869752653194041
-0.990743586472429 0.134526590713028 -0.0181588065378385
0.0834786052100891 -0.961065395160459 -0.263409621497108
-0.0352570884419063 -0.233298446331282 -0.971765801340019
0.247935231636361 -0.107867400992173 -0.962752691357764
0.666861038519029 -0.566394642878363 -0.484245251730993
0.00957806124393399 0.0405873238490156 -0.999130086568102
-0.584867494763904 0.761457475130314 -0.279486184160794
-0.17867213005458 0.645474398519494 0.74258943622816
-0.152936960219333 -0.698860263200733 0.698716407935203
0.799803189792203 0.507277204321161 -0.320912286418461
0.443998220499627 -0.725157791428314 -0.526319064564428
-0.913293128791892 0.298773401765931 -0.276821450214266
0.680111906842812 0.710946265682667 -0.178894386391815
0.228915932920738 0.93933480822975 0.255436124506709
0.235632800732996 -0.971328707333776 -0.0315867935697867
-0.826123966725565 0.318534426762592 0.464817179726229
-0.424785249829988 0.529719310607344 0.734135507584639
0.637420205641751 -0.366524769153276 -0.677757386560091
-0.0865042137136474 -0.708703543376427 -0.700183053647744
-0.521046271656245 -0.101182780900116 -0.847509780263594
-0.327910582793078 -0.773597561375149 -0.542237459722884
-0.186041710364241 -0.949394425620029 0.253058701898123
0.0953913632872915 -0.966155316432621 0.239675598130418
0.308954335960325 0.813970461859671 -0.491934249174895
0.19222943939655 -0.82942572352124 -0.524500535548397
-0.146354548036326 0.721423972981486 -0.676851385074073
0.943532561844465 -0.237150840141612 -0.231313172472622
-0.644211075026145 0.590288573028583 -0.486365594348056
-0.317002640641605 0.491099866893075 -0.811375527461763
0.888193354349533 0.202379905229871 0.412498411207211
-0.275589770357287 -0.466622681487578 0.840424625767094
0.733378900913958 0.161305944503185 0.660405769176929
-0.962646817154173 0.0245626256091486 -0.269643807357273
-0.452156468892112 -0.859502291067515 0.238349196115091
0.619842412001117 -0.738771337496492 -0.264598365789138
0.424858067999334 -0.670406808360992 0.608317625389156
-0.325890775131665 -0.162550286971443 0.931328409794088
-0.192706749424431 0.267348031318927 -0.944134068274291
0.577151166943691 0.684332544061647 -0.445629329862442
0.559736674010321 0.378250269518031 0.737306984489772
0.462587849449832 -0.241943604939377 -0.852921903558772
0.546579076719251 0.0281027413455101 -0.836935809259945
0.36855625149556 -0.884772624330936 -0.285208156822505
-0.558636250123521 -0.61954997270559 -0.551437549835368
-0.885188852241064 -0.408064072734849 -0.223437705885098
0.568286636998497 -0.409111574947491 0.713917374387907
-0.749923528510453 -0.425302114258511 -0.506688082545537
0.79496076791934 -0.551803680110597 0.252091404227706
0.778771785459011 -0.347134758133377 0.522505469702152
0.736363677246962 -0.676536077862412 0.00821402348891968
-0.339508071930396 -0.561960461142652 -0.754277607520231
0.907197293304933 -0.420589686471131 0.00986846767838061
0.441120777813699 0.599060403701183 -0.668235805759024
-0.314480182674126 -0.309990386750807 -0.897222477887917
-0.878871703678302 -0.250910917013835 0.405744057500386
0.0644199256655792 0.997866111093444 0.010644130236324
0.980317885029685 0.179022158317779 0.0832340742855279
0.742084523366061 0.171921505217214 -0.647883906440354
-0.0170227582745794 -0.871158056685141 0.490707515708996
-0.480618241725681 -0.818353495022823 -0.315124837016135
-0.73108312544892 0.108226646577945 0.673650099572717
0.712249999188627 0.636021658460846 0.296945093619201
-0.526045098148322 -0.324149736909591 0.786259182951504
0.978994282779348 0.0692736339187949 -0.191758592842759
-0.815894243862583 -0.577838801426114 -0.0204671052749519
0.926525960831394 0.35657446289042 -0.120017899997751
0.82013855772927 -0.520797415561526 -0.236944715218946
0.0756790495807285 0.875691773854938 0.476903133411126
-0.599130455134847 -0.797614090129447 -0.0696739618285386
-0.519942923087982 0.85383222078457 0.0250977186376567
0.209079852406834 -0.39338213411736 -0.895285491826383
-0.267481567273571 -0.028984329685773 -0.963126948954052
-0.372469386604938 0.904924150703077 -0.205861209353427
0.892729421758114 -0.0306773721539674 -0.449547637481447
-0.686507783922365 -0.442704255283807 0.576818866688333
-0.673344605007417 0.129051071246423 -0.7279786150139
-0.287365478937333 0.84424704419452 -0.452402486602289
-0.446088753306525 0.194621492310377 -0.87357157629144
0.850365808463103 -0.0753406162233995 0.520770374871663
-0.355321874626114 -0.934666453082788 -0.0120410503621808
