# command_history: dirgen -cart 1000 dir1000.txt  (version=3.0_RC3-1000-g3151ed7a-dirty)
-0.233739753534545 -0.965334394510711 0.116168990665534
-0.490931042931668 -0.555129955918595 0.671429402936633
0.686508762176194 0.71048390494745 -0.15465555362137
-0.996295469990222 -0.0612136078437647 -0.060400585193465
-0.381276075195233 0.864227952158233 -0.328235587942725
0.895095754325002 0.401874618643268 0.19313306676922
0.927089230666582 -0.231506273095621 -0.294805705337296
-0.684123672929534 0.230927075371511 -0.691843541559625
0.997427405055198 -0.0712898729258985 -0.00750504250902907
0.464027607522588 0.618464991082961 -0.634176185504956
-0.380246986855559 0.924420399397712 -0.0293113316763703
0.143522759096887 -0.966498086013436 0.212797244703924
-0.162454880483561 -0.898414140099853 0.407995642961679
-0.955837521969528 0.286597035687862 -0.0650904811019436
0.226228447282769 0.436292923942574 -0.870901357306134
-0.414667603645999 0.747447105045674 -0.519012142098165
-0.0135766669015266 0.958109586787246 -0.286079873151219
-0.978497471570253 0.0239416682154852 -0.20486457637591
0.333026209440006 0.79670636484693 -0.50433373081563
-0.990296355732679 0.113982422885153 0.0795055664454044
-0.861995931302486 -0.470048820446371 0.189781771556004
-0.403392874021144 -0.145534981883289 -0.903379077816834
-0.843766069612881 -0.522883976269306 0.121042005646105
-0.527040163622815 0.477865281222098 -0.702761295840175
0.579492595156731 0.0128511536375482 0.814876174647843
-0.384694447435546 -0.64362258794227 0.661634450737531
-0.341277219039898 -0.682537501750577 -0.646275806810431
0.359199764082523 -0.122702498888136 -0.92515924372492
0.562769011738398 -0.823805184430238 0.068088600608686
0.205369576066371 -0.973970892726252 -0.0959376742908965
0.0404022584477607 -0.219365390873519 0.974805869288459
-0.234790895841987 0.518351222782154 0.822304837070757
-0.185009479230996 -0.981405212644846 0.0511400155279698
0.217145170119334 0.474996458958958 0.852775667494269
0.864400954484577 0.501186484755325 -0.040287682792038
0.159592884972993 0.529012252675527 0.833472343623447
0.448994424554759 -0.687699132985436 0.570503207010987
-0.198523526980123 -0.950942710508836 -0.237268562109439
-0.8543531600941 -0.215671340215667 -0.47282824666765
-0.809916753904053 -0.247731331299385 -0.531661583376264
-0.359421394897976 0.41088723566547 0.837847205913335
-0.282559931972567 0.390905330135893 0.875986819372876
0.419911578472632 -0.902174153503696 0.0987727847866642
-0.348938410667718 -0.892451903636895 -0.28595731369484
-0.210899719129441 -0.977005234798341 -0.0313381500373263
0.684665766991319 0.0776094340737257 -0.72471343526455
0.743821838710608 0.0763735514869021 -0.664000115128339
0.274994482363201 0.0187032031652738 -0.961263868488332
0.71435542576141 0.663263991161446 -0.223108053897262
0.501938492925281 -0.781658228720397 -0.370227177275777
-0.89010903442314 -0.440202850515817 -0.118014224719119
0.200070002539297 0.720627991020959 0.663827758263408
0.799494187962641 0.491833847151267 -0.344831132890205
0.802029666326973 -0.340096676581459 0.491001695424456
-0.481426316740769 -0.68497892565488 -0.546838708357504
0.0983044680864564 -0.948473884152521 -0.301220056827013
-0.883039726508534 0.0783281755513113 0.462715396677629
-0.759991634482015 -0.497879780798885 0.41776601033235
0.900917493560729 -0.404151071917066 -0.158144177460127
0.985316334433635 0.10389988678071 0.135486289436318
-0.320129295158129 0.722504317817676 0.612784419772871
0.949479318924841 0.302563719094573 -0.0833319795857508
-0.506030644159814 0.552438983133001 -0.662377654428484
-0.589360039873475 -0.0943661974322154 -0.802340179838029
0.392323446576708 0.916464887836015 -0.0785774944236147
-0.443558533876084 -0.507260672259102 -0.738879176459144
0.785157455937377 -0.430551042557118 -0.445144436266394
0.673116740859976 -0.634011020686783 0.380714957444211
0.0607240854185917 0.438538452285203 -0.896658581243371
-0.497008463873802 -0.867458614758995 -0.0223190169633218
-0.641802645150793 0.0287760291295946 -0.766329762455419
0.205928858039074 -0.194751593789839 0.958991721623832
-0.317027158246942 0.775076181307415 0.54658091267788
-0.111449692705618 -0.370935371567646 0.921946807639028
-0.456090258135734 0.768545550932299 -0.448686318685837
-0.641991623386851 -0.0532673778437781 -0.764859034044028
-0.578810682616097 0.628463307126232 0.519626851967301
-0.899615532235501 0.159708945525902 -0.406429510345449
-0.804320870195166 -0.586440011149411 -0.095687256683273
-0.982201649627693 -0.0989882201179923 0.159628480373994
-0.117814446710062 -0.930820668618013 0.345966239711214
-0.459412039181284 -0.572075607352994 -0.679463080473838
-0.654311905115587 -0.303242595874693 -0.692762483735363
-0.294914984942873 -0.671724806335957 0.679566726826047
0.443589293201057 -0.493323290885411 -0.748238377542461
0.177852606589274 -0.889428030384022 0.421053712840298
-0.419357793796736 0.350749716540357 0.837325311410561
0.116028544885267 -0.6783046128119 0.725562009072903
0.714159219612949 -0.340056613170003 0.61183176517828
-0.611976103439722 -0.790542910735625 0.0229598585444298
-0.655969786925885 0.389131512919651 -0.646745934887319
-0.489971395257879 -0.773309125679861 -0.402394120197221
0.279485484927861 0.897854548891795 0.340213275386117
0.0310087657653482 0.374447764766396 0.926729371449486
-0.103416660509903 0.98441572573858 -0.142234571210954
0.469026772167281 0.881198206203391 -0.0591912863035405
0.736766931898083 -0.643812820370671 0.206590271764787
-0.843137895672627 -0.421721428698659 0.333570870216656
0.856324597938412 0.397170308681309 0.330096847709292
-0.904381657723815 -0.0973891802156086 -0.415462591275865
0.286129133837998 0.903404556368439 -0.319359243332428
-0.577952128125073 0.163640519895578 -0.799495539602319
0.434957613214226 -0.1298242630871 -0.891042948134867
-0.634433924376354 0.625093798393631 0.454699173971365
0.456511974349702 -0.873789897724357 0.167594844521527
-0.601657484540042 -0.772872208691204 -0.201684953156476
-0.764977377318207 -0.623229018755111 -0.16246600374509
-0.423278396323559 -0.820496926673607 -0.384213732868729
0.534992792133356 -0.0469919924908266 0.843548733036271
-0.155431236682824 0.4848275184721 -0.860687752901965
-0.73024122261535 -0.362219775855747 -0.579262108869769
-0.731352809210291 0.262074606416882 -0.629634790280566
-0.0591855185276652 -0.0808218003406183 0.994969804057547
-0.908663409895123 0.356142161621865 -0.21793019119221
0.884899011680086 0.452811996229756 -0.109156013109819
0.125234057475332 0.789228520115879 -0.60119445596576
0.493036110200158 -0.283873087029541 0.822393740551943
-0.669327003620524 -0.682482440542463 -0.293630857669242
0.303366854118914 0.279694964266859 0.910900257320062
0.241775139366283 -0.586771627526922 -0.772815527220967
0.543672208472317 0.37752394298024 0.749597360061711
0.84915515674761 -0.520492511933069 -0.0895715623987157
0.797281951499145 -0.494570545807447 0.346036797224572
-0.128542411603292 -0.230371053744975 0.964575567809822
-0.420063683079316 -0.853962985820314 -0.307072826877752
0.418955921604559 0.737177796538668 0.530136616395122
-0.629048976789004 0.675709816795483 0.384335307104254
-0.567391834537796 0.7310576315663 0.378973937663933
0.752892979937052 0.652762017200112 0.0839875565923111
0.0602723807215682 0.882273079504332 0.466863420396263
-0.380387219323399 -0.289512826956109 -0.878343831539389
-0.250540756103522 -0.815189759408138 0.522202054464723
0.382464125982524 0.229466271614854 -0.895023140777713
-0.543281362741793 0.400498174992926 -0.737866229559773
-0.390189968176893 -0.427920144074242 0.815252193514127
0.933619534938691 -0.279852233304775 -0.223690168526002
-0.412163433055802 -0.686596120723874 -0.598921590409448
-0.566202713171609 0.742683874791411 -0.357540416906849
0.383298016197471 -0.781325243937958 -0.492558112271408
-0.837527025257879 -0.5456740317436 -0.0280772691580444
0.479647353157175 0.152793004406246 0.864055967176797
-0.562758106614344 -0.445857763643502 -0.696070519443723
0.887878994546021 0.068647403229049 -0.454926834857931
-0.678956486028599 0.663149907503366 0.315040140709044
0.0847819944049835 -0.477170014974877 -0.87471183268182
-0.329357406595088 -0.865181284613338 0.378133631770267
-0.125415212026633 0.779960639567775 -0.613133285116166
0.593276178072957 0.567585416421488 0.570850393357832
0.0534981581326252 -0.358880999762814 -0.931848901424292
-0.271004802939212 0.397379073436381 -0.876724739458584
0.568136256765678 -0.436999062421356 -0.697318444608443
0.0988553991631752 -0.953045606618322 0.286237107590551
0.688682823524928 -0.718563506536201 -0.0968630768462977
0.689397005182847 -0.563685747935678 -0.454961698189109
-0.0931724825892135 0.609653939992192 0.78717276498883
-0.348752415531654 -0.16096564067188 0.923288587162177
-0.12913350197468 -0.689247609429829 0.712925151445101
0.954478049112758 -0.287979241533258 -0.0777149291181135
0.82353702713136 -0.258583604408225 0.504897300918605
-0.947033075077054 -0.31557884275516 -0.05948402067289
-0.1684342210938 -0.738950024736206 0.652367054737504
0.550135219194544 0.493505500998309 -0.673649434859245
0.478594613571369 0.854583049514022 -0.201581267343438
-0.264038621345695 0.924876136690572 -0.273656240963342
-0.724741343679497 0.688547106593326 0.02555125757368
-0.850129742265514 -0.515557841957728 -0.107142582157896
-0.415457780548104 -0.491634832833219 0.765303876722898
0.536188115552275 0.43000848786977 -0.726357353580491
0.207708568781818 0.863098179661355 0.460346263936034
0.071359142372026 -0.624572410459126 0.777699927281214
-0.111811214969307 -0.391765434777478 -0.913245912293453
-0.845908023811424 -0.0725129515978195 0.528376274166453
-0.0900285142459582 -0.632713479955233 0.769134915931922
-0.696138163042286 -0.714326324074665 -0.071620951474336
-0.517675927845976 -0.814816675335064 0.260931828883946
0.228454543150758 0.0898945861436175 -0.969395422464871
-0.457051022483636 0.832079129209167 -0.314243035851516
0.775341660502289 -0.295857739854068 -0.557954753773096
0.027581025154103 -0.996290588561806 -0.0815128836112402
-0.302429117103094 0.863909226675575 0.402737479250508
-0.455299229622007 0.68161381926035 0.572804690011286
-0.698570841993961 0.0667078174092951 -0.712424624653259
-0.445592207208497 -0.848724349916116 0.284806184508915
0.311153338365985 -0.82218920137724 -0.476642966131211
0.909843397103201 0.336759720387515 -0.242441505258958
0.34316791882651 -0.337779126370557 -0.876436558614841
0.875239897991751 0.0478135567264921 0.481320044000405
0.0780595654922438 0.300019682946952 -0.950733871322345
0.344319598845572 -0.932110815562556 0.112309578229695
0.185814656817705 -0.973330505223975 0.134538622380937
0.677636632867467 0.670845797856467 -0.301288083558514
-0.315656874381639 -0.9407320336688 -0.124032167138119
-0.724733601765378 0.644502114979153 0.243676486882878
0.932907839615769 -0.325863522469063 -0.153283813586086
-0.971041170747851 -0.230256278600041 -0.0637266888980091
0.512803848367489 0.510880099581982 0.689951981626691
-0.429883497190995 0.236479658420775 -0.871365336696402
-0.91911492527648 0.196249379307513 -0.341634212653573
-0.713854865586977 -0.00259251934264036 0.700288875908548
-0.48419449524614 -0.661416620061163 0.572785950840454
-0.189820747616774 0.0472236807332826 -0.980682419416301
-0.772154190614531 -0.199964713532229 -0.603151738170746
0.170909529661803 -0.802955401497825 -0.571010118891292
-0.709466672164211 0.683737124059826 0.170764710261337
0.661679877776779 -0.556838951393945 0.502105687635381
0.35145887993416 -0.372740497339128 0.858802175916436
0.519028699952552 -0.627639963412369 -0.58023898951491
0.133666150186915 0.990880074984171 0.017030481307707
0.595773504523983 -0.791635364047075 0.135526313671062
0.0867255540076766 0.315076368320264 0.945095529778961
0.826653696916853 -0.510388348822356 -0.236954423381566
-0.158890338102657 0.0630281928443805 0.985282349057566
0.123575712989784 0.705763745280218 0.697586252019853
-0.347260649731986 0.0213280344849722 -0.937526082886619
-0.280231349421293 -0.94292955240021 0.179872871806342
-0.422777319158351 -0.781655009774688 -0.458557285515572
-0.769336231692206 -0.635659703501444 0.0637063886128683
-0.0115308313600428 0.224328669109571 0.974445323321773
-0.52687145104189 -0.573499570520116 -0.627299543033673
0.486097491168 -0.871293680731566 -0.0675022295736722
0.999799743074431 0.0170789955492053 -0.0104298446456626
-0.960636583973971 -0.0188504543506887 -0.277167844277781
0.196835599867637 -0.666279319249151 0.719254902913866
-0.475994027284132 -0.371811690153023 -0.796985415836065
-0.820918607273969 0.292344880191246 0.490537573746735
-0.158092817132059 -0.949348893354528 0.271557249687395
0.579657423733882 0.68528824102278 -0.440882408161295
-0.866782621739438 -0.13293441241122 -0.480641580231455
0.290995820360856 0.955549693208771 0.0473942648548978
0.331422760875573 0.298292319371699 -0.895086948724796
0.32566998822919 -0.264804227999521 -0.907644082005925
0.635129373888726 -0.695150551134472 0.336714106745108
-0.716346872171935 -0.534415322464557 -0.448606087614278
-0.916359373172496 -0.397079043647488 -0.0511246740322689
-0.412368152577441 -0.686568329861365 0.598812520887167
0.389185661501477 -0.675183762329759 -0.626627008648597
-0.991386132176061 0.114404101940792 -0.0637592219848338
0.20677358707913 0.859797923963651 -0.466896362841076
0.903414035008298 -0.306313830193568 -0.300024863606621
-0.834693748855565 0.420458138294169 -0.355670211802513
-0.43315371828897 0.423353632369715 0.795706955035463
-0.554130117585208 -0.768676401180834 0.319493979681441
-0.0556641343806322 0.361785410470216 -0.930598098490725
0.387041302810243 -0.61486163229612 -0.687127501304599
0.191840461928721 0.406245117741478 0.893399206110117
-0.936213187828677 0.281551196882037 -0.2103183075007
0.785530876532538 -0.534479895036629 -0.311885369672346
-0.997720265784545 0.0258313146353018 -0.0623459255046337
0.354807543034198 0.212920730864181 0.910371555890395
0.949666972782203 -0.152565752662246 0.273598852192931
0.454314609742936 0.719695411682959 -0.525011190144191
0.0949567599327705 0.980401867253794 0.172613419027448
-0.303564734727089 0.951872002446183 -0.0422864374139854
-0.903235330132215 -0.428220823124171 0.028157859361203
0.00608648152630252 -0.295086724551414 0.955451087045354
-0.143494122130651 -0.0867020359828028 0.985845928058939
0.0675649594794736 0.238528669802557 0.968782251041358
-0.819702270952957 -0.570416346099739 0.0520901055555364
-0.0937513186980915 -0.156931096974712 0.983149694118186
-0.414639451942896 -0.772229758706089 0.481388953613635
0.281750851891359 0.864998385061126 0.415203867154603
0.818656467305465 0.517303401116481 0.249396831840857
-0.00860778334224434 0.906104426165574 -0.422966517527201
-0.287226228868095 0.901153493092443 0.324689814034105
0.657227022286211 -0.222261016696947 -0.720175451979336
-0.68902904443186 0.700636993391779 -0.18532884130714
0.455035510607649 -0.890332969461262 0.0158078327523974
-0.319506984847813 0.66478348871611 0.675261578770699
-0.296034792530759 0.464493169907782 0.834631353784586
-0.517133591548338 0.566352500583401 0.641730234269234
-0.819815328251723 0.380464910171473 -0.427959436970063
0.990881629718841 0.0186646228726409 0.133436230982281
-0.385864612836351 0.200253860192031 0.900559210734554
0.072517222025528 0.956888941347358 -0.281255766939689
0.880912869844288 0.348737837542794 -0.319960054395352
-0.290356369395283 -0.843733652209658 0.451449557404304
-0.909627070819282 -0.0122432089453782 -0.415245344185161
0.360215250359425 0.918765790990904 -0.161599488592493
-0.518802761010092 -0.36123890914353 0.77482265434685
0.547579451110856 0.74017843616453 -0.390246880010801
-0.0228563846564932 -0.997546011047164 0.0661781045688482
0.474559362285519 -0.441838530806525 0.761296344639781
-0.261863309453734 0.311926562224137 0.913306863513556
-0.0224202685077075 0.96379872062509 0.265686577909915
-0.654598453449597 -0.719138159684452 0.233111930254664
-0.315804377890015 0.930821551647202 0.183953347060055
0.394144535813605 -0.0908646636420576 0.914545623678499
-0.0412851737384947 -0.156921759505967 -0.98674773666978
-0.552626644265833 -0.813388273691595 0.181668126726983
0.936139147058893 0.130459394206128 -0.326533066943025
-0.595136705282265 0.219284996488806 0.773127668849508
0.130868061325382 0.465184458423445 0.875486704734128
-0.817040594030834 0.220550471104768 0.532730848929557
0.546840496287364 0.616898484953089 -0.566040396864723
0.0290446416306922 -0.647315196833496 -0.761668855041978
-0.861914343065103 0.480852624874358 0.160886352342554
-0.847216537335218 -0.350368319183873 -0.399332167221714
0.289518453399515 0.560422045932783 -0.775955021617662
-0.540224038102512 -0.225921838525249 0.810627726847279
-0.822861574077222 -0.167018163046132 -0.543142488781583
-0.587636516712977 -0.363222924533103 0.72301620405013
0.734656622152002 -0.600783929597478 -0.315179817668618
0.666426073865855 0.499058197800311 -0.553910826108361
0.216476642580147 -0.84792622840156 0.483899756567342
-0.175846770304607 -0.504874619447423 0.845091434113054
-0.0414536771447945 -0.619668686797033 -0.783768021326729
-0.792215388184258 0.576466371513277 -0.200203149921229
0.125095217936039 0.957066832518572 0.261484730992848
0.178976517468791 0.16014578936637 -0.97073206001603
-0.536182105655779 -0.823590261384412 -0.18495359127979
0.256806450351611 0.611521354358287 0.748392998511886
-0.850123330927625 0.299097348251812 -0.433394852855053
-0.591044636609765 0.0811405822223771 -0.802547471151361
-0.92631293655975 -0.319437817366539 -0.199759416294084
-0.797049825240511 0.535363568457179 -0.279459166342538
-0.433140572265298 0.827116699088657 0.358144120077902
0.10593044674305 -0.425592960028711 0.898693147201434
-0.869243949138709 0.437321144548393 0.230575743339636
0.575638815771673 0.230872283764982 0.784434791659656
-0.816876304658707 0.552185838282858 0.166745023574898
0.732259856476727 -0.369504190481544 -0.572068313935724
-0.084814748354572 0.546359360129356 0.833245406864383
-0.972393048525188 -0.190086970831793 -0.135346602099516
-0.931600246160966 -0.324635214157682 0.163502168430952
-0.921674267542303 0.159830386880626 0.35351208180195
-0.603283613492084 0.761611779343693 0.236635540984164
0.101295496978641 0.578687964678261 0.80923387338172
-0.527883375657681 0.835547159347724 -0.152315745115863
0.752661785700065 -0.370814108851561 0.544056185539151
-0.171003374034512 -0.630676051469583 0.75697131000557
-0.624450479720091 0.775682560961996 0.0915323057547878
-0.785721453110855 0.451244802730915 -0.423107464043952
-0.925832963907081 0.368872553805001 0.0822578992705588
-0.00148160095091488 -0.984839392853921 -0.173462316200789
0.302757618944418 -0.890307717187748 0.340132316734308
-0.324849914988218 0.688269023719702 -0.648658834611906
0.0226023305969718 -0.433949610473339 0.900653579475273
-0.578829803304036 0.569137524807214 0.583985048321727
0.629853514187989 -0.774895098364255 0.0531237912435844
-0.639485059471393 0.465285523964557 -0.612019803521011
0.86624847303408 -0.34307463850891 0.363198809714605
0.709086903308727 0.364549235708301 -0.603572380332744
0.206384637447613 -0.37206267715382 -0.904972234764553
-0.950467247643061 -0.234358043173338 -0.204177174918719
-0.248372015625564 -0.344282747552899 -0.905417434994225
-0.0437264476271689 -0.22659917049337 0.973006070746542
0.936148935606538 0.351234080962977 -0.0161180250911865
0.821557923191457 0.000798935328473101 -0.570124495653082
-0.308999771728981 0.535752729657147 0.785804144641878
0.978425330208067 -0.156761283115302 0.134572557838805
-0.768413458852816 0.222691023504677 0.599957885442213
-0.700982543984766 0.64484908446059 -0.304619650218078
0.615883272388074 -0.0684716758879401 -0.784856308118661
-0.129266015840252 -0.929474230150785 -0.345496675287033
0.769102847209309 0.602835331924708 -0.212297840304047
0.857504411732176 0.480375508928966 0.184188909223904
-0.324798728103182 -0.91420977214784 0.242335054690711
0.751477753101039 -0.52312305075912 0.402024203697594
-0.0458412596101459 -0.683070762423963 -0.728912143155059
0.5194626061663 0.84814739960002 0.103945126613229
-0.586024773731845 -0.00835909979335213 0.810250016984378
-0.157111419874192 0.128953067282592 -0.979125685590735
0.211428409843656 0.683696958056153 -0.698467248377292
-0.293992949417519 -0.764656276869778 0.573470944282653
-0.912493494527356 -0.206240728279202 0.353299284522513
0.987333889714381 -0.158482545315273 -0.0074211220084022
-0.650384997645739 -0.151605643249199 0.744321895265986
0.772945688222163 -0.294027682468431 0.562230099693186
-0.336005358154767 -0.708104875225503 0.621037748428517
0.80652045261152 -0.588557079615408 0.0559045933165715
-0.806139509498589 -0.428786286181086 0.407776178814317
-0.171912035485647 -0.97081910825758 -0.167202006857393
-0.171899216086897 0.274492036829 -0.946099773399285
-0.548592436590545 -0.561619948018745 0.619378214424007
0.503618073479213 -0.206864106814732 0.838794419018647
-0.826192425357785 0.548244936946269 -0.129744230677909
-0.58239251476003 0.796961791664943 0.16022128877803
-0.277251569720257 0.123420236614293 0.952837348282342
0.735678164850179 0.67731617892603 0.00452012474548677
-0.724725674174176 0.297634820530755 0.621438823055344
0.159286675179173 -0.498199182464776 -0.852305889749563
0.61851349209497 -0.277227007885729 0.735245704642476
-0.0499464110649133 -0.740488483773634 -0.670210535145755
0.550480605556126 0.0840266543597792 -0.830608586678264
-0.494199375337816 0.784238022702006 -0.375150238123556
-0.0663453309736361 -0.988141184250091 0.138474896811031
0.83989695139568 -0.0733441393565225 -0.537767373739142
-0.501065230571276 -0.73557938731108 0.455912929928084
-0.246812738537417 0.650690307320669 0.718112523254255
0.773644251431211 0.550522664844971 0.313686735007129
0.99460676736037 0.0578630631546638 -0.0860769669732468
0.51305418002606 -0.845293646873999 -0.149177943786077
0.0277332109223634 0.368216484085168 -0.929326363480501
0.3522119547237 0.784370967731507 0.510596635251007
-0.51735554764766 0.684130115314227 0.514110126955629
-0.73525926667091 -0.612366157285266 0.290519362842189
0.210785345243559 0.567384105598043 -0.796018099634212
-0.713492184172772 -0.696610073047935 0.0752549616471727
0.29637395472911 0.488209618598468 0.820861649284559
-0.495176830640111 -0.444121206520241 -0.746696899897288
-0.138228454329831 0.351832829600584 -0.925800493858603
0.552423605411632 -0.58133857988759 0.597388998658574
0.308511930817476 -0.583214861788337 0.75145246924372
-0.46355802883649 -0.22805978943182 0.856214159159694
0.431102500638046 0.221842775596988 0.87460643540912
-0.0252393776473873 0.072896022063029 -0.997020132085285
-0.972675681487519 -0.218645177871918 0.078078837312988
-0.561422619105943 0.797989383832347 -0.219129153804542
-0.724164950303473 0.500824336248247 -0.474088714243939
0.0149581164400146 -0.862628946819485 -0.505616015234558
-0.623050915762817 -0.76444393263493 0.165629194965013
-0.375030945727983 -0.744292692759506 0.552612139978102
0.801799512428045 -0.589906398809125 -0.0955404757901005
0.418909496258826 -0.873074205521128 0.249512055015041
0.404264561160432 -0.4783661765411 0.779574220796976
0.0941869453226179 0.506003290917769 -0.857373599378464
0.797864162441643 -0.0522209970820425 0.600571182920937
-0.818431051460899 -0.538233780120615 0.20118402506581
-0.550179312767661 -0.162677571054623 -0.819047453862274
0.760817093487361 0.277416847186222 0.586683256241987
-0.879894923027416 -0.473497076957561 -0.039817615991223
0.325399168422343 -0.446568109258051 0.833482036389349
0.953101114206228 0.052742098837231 -0.298021034675558
-0.761893273476589 -0.462502973656211 -0.453441990987039
-0.835678990843325 0.177598514101686 -0.519710873517146
-0.439732254477359 -0.0184837742297166 0.897938691928622
-0.112367426196208 -0.971978277523663 0.206474670485689
-0.69984114492467 0.147768609225147 0.69884677147297
-0.0364523676390388 -0.873118724732221 0.486142898143631
-0.705029745327612 -0.486524516673114 -0.51597185279749
0.737150051126541 0.148344001457286 0.659244916063657
-0.108512113595886 0.0614498301904022 -0.992194053384984
-0.770313501450813 -0.508189340740454 -0.385176197915151
-0.359182859005716 -0.0209121202376119 0.933032880998118
0.0798159725176542 -0.736134014041529 0.672113177896526
-0.419084820086725 0.819702191299255 -0.39045643950648
-0.530649871267531 0.729598443843945 -0.431389412091032
-0.846468222684495 -0.356811489835678 0.395192495761998
0.202533461110829 0.927987369826584 0.312761312461768
-0.367134960809445 -0.549910844890114 0.750206627019309
0.969102019088976 -0.0278280848297454 -0.245085442840611
0.607339124388774 -0.356028330722827 0.710199278871356
-0.563400248743966 0.242743365861935 -0.789718822141942
-0.487510358191136 -0.802387731778428 0.344249297091249
0.976484309329231 0.0616782393464938 0.206577318273163
0.0413988997639554 0.791305518355564 -0.610017792952276
0.367974775006569 0.87900907157165 -0.303212165081829
0.905252223434542 -0.401095466839255 0.140145775704508
-0.509526226656237 -0.157566353096828 0.845905354470122
0.625363108365382 0.446179922197064 0.640190955671673
-0.685586968607814 0.439816089391195 0.580114054292589
-0.0421889428165272 0.788117402385095 -0.614077399976416
0.147417465325519 0.252547067174067 0.956288695833416
0.132026910461752 0.896016689425284 0.423937480278967
0.319811949854766 -0.0503180102839096 -0.946143971376006
0.959199632689634 -0.0664839063117402 0.274801664568473
0.632798826138504 -0.198125210986819 0.74853994309533
-0.609274735877571 0.295242664581125 0.735945694485914
0.347896635206373 0.736615260567279 0.579970593316147
0.969478650926165 -0.245079303606368 -0.00687607025858787
0.985236618570182 0.143576825980862 -0.0932443052934356
0.515142947448021 0.0132370886103379 -0.857002055528274
-0.162516569419628 -0.301380348508325 0.93955215405909
-0.0027219606891848 -0.741876020424472 0.670531551270449
-0.734692616091885 -0.22233090628169 0.640933481706194
-0.287750962868028 0.178650622003298 -0.940894966840804
-0.131924119343979 -0.810997128777958 -0.569982178536508
0.39298458739236 -0.89762160701258 -0.199596003708015
0.506909700866311 -0.136462932904718 -0.851128910982743
0.70057851646174 -0.419053960196434 0.577566897178113
-0.57520305785792 0.141838879262978 0.80561974563706
0.336849550363328 0.918963715733899 0.205031874557516
-0.335124609146843 0.511411520002119 -0.791296248919011
0.626969019834739 -0.752417152901486 0.201936317157385
-0.382199945014563 0.90605059863401 -0.181646675570507
0.458361075324421 0.786477496899551 -0.413954431668581
-0.723848392585616 -0.619102979547343 -0.304557064056677
-0.425224399782132 -0.437341735896077 -0.792411771665043
-0.193783997849962 -0.661723790442137 -0.72427162538662
-0.249273927252714 0.71047503067224 0.658094020625692
-0.814071832148026 -0.554204335754965 -0.173622021453371
-0.278477655302963 -0.366370823799322 0.887819021515967
-0.818095250565891 -0.476199936095936 -0.322418643790581
0.771879831823586 0.589029072463412 0.239261942265972
0.634095882190349 0.294281919468269 -0.71506682489353
-0.48061248234859 -0.841433721510412 -0.246983671759623
0.452124679399359 -0.735193756657549 -0.505047932823992
-0.987786510755585 -0.00927790917987042 0.155536907422503
-0.994628295730617 -0.10232596692506 0.0156188932021692
0.587461604656016 0.80006367661991 0.121601712193583
0.908001728751948 -0.0729508571647436 0.412566398319597
-0.209405395015946 -0.780999767271353 0.588378062184773
0.542570943083082 0.83904329434121 -0.0402879875767524
0.455001376029147 -0.623138359670873 -0.636138611089027
0.613629318783511 0.704236387549514 0.357085661404228
0.175032708213591 -0.75167013384354 -0.63588958235141
-0.10154039368193 0.734151628097775 0.671350084093467
0.874855059534278 0.41085064762479 -0.256574297531077
-0.0895276623405853 0.286546209686963 -0.953874240867141
-0.710604529845586 -0.687261336017826 -0.150708520588339
0.852133859284276 -0.147003155362371 -0.502252882694357
0.609446099383182 0.376863221639348 0.697531048858928
-0.976499093290628 0.15566606001818 0.149055689462017
0.942128456515908 0.196318690152292 -0.271758980200914
-0.476827233031164 0.0581425026029132 0.877071969242498
-0.679054677755256 0.0714662486124963 0.730600656944655
-0.314272088337654 -0.94423345290058 0.0982661738104088
-0.08751688186327 0.828282789943404 -0.553433297943394
0.876505910999541 0.214456713065676 -0.430982257411985
-0.87663361558026 0.0376480109449608 -0.479683365676327
-0.944175006895292 0.329368397257414 0.00707214552720964
0.402443411415315 0.629392956194671 0.664758457863408
-0.96045253479202 0.242913335384171 -0.136103048842124
-0.958436417797508 0.244582166861156 0.146898593230103
0.744679351605994 -0.183142653630622 0.64180326558285
0.221793327497933 -0.910330734403465 0.349436222904613
0.0827583837624922 -0.916398005496534 -0.391619388487081
-0.281628461486436 -0.826283070651959 -0.487792678127454
-0.973789536148165 -0.0466082539142213 0.222624369635065
0.085503431291368 0.742954920328643 -0.663857778139913
0.567098506305905 0.293951422906935 -0.769410063046097
-0.529076004478201 0.214538018042913 0.821006711482678
-0.647159728447305 -0.626482654645438 0.434400471114403
0.652107359727033 0.753080310669659 -0.08732718403526
-0.0501790807707307 -0.449197799140304 -0.892022083303161
-0.903808077865273 0.309663774633692 -0.295363005579734
-0.739735993574362 0.498699919907199 0.451762160539265
-0.668502587844172 -0.37800582043768 -0.64048098313758
-0.2594241244803 -0.948573064283487 -0.181406354225715
0.23835323991341 -0.114334732194091 0.964424855567755
0.737432252855591 -0.43719970267643 -0.514830158817419
-0.231259736362844 0.956775160717244 0.176352562135852
0.610410691325293 0.740795790073695 0.28039326904344
0.0872391099724763 -0.8788389955837 -0.46907500203341
-0.381564510696458 0.550209211194588 0.742750528841011
0.235855628028728 -0.0570441266960477 -0.970112411185765
-0.920138148234477 -0.379532431513955 0.0964412857272854
0.651958105986515 0.363246956013335 -0.665584162210552
0.620534791745535 -0.369013252367744 -0.691929036686787
0.0926321161235934 -0.83605045506869 -0.540776226957049
0.305177487218395 -0.93225165309356 0.194354203966343
0.430821427341099 -0.330465597286163 0.839753170136367
-0.254037760143645 0.800361548067535 -0.543034261162349
-0.536318221670379 0.812694035577541 0.227796333686503
-0.7163409489828 -0.43295865234231 0.547176799738762
-0.354058325662623 -0.826086640609343 -0.438433078400513
0.475914485332288 0.0884030400762625 -0.875037316436378
-0.453878463315986 -0.298564579247513 -0.839555556563516
-0.787779710463093 -0.221266484203683 0.574842822648789
-0.298312133424575 0.320125005227926 -0.899182880219313
0.0324992118238725 -0.427489689891983 -0.903435867268332
0.797627511720848 0.0752614467485767 -0.598436351819741
-0.448567011594644 -0.0779802326918601 -0.890340788360487
0.618770918001912 -0.721197984926671 -0.311441836580733
0.121670853563225 0.869777770135706 -0.478207940096101
0.511527202140992 -0.500820600061483 -0.698225356188004
0.502764582320323 -0.431671280613756 -0.748924348821396
-0.768746524790734 -0.149315958578532 0.621879027734449
-0.834201641675022 -0.481653530902121 0.26854701114743
0.832134188300634 0.300344119343774 0.46620392816541
0.163995572716741 -0.218473240306451 -0.961964082177348
0.493705615823869 0.0124652625781213 0.869539753049182
-0.371777374324013 -0.499142081476882 -0.782712441730466
-0.604735843239916 -0.617848885625673 -0.50255080781153
0.983156337613878 0.182603603900778 -0.00771619414703101
0.905197385303958 -0.358009206615437 -0.229013321921375
-0.511958241569765 0.735448377875259 0.443863089667798
0.18271169401126 -0.941820794791459 0.282117045514659
0.881633965945223 0.282264812917839 -0.378217034888904
-0.445138440883195 0.783597558736008 0.433389702682294
-0.158761408154472 0.888719979432545 0.430083263378413
0.763797293375578 0.432577952197591 -0.479051155832736
-0.554456256170133 0.77454611506098 0.304395426440252
0.246637443121245 0.885127676923456 -0.394612426558896
-0.778342732550325 0.579351568895944 0.241938732541737
-0.715073729362748 0.223384637265519 0.662396305401083
-0.188930169940029 0.413652691162367 -0.890615990189129
0.937844107714788 -0.0253795307108465 0.346127590702549
0.41384557797659 0.296331781146601 -0.860766700721923
-0.176328463675073 0.694795776519672 0.697256840646554
-0.471654011546065 -0.632019984913205 -0.614892862263676
-0.633374196664727 0.624367278522859 -0.457168052809106
0.0681387697535401 0.522097420333489 0.850159627209849
-0.330657365314468 -0.622527555487769 -0.709313153284019
0.411094219471224 0.836776606501649 -0.361671748314587
-0.361933673034766 -0.363961907038477 0.858216608175627
0.839014305538844 -0.00232683339940139 0.544104384238449
-0.819532865231336 -0.147433200567683 0.553741215890677
-0.584653667169661 -0.804748218421048 0.102763779675603
0.589983108739914 0.307842275097811 0.746426865181172
-0.341080489956548 0.849025945061373 -0.4035084187271
0.648114756243751 -0.742933174140889 -0.167324718735899
-0.315692429790437 -0.557185210439914 -0.768038365604244
0.328139789075129 0.131457508350558 0.935437439021976
0.748481158363373 0.413781976534621 0.518228165454297
0.488166132415687 0.809567159006518 0.326028897830277
0.996410515490159 -0.0283594929653979 -0.0797610417395718
-0.171494901911131 0.63263758796148 0.755221279438531
-0.0517464987567348 -0.993197705967417 -0.104310194743749
-0.285271844964917 0.952289863012146 0.108461934680424
0.208158871945932 -0.766617671075139 0.607426728441815
0.0769766072593964 0.90546347355681 -0.417385313576399
-0.806382690880414 0.147396926064667 0.572731265110566
-0.441263939812507 0.887283790433492 0.134214792981694
-0.942418359626226 -0.190338668493614 -0.274988775617281
0.686553277938429 -0.615991814380898 -0.386262451149121
0.512336634452632 0.850242600965842 -0.120825049143752
-0.644897740062493 0.11675294424168 -0.755298387972057
-0.539442100868209 -0.628294184198041 -0.560578841835661
0.274959000409329 0.730824674465359 0.624734218117196
0.219305953417859 -0.33832106090111 0.915119532381553
-0.666248284974469 0.705404683563582 0.24190381389127
0.22598707098897 0.266663680621274 0.936920661093212
-0.874599220036507 -0.266363865992069 -0.405125283344909
0.791282341346424 -0.0729561653559117 -0.607082905549054
0.667273070981691 -0.698047361670514 0.259762448416814
0.403767366932664 0.887055167791357 -0.223841557122244
0.466814280412272 0.868607952366572 0.166146479615798
0.00797536722300623 -0.572868349420958 -0.81960859423835
-0.869012352088291 0.337577904708769 0.361743956646706
0.117827870532727 0.645139031982586 0.754925309112296
-0.523698628197857 0.648758963630919 -0.552133637747437
-0.0243820018048808 -0.0038046029685279 0.999695475124419
-0.165310533758336 0.567430241089366 0.806656896657927
0.871299646290399 -0.389857112570115 -0.298074417138938
0.290292086830439 -0.747032624006577 0.59805749137811
0.266322246838911 -0.955787733234995 0.124668640147329
-0.108942315462274 0.557070270593529 -0.823288701199385
0.787827792136707 -0.484876515701267 -0.379765894280147
-0.676561690239154 -0.73634271629643 0.00798019159757897
0.660937634676731 0.56484564205972 -0.494075746939749
-0.258126246535375 0.965713970084706 0.0277014229380929
-0.788669960361224 -0.115873831197272 -0.603798765208652
-0.89971034146143 -0.398778947025185 0.177472963791227
-0.385646461994588 0.554417995981679 -0.737494062405058
0.66298417488933 0.716731148355555 0.216213886749306
0.242566932760756 -0.814203777285612 -0.527478428170177
-0.479599689633199 -0.49696119039251 0.723196870117259
-0.707832972850655 -0.30675946935654 -0.63629482985916
0.532025324162693 0.678882473444496 -0.506031265535505
0.319737984492009 -0.103858559914394 0.941796698234548
0.97643257728749 -0.201245574181904 -0.0779720519411057
0.422387564173492 0.906410692126398 0.00289876362052976
-0.948788179513964 0.079552546378261 0.305732534708547
0.927660215613845 -0.367641498761775 0.0654694795723213
-0.629128686591459 0.439694055269517 0.640988481541091
0.205642214453512 -0.147182090013918 -0.967496104392049
0.49313705867919 0.294855340709281 -0.818459632121494
0.412894469256281 -0.90927467631271 -0.0523232288184781
0.770284453974377 0.00173798822952952 -0.637698078531142
-0.913448358896609 -0.273022518830598 0.301779389356677
-0.0093250004500871 -0.150640639091531 0.988544608108658
-0.0887643628297077 0.283227749530585 0.954936086755169
-0.748074054691784 0.656296347285092 0.0982868924996552
-0.265234918773929 -0.963585651478687 0.0339577697645333
0.610305070608179 0.561357594885428 -0.558932349622379
-0.750153349914612 0.101085337254786 -0.653491932776505
0.247249485869648 -0.76510021648212 -0.594549703957716
0.643078779064563 0.503114487874538 0.577343481826524
-0.165321820576739 0.848643540070496 0.502466752669079
0.0318689652163601 0.934965865310991 -0.353303268820582
0.903074174905659 0.13953574421155 -0.40618568500846
0.967182338986466 0.147998894708612 0.20653002279983
-0.713500902288925 -0.232777769843676 -0.660856241779931
0.209033774883778 -0.929661835872704 -0.303370650985938
0.92425984926332 0.360120996775401 0.126714634992315
-0.133932059916163 -0.856041979868357 -0.499253775178193
0.242288828725007 -0.229801818685754 -0.942596015058298
-0.0562888927307466 -0.919176583597622 -0.389802473980028
-0.922113436039753 -0.275975330404089 -0.271190759583202
0.95779073679516 0.246419314753956 -0.148035218193427
0.695873193982077 -0.716604258783583 0.0473163205502635
-0.123746604500073 0.208815042664015 -0.970094354087234
0.787674202731603 0.549010354032624 -0.279565701608954
0.0346611701373208 -0.68620867192239 0.72657846228967
0.457567436959882 -0.517657424393442 0.722954238942073
-0.744362340819845 -0.652116416951044 0.1437667705422
0.698217084619993 0.0157542159440427 0.715712726884709
0.256496064660008 0.500006728820122 -0.827165666567786
0.96325254598239 0.268463805918073 -0.00846862269949458
-0.121995702144368 0.989013327510284 0.0834846492796056
-0.409541312136821 0.408730007689053 -0.815607561556265
0.420932864482809 0.575955977916998 -0.700778306670499
-0.620133663604604 -0.0801580032011963 0.780390244548924
0.308182209557738 -0.191159180801497 -0.931923759385612
-0.4660095009542 0.858187513054964 0.215288962691899
0.923481993340942 0.0638234881060615 -0.378295612373465
0.595118178421628 -0.803510440460631 -0.0143291933787999
0.200889443074722 0.185653062928274 0.96186089009091
-0.388764535565662 -0.566770914021844 -0.72638341590737
0.404261712570183 -0.65869993648544 0.634576127366843
-0.796218016844039 0.136502245305345 -0.589409880032177
-0.637712017073016 -0.2375870675114 -0.732718068995162
0.275235793162231 0.92483920670687 0.262521808427729
-0.101149929576042 -0.993158951282967 0.0583437163135786
-0.7226501174512 -0.578662742653107 -0.378055866259142
-0.987485272253605 -0.144300600590208 -0.0636409754130841
0.951946670096473 0.276151069405589 0.132431582933927
-0.299542616377733 -0.048031288798941 -0.952873137552893
0.800241696565539 0.292177173081088 -0.523684758808439
0.567735199437102 0.822203877615543 0.0407127370005949
-0.784097786078766 -0.332029748188629 -0.524353800581414
0.911434561108692 0.22983596869538 0.341265978835368
0.715578646048825 0.500320388740111 -0.487469701550644
-0.137344613698199 -0.98599622889453 -0.0945933068132154
-0.153122159388462 0.974606609289095 0.163387764028482
-0.373989850476017 0.172235314107834 -0.911299395541938
0.14372933857218 -0.987597876684871 0.0631847386727094
0.669305468513391 -0.309486559240264 0.675461515904268
0.0570231981298304 0.998079268339055 0.0242101009255102
0.930733754364041 -0.238245410358758 0.277441530651782
-0.342886684747756 0.901918932738422 -0.262623228581704
0.436920022981785 0.888428592602109 -0.140696586186844
-0.876637757930643 0.432208669573238 -0.211428255718263
-0.616348845024675 -0.723456508684324 0.311006079167332
0.370926419573429 -0.720676293418186 0.585695544944182
0.686633691114197 0.100818139994423 0.71997908085927
0.0106323147867338 0.0743604871692765 0.997174744881871
0.836630409837648 -0.506868802249985 0.207686240855179
-0.634262744016247 -0.77099340637094 -0.0572707506980356
0.897992825044586 -0.237244219363971 -0.370572619801873
0.165819747934362 0.82818139068026 -0.535368466876688
0.0180277047968726 -0.999830510257792 -0.00373532025391265
0.451238769821548 -0.560184925382089 -0.694677207042666
0.0294239285597783 -0.565396788564091 0.824294063978094
-0.403537903248999 0.27640586888133 0.872213824867136
-0.547398916885688 -0.793870554497907 -0.264809305904383
0.4103677188548 0.883209567487317 0.227022455322758
-0.149426173802302 -0.980393687489211 0.128452466360566
0.520040146704045 -0.128102664410724 0.844480877928511
0.172548804375375 0.103368905780977 0.979562034496168
-0.371580512522584 0.481761669133474 0.793620574876422
-0.55784229452369 0.365391483181518 0.74518523768185
-0.552128166700402 0.321626492607484 -0.769227461021161
0.985675056791567 -0.0687671838593616 -0.15399921052718
0.756215986149369 -0.428711911849083 0.494311115524263
0.0714019387962072 -0.986654659532554 -0.146336413646234
0.780988256715484 -0.366329978829126 -0.50582575011911
-0.0617670706669752 0.995590004698359 -0.0706071634180507
0.60254431971847 -0.684584999333819 0.41022398937912
-0.33549220486503 0.777104645770084 -0.532497276985858
-0.312863193414929 -0.0908116891726343 0.945446909834617
-0.0280165616547949 0.710336705932 0.703304227542192
-0.947661089320206 0.154426503493616 0.279447517088947
0.0508124407018703 0.569990081262381 -0.820078900553125
-0.52992498973693 0.793778259677096 -0.298488826786391
-0.375004981801265 -0.0626221417156156 -0.924905255143024
0.755530060969479 -0.148201876571044 -0.638130496648042
-0.624495172606762 -0.155488063232027 -0.765394827251403
-0.838762210824562 0.0891040348915434 -0.537157727914939
0.351164990737728 0.428400133428936 0.832560192994021
0.264447990695368 0.161299733561319 -0.950815258696573
0.039673324540649 -0.140834094470701 -0.989237982062208
-0.22823584424205 -0.967674986577126 -0.107301070619442
0.491882477068898 -0.83835863456496 0.234960483066706
-0.67031629944238 -0.643902805874735 -0.368870214694162
0.102309436204459 -0.674755571774187 -0.730915656983222
0.277162680425444 -0.64932881584715 0.708204022503347
0.268314562627182 0.674163112320077 0.688121641477066
-0.737612852171764 0.072830175576869 0.671284623566247
-0.868594687590163 0.476517834570402 -0.135919174609335
-0.806304510845091 -0.361980473111849 0.467806768737456
-0.26054353871426 0.872205555902402 -0.41397407248188
-0.725147506315967 0.678409306723734 -0.117991129473184
0.373052516203671 0.820819856018322 -0.432535066925412
-0.0484926326050206 0.870446825599919 -0.489868133670744
0.765899533440663 -0.619921223851275 -0.170574267971791
0.252005057184998 0.624234062282472 -0.73947635975703
0.652349352170949 0.00471057795237319 -0.757903775671752
0.242135396287945 0.93534785653447 -0.25786592861573
-0.00914968224223579 -0.630612375223804 0.776044016489695
-0.206028638983393 -0.898615128635913 -0.387353908596922
0.972654151632346 -0.110844838598328 0.204101256900766
0.812213392445162 0.43146754554453 0.392613247706316
0.853635442241826 -0.517628639928539 0.0580269150854459
0.0587668279012844 -0.974738709977143 0.215478321903888
0.918976753886651 -0.0821903788894759 -0.385650706512977
-0.967523203422894 -0.177029545089355 0.180442209595641
0.552825102071849 0.720803510713035 0.418122835376177
-0.262274427402 0.933140775758924 0.24588700117531
-0.662228191495463 0.748972786723532 0.0222168210200409
-0.270358463173329 0.034803379920759 -0.96213046211865
-0.862094602942555 0.285617513988711 0.418587543149849
-0.890929078879846 0.262756848270143 -0.37041087334668
0.396317540884179 0.0910502045064026 -0.913587580392192
0.0543766311260318 0.792806913719202 0.607042321050532
-0.230212475125716 0.601422469883367 -0.765044592828341
0.689100877171887 -0.504660341080964 -0.520055690499567
0.204565327152831 0.77372698479097 0.599582838257675
0.336175284578403 0.492031553184575 -0.803051137045086
0.327837152163655 0.354813620111292 0.875574152567756
-0.486075678179702 0.367083756890914 -0.793082562227285
0.556275704281339 -0.826939229763353 -0.0820295745733979
0.59484935149456 -0.605145092948617 0.529106478420659
-0.0747150015977901 0.0653881724689786 0.99505882008925
-0.719842521913876 -0.655424901123519 -0.228571526292967
0.0127250460473793 -0.902797589629351 -0.429877407364618
-0.0811046415842333 -0.83406133839615 0.545677304738173
0.0268167965939937 0.976526527291863 -0.213721316006921
-0.781402936507728 0.623567884934991 0.0239278852972996
-0.246984945356803 -0.299871305658646 0.921453003039046
0.168565417121547 0.33057161945432 0.928605462272319
0.574655461588066 -0.510477675309472 0.639674638763836
0.490913726969615 -0.711567167050914 0.502668757183036
0.0745241711675203 -0.141487111393693 0.98713096660031
-0.887626647299507 -0.314621751010206 -0.336351139131577
0.487621813756665 0.731881708860982 0.475998036743209
0.696568866609891 -0.150757084204468 0.701472818883226
0.00337230195405839 -0.833899010955185 0.551906755808892
-0.236056084103915 0.857709135683101 0.456741243729174
-0.894380442813583 -0.359813631005931 -0.265740050528532
-0.634392514285028 0.506433552654322 0.584013008900524
0.37513650199144 -0.826531473006099 -0.419664543420092
0.712308367381854 0.15036872158861 -0.685569863198204
0.178479494097344 -0.983810445516983 -0.0161888071960421
0.000516266250179515 0.299944189178228 0.953956611616783
0.582700887497044 0.154157941073711 -0.797931704417158
0.195088137625515 0.370056438797353 -0.908294473539517
0.217701252298213 -0.445186335532557 -0.868570832691775
-0.34122281758611 0.902413445958116 0.263091165402024
-0.867471772989439 0.00294126114455999 0.497477710103115
-0.660844486320952 0.740909619609135 -0.119739302110226
-0.695657269873841 -0.293854718124593 0.655522972524678
-0.109240811846048 -0.0101731107141219 0.993963255279396
-0.180649785451167 -0.596934480064095 -0.781687201844226
0.890828516397498 -0.446015923593214 -0.0865699155268421
0.749362578275326 0.558882114256422 -0.355114782351885
0.589648123537743 0.770442234954054 -0.242350681879425
-0.875099510005783 0.483734384457086 0.0142089014903316
0.0538389918582057 -0.932799087476722 0.356352669918842
-0.789378076984906 -0.613689766778994 -0.0163438589799058
0.750647558538337 -0.0178339055310727 0.66046210691753
0.707308591306699 0.563864982103557 -0.426345914277465
0.548403318586467 -0.0639210854707089 -0.833767290672641
-0.688802001423645 -0.43491162349307 -0.580003174633901
-0.955154625950395 -0.104264968495307 -0.277143386841961
-0.750798930551741 -0.293816640815171 0.591584945263528
-0.239560741547774 -0.544365872022117 -0.803913209548568
0.375941690206402 -0.293713728661585 0.878862953571524
-0.431165207410291 -0.160136311151761 0.887948717984067
0.333841339516354 0.613008268489982 -0.716080179025255
0.143747265303966 0.439254079093675 -0.886787786179534
-0.353041114931901 -0.862068918895592 -0.363592010695815
-0.841284868692029 0.462113252912146 -0.280519359746864
-0.0583682835282206 -0.840072182661714 -0.539325385454786
-0.969755622332861 0.106018430453671 0.21985023392743
0.893629476161452 0.181350205241691 0.410534362013957
0.27853621821539 0.199648787145145 0.93944554761505
-0.935756299603576 -0.0596251719869553 -0.347570117555793
-0.977363062877534 0.201621885084944 -0.0641097401136494
-0.130048004621439 0.349524880406278 0.927857680073275
0.636156725195247 -0.568519772847937 -0.521622362317596
0.864337553733555 0.144238309713562 -0.481784083606825
-0.273758773089745 -0.416826996739833 -0.86678220386972
-0.39360040691836 -0.907693510074257 -0.145503303889556
-0.0715318041278952 0.496040291880201 -0.865348039709812
-0.575168245127646 0.682483510091462 0.45099639494127
-0.548310193828279 -0.677136147043019 -0.490757139236639
-0.196651229744472 -0.961033678560566 0.194274451517266
0.935494106114344 -0.32477039107472 0.139194003126927
-0.739577354004484 0.552273892689294 0.384732224927339
0.171152211503379 -0.817277268533194 0.550240662652647
0.875891513402911 -0.386760304658027 0.288497007765399
0.639619921531457 -0.145654431859808 -0.754765620878223
-0.243618702555094 0.710507787281007 -0.660173168175154
0.939668175961484 0.258798735882867 -0.223711719386014
-0.525192708160829 -0.302737167176469 -0.795313037051865
-0.224821438753478 0.972889340106383 -0.054237003827497
0.52644887568712 -0.85020676191311 0.0002080504529533
-0.202764491304898 -0.920374267058901 0.334361734655234
0.251328638570593 0.117272634621756 0.960771067738368
-0.131074689399605 -0.570666451278162 0.810653580257551
0.831226103887323 -0.464442894443536 -0.305542078963295
-0.56385757794818 0.670060716635345 -0.482786979746285
0.760792926835835 0.363835553869403 -0.53741772599823
-0.794821637638014 -0.0328040875335213 -0.605955820323164
-0.378659037356285 0.801260577489194 -0.463248119683281
0.357075609459243 -0.624248973350055 0.69484547087875
0.686638850597091 -0.485673869030446 0.540969483235148
-0.744143157175512 -0.066808065097883 -0.664671079607605
0.021037911011336 -0.938051265156826 -0.345857239678393
0.603506789793899 0.429891734382835 -0.671544973461928
-0.251772523241904 -0.728655716225145 0.636923420634558
0.447560787673779 0.890242384550633 0.0846040075080973
-0.578119196808241 -0.511444920810709 -0.635769051825207
0.167188068463655 -0.955526749009282 -0.242933698138287
0.927366254550878 0.144369191064497 0.345180194379195
-0.344231920996227 -0.938754667125968 0.0156224043111383
0.421213572845952 -0.00577767544877786 0.906943076778668
-0.738851376820883 0.57774113151631 -0.346862837335075
0.891599172488455 -0.155104248215183 -0.425433411715048
-0.651300470658047 -0.746308974967505 -0.13722467272163
0.54491438154358 -0.291033316293536 -0.786363736189662
0.46733296442787 0.426635801318935 -0.774326670980672
-0.788104700443181 0.216608503607239 -0.576169885801399
-0.830774990665025 0.556341625831414 0.0172310839121074
-0.503412813908937 -0.230456374605675 -0.832745698395311
-0.221596368381549 -0.0343719914745318 -0.974532511372598
0.252838571982426 -0.258548754890303 0.932322475253365
-0.691839809102121 -0.622649392564924 0.365602806991513
-0.961715051105378 -0.124513830497192 0.244132067726257
0.800921959083696 0.383385356457144 0.459934434361859
-0.132908535728078 0.862093199802842 -0.489009852645441
-0.681156043997867 -0.178649825647657 -0.710007523566644
-0.834880226938663 -0.082360541503533 -0.544235011617309
-0.825433278610448 0.359460945678445 0.435255937460208
0.872574586391559 -0.125189600072191 0.472166448635823
0.150864102173932 -0.923360684340379 -0.353051085948931
-0.678732587361115 0.37038180460243 0.634144615741183
0.859678650131046 0.440635023277823 0.258444181149074
0.86778696922275 -0.218741983550023 0.446203676228463
0.371646094827513 0.92612363861872 0.0646079421672121
0.361509456721342 -0.86704974709688 -0.342834725137751
0.843688080140142 0.288953356059375 -0.452433842071375
0.656987104298429 0.554308596271679 0.510989163177543
0.335931689713669 -0.9410327395069 -0.0400909344148866
-0.240199430312436 0.469196177445189 -0.849799494438779
0.609600779330212 0.498630292325509 -0.616242420980068
-0.387993211606299 0.730833241606557 0.561555020198628
0.047115486375027 0.689932712267727 -0.722338551848468
0.0597792937522163 0.00661971068807647 0.998189669085436
0.831022101030071 -0.413806729952537 -0.371707220599162
-0.860924511833017 0.218611092194973 0.459367146511809
-0.0194681783531526 0.817312629962779 0.57586548336824
0.0977148456145979 -0.787838558793488 -0.608080762912884
-0.0179213899900904 0.98958767760505 -0.142811246451623
0.225493784325399 -0.952470754303756 0.204821911490553
-0.0964365467581698 0.995296019664364 0.00926421554331303
-0.161942736888683 0.725843335855641 -0.668525243923487
0.906818154394945 -0.00722056140266566 -0.421460197827477
0.00836881424661987 -0.504207838049712 -0.863541787638179
-0.599844570024271 0.749191078634373 -0.280890048786108
0.69658865191542 -0.574919087163087 0.429222894587674
-0.669286769783143 0.297447197776571 0.680867376460432
-0.447125576225026 0.156189970617064 -0.880728909576653
-0.912674011374985 0.408564046659413 0.0100781316710209
-0.12653323685128 0.135608890226551 0.982649260348504
0.333644497049748 -0.238899007572232 0.91192577207217
0.459289115306519 -0.208131525498709 -0.863559364869917
0.662251173076068 0.432896763556968 -0.611574832593097
-0.835085529035537 -0.218763124331683 0.504752270552671
0.151204910155286 -0.614806273178003 0.77404800988434
-0.753343305875463 0.599677550463421 -0.269927210489829
0.134234425263817 -0.421397136891903 -0.896886599349884
-0.049834401653968 -0.970656500076735 -0.235249848609037
0.183215469868915 -0.291792205092495 -0.938770153257959
0.141235894419582 0.0209401811588762 0.98975448013158
0.121600881590903 0.171557831890051 0.977640596494182
-0.620982246129176 0.536080734247402 -0.571837823478939
-0.575180657870548 0.50510773162259 0.643454264316187
0.611112980959383 0.22393686863115 -0.759205639712069
0.893711121233927 -0.444147186710903 0.0633538342927069
0.191877394192928 0.0158111137487627 -0.981291533785834
0.0116760803198611 0.503085973301185 -0.864157492946722
-0.298876313967563 -0.23072729406519 0.925979408368522
0.227341514541706 -0.895734202107697 -0.382068154836764
0.67568897510499 0.22316520366249 -0.702596399646232
0.552814539318363 0.759552631772516 0.342747552413828
-0.524778707716687 -0.0815448749219767 -0.847323870371397
-0.279334689223414 -0.781529651795209 -0.557838269358887
-0.40105673665162 0.0519891262921641 0.914576746224028
0.940028233356495 -0.010906099939284 -0.340922245500029
-0.480314012394074 0.622501657289566 -0.617891686438367
0.138562957318156 -0.924552109998231 0.354970002615806
-0.213716394717904 -0.231111207136085 0.949164323268043
0.599073880226956 0.625039066275361 -0.500436461161098
0.41530293648974 -0.865546016417737 -0.279917067015188
-0.490789214459196 0.359423338932681 0.793688106500916
-0.465467107741802 0.0731123138432618 -0.882040226506119
0.298629667644772 -0.827687212205877 0.475135980907821
-0.0936990698565295 0.900709239744605 -0.424197300494378
0.442564276261224 0.361702897441834 -0.820553395800396
-0.262541768598384 0.53062672705729 -0.805920030942091
-0.433912489750197 0.591201510646729 -0.679853458509855
0.796846266448335 0.589467785922495 -0.132528325300599
-0.0241711791451608 0.76663690673253 0.641625753328458
0.958437753203331 -0.197980870210725 0.20542796368838
-0.988636468403135 0.0686500481268011 -0.133735201931147
-0.775727007682698 0.617537822376909 -0.129979411775991
0.7557413534663 -0.653149778613437 0.0474381002796709
0.593375545148337 -0.434709397594405 0.677446087938386
-0.486456535784735 0.822797861766748 0.293877044806807
-0.0870673448589779 0.971183587379952 0.221859678767944
-0.20743378457905 -0.821242592164656 -0.53153723277856
-0.625806123580402 -0.683296431736178 0.376128544603938
0.128082119801603 0.760945479702296 0.636047912902614
-0.932840688122212 0.110182007814728 -0.343027951831325
0.308154047698281 0.430436157362326 -0.848390120948093
0.186937290002469 -0.545361314478801 0.817089643966002
0.493005176411696 -0.865935416604348 0.0842718832204872
0.403396055314143 0.364998549349969 0.839075492151575
-0.054332332740008 -0.948074433416422 -0.313373365685663
0.666122310188043 0.601184491670108 0.441427542010122
0.0921193131129945 0.089249019492389 0.991740210272447
0.0880175086836774 -0.20745417516956 -0.974277005460889
-0.476351528582117 0.284815060450533 0.831847102872902
0.365837207236504 -0.923031982089732 -0.119059219890341
0.956060109043121 -0.199743571427525 -0.214596303718942
0.611587007403925 0.663330709200758 0.43122349496048
0.315744727894224 -0.602531555053161 -0.732980894684317
